Selection	View	Channel	Begin Time (s)	End Time (s)	Low Freq (Hz)	High Freq (Hz)	Center Freq (Hz)	Peak Freq (Hz)
1	Spectrogram 1	1	25.031149116	25.032149116	2117.647	7122.995	4687.500	4687.500
2	Spectrogram 1	1	25.032149116	25.033149116	2117.647	7122.995	4687.500	4687.500
3	Spectrogram 1	1	25.033149116	25.034149116	2117.647	7122.995	4875.000	5062.500
4	Spectrogram 1	1	25.034149116	25.035149116	2117.647	7122.995	4875.000	5062.500
5	Spectrogram 1	1	25.035149116	25.036149116	2117.647	7122.995	4875.000	5062.500
6	Spectrogram 1	1	25.036149116	25.037149116	2117.647	7122.995	5625.000	5812.500
7	Spectrogram 1	1	25.037149116	25.038149116	2117.647	7122.995	5625.000	5812.500
8	Spectrogram 1	1	25.038149116	25.039149116	2117.647	7122.995	5625.000	5812.500
9	Spectrogram 1	1	25.039149116	25.040149116	2117.647	7122.995	6187.500	6187.500
10	Spectrogram 1	1	25.040149116	25.041149116	2117.647	7122.995	6187.500	6187.500
11	Spectrogram 1	1	25.041149116	25.042149116	2117.647	7122.995	5812.500	6375.000
12	Spectrogram 1	1	25.042149116	25.043149116	2117.647	7122.995	5812.500	6375.000
13	Spectrogram 1	1	25.043149116	25.044149116	2117.647	7122.995	5812.500	6375.000
14	Spectrogram 1	1	25.044149116	25.045149116	2117.647	7122.995	3562.500	3375.000
15	Spectrogram 1	1	25.045149116	25.046149116	2117.647	7122.995	3562.500	3375.000
16	Spectrogram 1	1	25.046149116	25.047149116	2117.647	7122.995	3562.500	3375.000
17	Spectrogram 1	1	25.047149116	25.048149116	2117.647	7122.995	3375.000	3375.000
18	Spectrogram 1	1	25.048149116	25.049149116	2117.647	7122.995	3375.000	3375.000
19	Spectrogram 1	1	25.049149116	25.050149116	2117.647	7122.995	3375.000	3375.000
20	Spectrogram 1	1	25.050149116	25.051149116	2117.647	7122.995	3375.000	3375.000
21	Spectrogram 1	1	25.051149116	25.052149116	2117.647	7122.995	3375.000	3375.000
22	Spectrogram 1	1	25.052149116	25.053149116	2117.647	7122.995	3562.500	3375.000
23	Spectrogram 1	1	25.053149116	25.054149116	2117.647	7122.995	3562.500	3375.000
24	Spectrogram 1	1	25.054149116	25.055149116	2117.647	7122.995	3562.500	3375.000
25	Spectrogram 1	1	25.055149116	25.056149116	2117.647	7122.995	3375.000	3375.000
26	Spectrogram 1	1	25.056149116	25.057149116	2117.647	7122.995	3375.000	3375.000
27	Spectrogram 1	1	25.057149116	25.058149116	2117.647	7122.995	3562.500	3562.500
28	Spectrogram 1	1	25.058149116	25.059149116	2117.647	7122.995	3562.500	3562.500
29	Spectrogram 1	1	25.059149116	25.060149116	2117.647	7122.995	3562.500	3562.500
30	Spectrogram 1	1	25.060149116	25.061149116	2117.647	7122.995	3562.500	3562.500
31	Spectrogram 1	1	25.061149116	25.062149116	2117.647	7122.995	3562.500	3562.500
32	Spectrogram 1	1	25.062149116	25.063149116	2117.647	7122.995	3562.500	3562.500
33	Spectrogram 1	1	25.063149116	25.064149116	2117.647	7122.995	3375.000	3375.000
34	Spectrogram 1	1	25.064149116	25.065149116	2117.647	7122.995	3375.000	3375.000
35	Spectrogram 1	1	25.065149116	25.066149116	2117.647	7122.995	3375.000	3375.000
36	Spectrogram 1	1	25.066149116	25.067149116	2117.647	7122.995	3375.000	3375.000
37	Spectrogram 1	1	25.067149116	25.068149116	2117.647	7122.995	3375.000	3375.000
38	Spectrogram 1	1	25.068149116	25.069149116	2117.647	7122.995	3375.000	3375.000
39	Spectrogram 1	1	25.069149116	25.070149116	2117.647	7122.995	3375.000	3375.000
40	Spectrogram 1	1	25.070149116	25.071149116	2117.647	7122.995	3375.000	3375.000
41	Spectrogram 1	1	25.071149116	25.072149116	2117.647	7122.995	3375.000	3375.000
42	Spectrogram 1	1	25.072149116	25.073149116	2117.647	7122.995	3375.000	3375.000
43	Spectrogram 1	1	25.073149116	25.074149116	2117.647	7122.995	3375.000	3375.000
44	Spectrogram 1	1	25.074149116	25.075149116	2117.647	7122.995	3375.000	3375.000
45	Spectrogram 1	1	25.075149116	25.076149116	2117.647	7122.995	3375.000	3375.000
46	Spectrogram 1	1	25.076149116	25.077149116	2117.647	7122.995	3375.000	3375.000
47	Spectrogram 1	1	25.077149116	25.078149116	2117.647	7122.995	3375.000	3375.000
48	Spectrogram 1	1	25.078149116	25.079149116	2117.647	7122.995	3375.000	3375.000
49	Spectrogram 1	1	25.079149116	25.080149116	2117.647	7122.995	3375.000	3375.000
50	Spectrogram 1	1	25.080149116	25.081149116	2117.647	7122.995	3375.000	3375.000
51	Spectrogram 1	1	25.081149116	25.082149116	2117.647	7122.995	3375.000	3375.000
52	Spectrogram 1	1	25.082149116	25.083149116	2117.647	7122.995	3375.000	3375.000
53	Spectrogram 1	1	25.083149116	25.084149116	2117.647	7122.995	3375.000	3375.000
54	Spectrogram 1	1	25.084149116	25.085149116	2117.647	7122.995	3375.000	3375.000
55	Spectrogram 1	1	25.085149116	25.086149116	2117.647	7122.995	3375.000	3375.000
56	Spectrogram 1	1	25.086149116	25.087149116	2117.647	7122.995	3375.000	3375.000
57	Spectrogram 1	1	25.087149116	25.088149116	2117.647	7122.995	3562.500	3562.500
58	Spectrogram 1	1	25.088149116	25.089149116	2117.647	7122.995	3562.500	3562.500
59	Spectrogram 1	1	25.089149116	25.090149116	2117.647	7122.995	3375.000	3375.000
60	Spectrogram 1	1	25.090149116	25.091149116	2117.647	7122.995	3375.000	3375.000
61	Spectrogram 1	1	25.091149116	25.092149116	2117.647	7122.995	3375.000	3375.000
62	Spectrogram 1	1	25.092149116	25.093149116	2117.647	7122.995	3562.500	3562.500
63	Spectrogram 1	1	25.093149116	25.094149116	2117.647	7122.995	3562.500	3562.500
64	Spectrogram 1	1	25.094149116	25.095149116	2117.647	7122.995	3562.500	3562.500
65	Spectrogram 1	1	25.095149116	25.096149116	2117.647	7122.995	3562.500	3562.500
66	Spectrogram 1	1	25.096149116	25.097149116	2117.647	7122.995	3562.500	3562.500
67	Spectrogram 1	1	25.097149116	25.098149116	2117.647	7122.995	3562.500	3562.500
68	Spectrogram 1	1	25.098149116	25.099149116	2117.647	7122.995	3562.500	3562.500
69	Spectrogram 1	1	25.099149116	25.100149116	2117.647	7122.995	3562.500	3562.500
70	Spectrogram 1	1	25.100149116	25.101149116	2117.647	7122.995	3562.500	3562.500
71	Spectrogram 1	1	25.101149116	25.102149116	2117.647	7122.995	3562.500	3562.500
72	Spectrogram 1	1	25.102149116	25.103149116	2117.647	7122.995	3562.500	3562.500
73	Spectrogram 1	1	25.103149116	25.104149116	2117.647	7122.995	3750.000	3750.000
74	Spectrogram 1	1	25.104149116	25.105149116	2117.647	7122.995	3750.000	3750.000
75	Spectrogram 1	1	25.105149116	25.106149116	2117.647	7122.995	3750.000	3750.000
76	Spectrogram 1	1	25.106149116	25.107149116	2117.647	7122.995	3750.000	3750.000
77	Spectrogram 1	1	25.107149116	25.108149116	2117.647	7122.995	3750.000	3750.000
78	Spectrogram 1	1	25.108149116	25.109149116	2117.647	7122.995	3750.000	3750.000
79	Spectrogram 1	1	25.109149116	25.110149116	2117.647	7122.995	3750.000	3750.000
80	Spectrogram 1	1	25.110149116	25.111149116	2117.647	7122.995	3750.000	3750.000
81	Spectrogram 1	1	25.111149116	25.112149116	2117.647	7122.995	3937.500	3937.500
82	Spectrogram 1	1	25.112149116	25.113149116	2117.647	7122.995	3937.500	3937.500
83	Spectrogram 1	1	25.113149116	25.114149116	2117.647	7122.995	4125.000	4125.000
84	Spectrogram 1	1	25.114149116	25.115149116	2117.647	7122.995	4125.000	4125.000
85	Spectrogram 1	1	25.115149116	25.116149116	2117.647	7122.995	4125.000	4125.000
86	Spectrogram 1	1	25.116149116	25.117149116	2117.647	7122.995	4125.000	4125.000
87	Spectrogram 1	1	25.117149116	25.118149116	2117.647	7122.995	4125.000	4125.000
88	Spectrogram 1	1	25.118149116	25.119149116	2117.647	7122.995	4125.000	4125.000
89	Spectrogram 1	1	25.119149116	25.120149116	2117.647	7122.995	4125.000	4125.000
90	Spectrogram 1	1	25.120149116	25.121149116	2117.647	7122.995	4125.000	4125.000
91	Spectrogram 1	1	25.121149116	25.122149116	2117.647	7122.995	4312.500	4312.500
92	Spectrogram 1	1	25.122149116	25.123149116	2117.647	7122.995	4312.500	4312.500
93	Spectrogram 1	1	25.123149116	25.124149116	2117.647	7122.995	4312.500	4312.500
94	Spectrogram 1	1	25.124149116	25.125149116	2117.647	7122.995	4312.500	4500.000
95	Spectrogram 1	1	25.125149116	25.126149116	2117.647	7122.995	4312.500	4500.000
96	Spectrogram 1	1	25.126149116	25.127149116	2117.647	7122.995	4312.500	4500.000
97	Spectrogram 1	1	25.127149116	25.128149116	2117.647	7122.995	4500.000	4500.000
98	Spectrogram 1	1	25.128149116	25.129149116	2117.647	7122.995	4500.000	4500.000
99	Spectrogram 1	1	25.129149116	25.130149116	2117.647	7122.995	4500.000	4500.000
100	Spectrogram 1	1	25.130149116	25.131149116	2117.647	7122.995	4500.000	4500.000
101	Spectrogram 1	1	25.131149116	25.132149116	2117.647	7122.995	4500.000	4500.000
102	Spectrogram 1	1	25.132149116	25.133149116	2117.647	7122.995	4687.500	4687.500
103	Spectrogram 1	1	25.133149116	25.134149116	2117.647	7122.995	4687.500	4687.500
104	Spectrogram 1	1	25.134149116	25.135149116	2117.647	7122.995	4687.500	4687.500
105	Spectrogram 1	1	25.135149116	25.136149116	2117.647	7122.995	4687.500	4687.500
106	Spectrogram 1	1	25.136149116	25.137149116	2117.647	7122.995	4687.500	4687.500
107	Spectrogram 1	1	25.137149116	25.138149116	2117.647	7122.995	4687.500	4687.500
108	Spectrogram 1	1	25.138149116	25.139149116	2117.647	7122.995	4687.500	4687.500
109	Spectrogram 1	1	25.139149116	25.140149116	2117.647	7122.995	4687.500	4687.500
110	Spectrogram 1	1	25.140149116	25.141149116	2117.647	7122.995	4875.000	4875.000
111	Spectrogram 1	1	25.141149116	25.142149116	2117.647	7122.995	4875.000	4875.000
112	Spectrogram 1	1	25.142149116	25.143149116	2117.647	7122.995	4875.000	4875.000
113	Spectrogram 1	1	25.143149116	25.144149116	2117.647	7122.995	5062.500	5062.500
114	Spectrogram 1	1	25.144149116	25.145149116	2117.647	7122.995	5062.500	5062.500
115	Spectrogram 1	1	25.145149116	25.146149116	2117.647	7122.995	5062.500	5062.500
116	Spectrogram 1	1	25.146149116	25.147149116	2117.647	7122.995	5062.500	5062.500
117	Spectrogram 1	1	25.147149116	25.148149116	2117.647	7122.995	5062.500	5062.500
118	Spectrogram 1	1	25.148149116	25.149149116	2117.647	7122.995	5062.500	5062.500
119	Spectrogram 1	1	25.149149116	25.150149116	2117.647	7122.995	5062.500	5062.500
120	Spectrogram 1	1	25.150149116	25.151149116	2117.647	7122.995	5062.500	5062.500
121	Spectrogram 1	1	25.151149116	25.152149116	2117.647	7122.995	4875.000	4875.000
122	Spectrogram 1	1	25.152149116	25.153149116	2117.647	7122.995	4875.000	4875.000
123	Spectrogram 1	1	25.153149116	25.154149116	2117.647	7122.995	4687.500	4687.500
124	Spectrogram 1	1	25.154149116	25.155149116	2117.647	7122.995	4687.500	4687.500
125	Spectrogram 1	1	25.155149116	25.156149116	2117.647	7122.995	4687.500	4687.500
126	Spectrogram 1	1	25.156149116	25.157149116	2117.647	7122.995	4687.500	4687.500
127	Spectrogram 1	1	25.157149116	25.158149116	2117.647	7122.995	4687.500	4687.500
128	Spectrogram 1	1	25.158149116	25.159149116	2117.647	7122.995	4687.500	4687.500
129	Spectrogram 1	1	25.159149116	25.160149116	2117.647	7122.995	4500.000	4500.000
130	Spectrogram 1	1	25.160149116	25.161149116	2117.647	7122.995	4500.000	4500.000
131	Spectrogram 1	1	25.161149116	25.162149116	2117.647	7122.995	4500.000	4500.000
132	Spectrogram 1	1	25.162149116	25.163149116	2117.647	7122.995	4500.000	4500.000
133	Spectrogram 1	1	25.163149116	25.164149116	2117.647	7122.995	4500.000	4500.000
134	Spectrogram 1	1	25.164149116	25.165149116	2117.647	7122.995	4500.000	4500.000
135	Spectrogram 1	1	25.165149116	25.166149116	2117.647	7122.995	4500.000	4500.000
136	Spectrogram 1	1	25.166149116	25.167149116	2117.647	7122.995	4500.000	4500.000
137	Spectrogram 1	1	25.167149116	25.168149116	2117.647	7122.995	4687.500	4875.000
138	Spectrogram 1	1	25.168149116	25.169149116	2117.647	7122.995	4687.500	4875.000
139	Spectrogram 1	1	25.169149116	25.170149116	2117.647	7122.995	4500.000	4312.500
140	Spectrogram 1	1	25.170149116	25.171149116	2117.647	7122.995	4500.000	4312.500
141	Spectrogram 1	1	25.171149116	25.172149116	2117.647	7122.995	4500.000	4312.500
142	Spectrogram 1	1	25.172149116	25.173149116	2117.647	7122.995	4500.000	4875.000
143	Spectrogram 1	1	25.173149116	25.174149116	2117.647	7122.995	4500.000	4875.000
144	Spectrogram 1	1	25.174149116	25.175149116	2117.647	7122.995	4500.000	4875.000
145	Spectrogram 1	1	25.175149116	25.176149116	2117.647	7122.995	4875.000	5062.500
146	Spectrogram 1	1	25.176149116	25.177149116	2117.647	7122.995	4875.000	5062.500
147	Spectrogram 1	1	25.177149116	25.178149116	2117.647	7122.995	6750.000	6750.000
148	Spectrogram 1	1	25.178149116	25.179149116	2117.647	7122.995	6750.000	6750.000
149	Spectrogram 1	1	25.179149116	25.180149116	2117.647	7122.995	6750.000	6750.000
150	Spectrogram 1	1	25.180149116	25.181149116	2117.647	7122.995	6937.500	6937.500
151	Spectrogram 1	1	25.181149116	25.182149116	2117.647	7122.995	6937.500	6937.500
152	Spectrogram 1	1	25.182149116	25.183149116	2117.647	7122.995	6937.500	6937.500
153	Spectrogram 1	1	25.183149116	25.184149116	2117.647	7122.995	6562.500	6562.500
154	Spectrogram 1	1	25.184149116	25.185149116	2117.647	7122.995	6562.500	6562.500
155	Spectrogram 1	1	25.185149116	25.186149116	2117.647	7122.995	6000.000	6000.000
156	Spectrogram 1	1	25.186149116	25.187149116	2117.647	7122.995	6000.000	6000.000
157	Spectrogram 1	1	25.187149116	25.188149116	2117.647	7122.995	6000.000	6000.000
158	Spectrogram 1	1	25.188149116	25.189149116	2117.647	7122.995	5437.500	5437.500
159	Spectrogram 1	1	25.189149116	25.190149116	2117.647	7122.995	5437.500	5437.500
160	Spectrogram 1	1	25.190149116	25.191149116	2117.647	7122.995	5437.500	5437.500
161	Spectrogram 1	1	25.191149116	25.192149116	2117.647	7122.995	4875.000	4875.000
162	Spectrogram 1	1	25.192149116	25.193149116	2117.647	7122.995	4875.000	4875.000
163	Spectrogram 1	1	25.193149116	25.194149116	2117.647	7122.995	4687.500	4687.500
164	Spectrogram 1	1	25.194149116	25.195149116	2117.647	7122.995	4687.500	4687.500
165	Spectrogram 1	1	25.195149116	25.196149116	2117.647	7122.995	4687.500	4687.500
166	Spectrogram 1	1	25.196149116	25.197149116	2117.647	7122.995	4312.500	4312.500
167	Spectrogram 1	1	25.197149116	25.198149116	2117.647	7122.995	4312.500	4312.500
168	Spectrogram 1	1	25.198149116	25.199149116	2117.647	7122.995	4312.500	4312.500
169	Spectrogram 1	1	25.199149116	25.200149116	2117.647	7122.995	4312.500	4312.500
170	Spectrogram 1	1	25.200149116	25.201149116	2117.647	7122.995	4312.500	4312.500
171	Spectrogram 1	1	25.201149116	25.202149116	2117.647	7122.995	4125.000	4125.000
172	Spectrogram 1	1	25.202149116	25.203149116	2117.647	7122.995	4125.000	4125.000
173	Spectrogram 1	1	25.203149116	25.204149116	2117.647	7122.995	4125.000	4125.000
174	Spectrogram 1	1	25.204149116	25.205149116	2117.647	7122.995	4125.000	4125.000
175	Spectrogram 1	1	25.205149116	25.206149116	2117.647	7122.995	4125.000	4125.000
176	Spectrogram 1	1	25.206149116	25.207149116	2117.647	7122.995	4125.000	4125.000
177	Spectrogram 1	1	25.207149116	25.208149116	2117.647	7122.995	3937.500	3937.500
178	Spectrogram 1	1	25.208149116	25.209149116	2117.647	7122.995	3937.500	3937.500
179	Spectrogram 1	1	25.209149116	25.210149116	2117.647	7122.995	3937.500	3750.000
180	Spectrogram 1	1	25.210149116	25.211149116	2117.647	7122.995	3937.500	3750.000
181	Spectrogram 1	1	25.211149116	25.211274831	2117.647	7122.995	3937.500	3750.000
