Selection	View	Channel	Begin Time (s)	End Time (s)	Low Freq (Hz)	High Freq (Hz)	Center Freq (Hz)	Peak Freq (Hz)
1	Spectrogram 1	1	89.182954357	89.183952089	2240.854	6588.110	5340.234	5857.031
2	Spectrogram 1	1	89.183952089	89.184949822	2240.854	6588.110	5340.234	5857.031
3	Spectrogram 1	1	89.184949822	89.185947554	2240.854	6588.110	5426.367	5943.164
4	Spectrogram 1	1	89.185947554	89.186945287	2240.854	6588.110	5426.367	5943.164
5	Spectrogram 1	1	89.186945287	89.187943019	2240.854	6588.110	5426.367	5943.164
6	Spectrogram 1	1	89.187943019	89.188940752	2240.854	6588.110	5426.367	5943.164
7	Spectrogram 1	1	89.188940752	89.189938484	2240.854	6588.110	5426.367	5943.164
8	Spectrogram 1	1	89.189938484	89.190936216	2240.854	6588.110	5426.367	5943.164
9	Spectrogram 1	1	89.190936216	89.191933949	2240.854	6588.110	3703.711	3617.578
10	Spectrogram 1	1	89.191933949	89.192931681	2240.854	6588.110	3703.711	3617.578
11	Spectrogram 1	1	89.192931681	89.193929414	2240.854	6588.110	3703.711	3617.578
12	Spectrogram 1	1	89.193929414	89.194927146	2240.854	6588.110	3703.711	3617.578
13	Spectrogram 1	1	89.194927146	89.195924879	2240.854	6588.110	3703.711	3617.578
14	Spectrogram 1	1	89.195924879	89.196922611	2240.854	6588.110	3703.711	3617.578
15	Spectrogram 1	1	89.196922611	89.197920343	2240.854	6588.110	3703.711	3703.711
16	Spectrogram 1	1	89.197920343	89.198918076	2240.854	6588.110	3703.711	3703.711
17	Spectrogram 1	1	89.198918076	89.199915808	2240.854	6588.110	3703.711	3703.711
18	Spectrogram 1	1	89.199915808	89.200913541	2240.854	6588.110	3703.711	3703.711
19	Spectrogram 1	1	89.200913541	89.201911273	2240.854	6588.110	3703.711	3703.711
20	Spectrogram 1	1	89.201911273	89.202909006	2240.854	6588.110	3531.445	3531.445
21	Spectrogram 1	1	89.202909006	89.203906738	2240.854	6588.110	3531.445	3531.445
22	Spectrogram 1	1	89.203906738	89.204904470	2240.854	6588.110	3531.445	3531.445
23	Spectrogram 1	1	89.204904470	89.205902203	2240.854	6588.110	3531.445	3531.445
24	Spectrogram 1	1	89.205902203	89.206899935	2240.854	6588.110	3531.445	3531.445
25	Spectrogram 1	1	89.206899935	89.207897668	2240.854	6588.110	3531.445	3531.445
26	Spectrogram 1	1	89.207897668	89.208895400	2240.854	6588.110	3359.180	3359.180
27	Spectrogram 1	1	89.208895400	89.209893133	2240.854	6588.110	3359.180	3359.180
28	Spectrogram 1	1	89.209893133	89.210890865	2240.854	6588.110	3359.180	3359.180
29	Spectrogram 1	1	89.210890865	89.211888597	2240.854	6588.110	3359.180	3359.180
30	Spectrogram 1	1	89.211888597	89.212886330	2240.854	6588.110	3359.180	3359.180
31	Spectrogram 1	1	89.212886330	89.213884062	2240.854	6588.110	3359.180	3359.180
32	Spectrogram 1	1	89.213884062	89.214881795	2240.854	6588.110	3359.180	3359.180
33	Spectrogram 1	1	89.214881795	89.215879527	2240.854	6588.110	3359.180	3359.180
34	Spectrogram 1	1	89.215879527	89.216877259	2240.854	6588.110	3359.180	3359.180
35	Spectrogram 1	1	89.216877259	89.217874992	2240.854	6588.110	3359.180	3359.180
36	Spectrogram 1	1	89.217874992	89.218872724	2240.854	6588.110	3359.180	3359.180
37	Spectrogram 1	1	89.218872724	89.219870457	2240.854	6588.110	3359.180	3359.180
38	Spectrogram 1	1	89.219870457	89.220868189	2240.854	6588.110	3273.047	3273.047
39	Spectrogram 1	1	89.220868189	89.221865922	2240.854	6588.110	3273.047	3273.047
40	Spectrogram 1	1	89.221865922	89.222863654	2240.854	6588.110	3273.047	3273.047
41	Spectrogram 1	1	89.222863654	89.223861386	2240.854	6588.110	3273.047	3273.047
42	Spectrogram 1	1	89.223861386	89.224859119	2240.854	6588.110	3273.047	3273.047
43	Spectrogram 1	1	89.224859119	89.225856851	2240.854	6588.110	3273.047	3273.047
44	Spectrogram 1	1	89.225856851	89.226854584	2240.854	6588.110	3186.914	3186.914
45	Spectrogram 1	1	89.226854584	89.227852316	2240.854	6588.110	3186.914	3186.914
46	Spectrogram 1	1	89.227852316	89.228850049	2240.854	6588.110	3186.914	3186.914
47	Spectrogram 1	1	89.228850049	89.229847781	2240.854	6588.110	3186.914	3186.914
48	Spectrogram 1	1	89.229847781	89.230845513	2240.854	6588.110	3186.914	3186.914
49	Spectrogram 1	1	89.230845513	89.231843246	2240.854	6588.110	3186.914	3186.914
50	Spectrogram 1	1	89.231843246	89.232840978	2240.854	6588.110	3186.914	3186.914
51	Spectrogram 1	1	89.232840978	89.233838711	2240.854	6588.110	3186.914	3186.914
52	Spectrogram 1	1	89.233838711	89.234836443	2240.854	6588.110	3186.914	3186.914
53	Spectrogram 1	1	89.234836443	89.235834176	2240.854	6588.110	3186.914	3186.914
54	Spectrogram 1	1	89.235834176	89.236831908	2240.854	6588.110	3186.914	3186.914
55	Spectrogram 1	1	89.236831908	89.237829640	2240.854	6588.110	3273.047	3273.047
56	Spectrogram 1	1	89.237829640	89.238827373	2240.854	6588.110	3273.047	3273.047
57	Spectrogram 1	1	89.238827373	89.239825105	2240.854	6588.110	3273.047	3273.047
58	Spectrogram 1	1	89.239825105	89.240822838	2240.854	6588.110	3273.047	3273.047
59	Spectrogram 1	1	89.240822838	89.241820570	2240.854	6588.110	3273.047	3273.047
60	Spectrogram 1	1	89.241820570	89.242818303	2240.854	6588.110	3273.047	3273.047
61	Spectrogram 1	1	89.242818303	89.243816035	2240.854	6588.110	3359.180	3359.180
62	Spectrogram 1	1	89.243816035	89.244813767	2240.854	6588.110	3359.180	3359.180
63	Spectrogram 1	1	89.244813767	89.245811500	2240.854	6588.110	3359.180	3359.180
64	Spectrogram 1	1	89.245811500	89.246809232	2240.854	6588.110	3359.180	3359.180
65	Spectrogram 1	1	89.246809232	89.247806965	2240.854	6588.110	3359.180	3359.180
66	Spectrogram 1	1	89.247806965	89.248804697	2240.854	6588.110	3359.180	3359.180
67	Spectrogram 1	1	89.248804697	89.249802430	2240.854	6588.110	3445.312	3445.312
68	Spectrogram 1	1	89.249802430	89.250800162	2240.854	6588.110	3445.312	3445.312
69	Spectrogram 1	1	89.250800162	89.251797894	2240.854	6588.110	3445.312	3445.312
70	Spectrogram 1	1	89.251797894	89.252795627	2240.854	6588.110	3445.312	3445.312
71	Spectrogram 1	1	89.252795627	89.253793359	2240.854	6588.110	3445.312	3445.312
72	Spectrogram 1	1	89.253793359	89.254791092	2240.854	6588.110	3445.312	3445.312
73	Spectrogram 1	1	89.254791092	89.255788824	2240.854	6588.110	3617.578	3617.578
74	Spectrogram 1	1	89.255788824	89.256786557	2240.854	6588.110	3617.578	3617.578
75	Spectrogram 1	1	89.256786557	89.257784289	2240.854	6588.110	3617.578	3617.578
76	Spectrogram 1	1	89.257784289	89.258782021	2240.854	6588.110	3617.578	3617.578
77	Spectrogram 1	1	89.258782021	89.259779754	2240.854	6588.110	3617.578	3617.578
78	Spectrogram 1	1	89.259779754	89.260777486	2240.854	6588.110	3617.578	3617.578
79	Spectrogram 1	1	89.260777486	89.261775219	2240.854	6588.110	3789.844	3789.844
80	Spectrogram 1	1	89.261775219	89.262772951	2240.854	6588.110	3789.844	3789.844
81	Spectrogram 1	1	89.262772951	89.263770684	2240.854	6588.110	3789.844	3789.844
82	Spectrogram 1	1	89.263770684	89.264768416	2240.854	6588.110	3789.844	3789.844
83	Spectrogram 1	1	89.264768416	89.265766148	2240.854	6588.110	3789.844	3789.844
84	Spectrogram 1	1	89.265766148	89.266763881	2240.854	6588.110	3875.977	3875.977
85	Spectrogram 1	1	89.266763881	89.267761613	2240.854	6588.110	3875.977	3875.977
86	Spectrogram 1	1	89.267761613	89.268759346	2240.854	6588.110	3875.977	3875.977
87	Spectrogram 1	1	89.268759346	89.269757078	2240.854	6588.110	3875.977	3875.977
88	Spectrogram 1	1	89.269757078	89.270754811	2240.854	6588.110	3875.977	3875.977
89	Spectrogram 1	1	89.270754811	89.271752543	2240.854	6588.110	3875.977	3875.977
90	Spectrogram 1	1	89.271752543	89.272750275	2240.854	6588.110	4134.375	4134.375
91	Spectrogram 1	1	89.272750275	89.273748008	2240.854	6588.110	4134.375	4134.375
92	Spectrogram 1	1	89.273748008	89.274745740	2240.854	6588.110	4134.375	4134.375
93	Spectrogram 1	1	89.274745740	89.275743473	2240.854	6588.110	4134.375	4134.375
94	Spectrogram 1	1	89.275743473	89.276741205	2240.854	6588.110	4134.375	4134.375
95	Spectrogram 1	1	89.276741205	89.277738937	2240.854	6588.110	4134.375	4134.375
96	Spectrogram 1	1	89.277738937	89.278736670	2240.854	6588.110	4220.508	4220.508
97	Spectrogram 1	1	89.278736670	89.279734402	2240.854	6588.110	4220.508	4220.508
98	Spectrogram 1	1	89.279734402	89.280732135	2240.854	6588.110	4220.508	4220.508
99	Spectrogram 1	1	89.280732135	89.281729867	2240.854	6588.110	4220.508	4220.508
100	Spectrogram 1	1	89.281729867	89.282727600	2240.854	6588.110	4220.508	4220.508
101	Spectrogram 1	1	89.282727600	89.283725332	2240.854	6588.110	4220.508	4220.508
102	Spectrogram 1	1	89.283725332	89.284723064	2240.854	6588.110	4478.906	4478.906
103	Spectrogram 1	1	89.284723064	89.285720797	2240.854	6588.110	4478.906	4478.906
104	Spectrogram 1	1	89.285720797	89.286718529	2240.854	6588.110	4478.906	4478.906
105	Spectrogram 1	1	89.286718529	89.287716262	2240.854	6588.110	4478.906	4478.906
106	Spectrogram 1	1	89.287716262	89.288713994	2240.854	6588.110	4478.906	4478.906
107	Spectrogram 1	1	89.288713994	89.289711727	2240.854	6588.110	4478.906	4478.906
108	Spectrogram 1	1	89.289711727	89.290709459	2240.854	6588.110	4651.172	4651.172
109	Spectrogram 1	1	89.290709459	89.291707191	2240.854	6588.110	4651.172	4651.172
110	Spectrogram 1	1	89.291707191	89.292704924	2240.854	6588.110	4651.172	4651.172
111	Spectrogram 1	1	89.292704924	89.293702656	2240.854	6588.110	4651.172	4651.172
112	Spectrogram 1	1	89.293702656	89.294700389	2240.854	6588.110	4651.172	4651.172
113	Spectrogram 1	1	89.294700389	89.295698121	2240.854	6588.110	4651.172	4651.172
114	Spectrogram 1	1	89.295698121	89.296695854	2240.854	6588.110	4737.305	4737.305
115	Spectrogram 1	1	89.296695854	89.297693586	2240.854	6588.110	4737.305	4737.305
116	Spectrogram 1	1	89.297693586	89.298691318	2240.854	6588.110	4737.305	4737.305
117	Spectrogram 1	1	89.298691318	89.299689051	2240.854	6588.110	4737.305	4737.305
118	Spectrogram 1	1	89.299689051	89.300686783	2240.854	6588.110	4737.305	4737.305
119	Spectrogram 1	1	89.300686783	89.301684516	2240.854	6588.110	4823.438	4823.438
120	Spectrogram 1	1	89.301684516	89.302682248	2240.854	6588.110	4823.438	4823.438
121	Spectrogram 1	1	89.302682248	89.303679981	2240.854	6588.110	4823.438	4823.438
122	Spectrogram 1	1	89.303679981	89.304677713	2240.854	6588.110	4823.438	4823.438
123	Spectrogram 1	1	89.304677713	89.305675445	2240.854	6588.110	4823.438	4823.438
124	Spectrogram 1	1	89.305675445	89.306673178	2240.854	6588.110	4823.438	4823.438
125	Spectrogram 1	1	89.306673178	89.307670910	2240.854	6588.110	4823.438	4823.438
126	Spectrogram 1	1	89.307670910	89.308668643	2240.854	6588.110	4823.438	4823.438
127	Spectrogram 1	1	89.308668643	89.309666375	2240.854	6588.110	4823.438	4823.438
128	Spectrogram 1	1	89.309666375	89.310664108	2240.854	6588.110	4823.438	4823.438
129	Spectrogram 1	1	89.310664108	89.311661840	2240.854	6588.110	4823.438	4823.438
130	Spectrogram 1	1	89.311661840	89.312659572	2240.854	6588.110	4823.438	4823.438
131	Spectrogram 1	1	89.312659572	89.313657305	2240.854	6588.110	4651.172	4651.172
132	Spectrogram 1	1	89.313657305	89.314655037	2240.854	6588.110	4651.172	4651.172
133	Spectrogram 1	1	89.314655037	89.315652770	2240.854	6588.110	4651.172	4651.172
134	Spectrogram 1	1	89.315652770	89.316650502	2240.854	6588.110	4651.172	4651.172
135	Spectrogram 1	1	89.316650502	89.317648235	2240.854	6588.110	4651.172	4651.172
136	Spectrogram 1	1	89.317648235	89.318645967	2240.854	6588.110	4651.172	4651.172
137	Spectrogram 1	1	89.318645967	89.319643699	2240.854	6588.110	4823.438	4823.438
138	Spectrogram 1	1	89.319643699	89.320641432	2240.854	6588.110	4823.438	4823.438
139	Spectrogram 1	1	89.320641432	89.321639164	2240.854	6588.110	4823.438	4823.438
140	Spectrogram 1	1	89.321639164	89.322636897	2240.854	6588.110	4823.438	4823.438
141	Spectrogram 1	1	89.322636897	89.323634629	2240.854	6588.110	4823.438	4823.438
142	Spectrogram 1	1	89.323634629	89.324632362	2240.854	6588.110	4823.438	4823.438
143	Spectrogram 1	1	89.324632362	89.325630094	2240.854	6588.110	6029.297	6115.430
144	Spectrogram 1	1	89.325630094	89.326627826	2240.854	6588.110	6029.297	6115.430
145	Spectrogram 1	1	89.326627826	89.327625559	2240.854	6588.110	6029.297	6115.430
146	Spectrogram 1	1	89.327625559	89.328623291	2240.854	6588.110	6029.297	6115.430
147	Spectrogram 1	1	89.328623291	89.329621024	2240.854	6588.110	6029.297	6115.430
148	Spectrogram 1	1	89.329621024	89.330618756	2240.854	6588.110	5770.898	5770.898
149	Spectrogram 1	1	89.330618756	89.331616489	2240.854	6588.110	5770.898	5770.898
150	Spectrogram 1	1	89.331616489	89.332614221	2240.854	6588.110	5770.898	5770.898
151	Spectrogram 1	1	89.332614221	89.333611953	2240.854	6588.110	5770.898	5770.898
152	Spectrogram 1	1	89.333611953	89.334609686	2240.854	6588.110	5770.898	5770.898
153	Spectrogram 1	1	89.334609686	89.335607418	2240.854	6588.110	5770.898	5770.898
154	Spectrogram 1	1	89.335607418	89.336605151	2240.854	6588.110	4995.703	4909.570
155	Spectrogram 1	1	89.336605151	89.337602883	2240.854	6588.110	4995.703	4909.570
156	Spectrogram 1	1	89.337602883	89.338600616	2240.854	6588.110	4995.703	4909.570
157	Spectrogram 1	1	89.338600616	89.339598348	2240.854	6588.110	4995.703	4909.570
158	Spectrogram 1	1	89.339598348	89.340596080	2240.854	6588.110	4995.703	4909.570
159	Spectrogram 1	1	89.340596080	89.341593813	2240.854	6588.110	4995.703	4909.570
160	Spectrogram 1	1	89.341593813	89.342591545	2240.854	6588.110	4651.172	4737.305
161	Spectrogram 1	1	89.342591545	89.343589278	2240.854	6588.110	4651.172	4737.305
162	Spectrogram 1	1	89.343589278	89.344587010	2240.854	6588.110	4651.172	4737.305
163	Spectrogram 1	1	89.344587010	89.345584742	2240.854	6588.110	4651.172	4737.305
164	Spectrogram 1	1	89.345584742	89.346582475	2240.854	6588.110	4651.172	4737.305
165	Spectrogram 1	1	89.346582475	89.347580207	2240.854	6588.110	4651.172	4737.305
166	Spectrogram 1	1	89.347580207	89.348577940	2240.854	6588.110	4392.773	4392.773
167	Spectrogram 1	1	89.348577940	89.349575672	2240.854	6588.110	4392.773	4392.773
168	Spectrogram 1	1	89.349575672	89.350573405	2240.854	6588.110	4392.773	4392.773
169	Spectrogram 1	1	89.350573405	89.351571137	2240.854	6588.110	4392.773	4392.773
170	Spectrogram 1	1	89.351571137	89.352568869	2240.854	6588.110	4392.773	4392.773
171	Spectrogram 1	1	89.352568869	89.353566602	2240.854	6588.110	4392.773	4392.773
172	Spectrogram 1	1	89.353566602	89.354564334	2240.854	6588.110	4306.641	4306.641
173	Spectrogram 1	1	89.354564334	89.355562067	2240.854	6588.110	4306.641	4306.641
174	Spectrogram 1	1	89.355562067	89.356559799	2240.854	6588.110	4306.641	4306.641
175	Spectrogram 1	1	89.356559799	89.357557532	2240.854	6588.110	4306.641	4306.641
176	Spectrogram 1	1	89.357557532	89.358555264	2240.854	6588.110	4306.641	4306.641
177	Spectrogram 1	1	89.358555264	89.359552996	2240.854	6588.110	4306.641	4306.641
178	Spectrogram 1	1	89.359552996	89.360550729	2240.854	6588.110	4392.773	4306.641
179	Spectrogram 1	1	89.360550729	89.360823753	2240.854	6588.110	4392.773	4306.641
