Selection	View	Channel	Begin Time (s)	End Time (s)	Low Freq (Hz)	High Freq (Hz)	Center Freq (Hz)	Peak Freq (Hz)
1	Spectrogram 1	1	19.524900000	19.525897732	2140.700	6334.239	2756.250	2756.250
2	Spectrogram 1	1	19.525897732	19.526895465	2140.700	6334.239	2756.250	2756.250
3	Spectrogram 1	1	19.526895465	19.527893197	2140.700	6334.239	2756.250	2756.250
4	Spectrogram 1	1	19.527893197	19.528890930	2140.700	6334.239	2756.250	2756.250
5	Spectrogram 1	1	19.528890930	19.529888662	2140.700	6334.239	2756.250	2756.250
6	Spectrogram 1	1	19.529888662	19.530886395	2140.700	6334.239	2756.250	2756.250
7	Spectrogram 1	1	19.530886395	19.531884127	2140.700	6334.239	3445.312	3445.312
8	Spectrogram 1	1	19.531884127	19.532881859	2140.700	6334.239	3445.312	3445.312
9	Spectrogram 1	1	19.532881859	19.533879592	2140.700	6334.239	3445.312	3445.312
10	Spectrogram 1	1	19.533879592	19.534877324	2140.700	6334.239	3445.312	3445.312
11	Spectrogram 1	1	19.534877324	19.535875057	2140.700	6334.239	3445.312	3445.312
12	Spectrogram 1	1	19.535875057	19.536872789	2140.700	6334.239	3445.312	3445.312
13	Spectrogram 1	1	19.536872789	19.537870522	2140.700	6334.239	3445.312	3445.312
14	Spectrogram 1	1	19.537870522	19.538868254	2140.700	6334.239	3445.312	3445.312
15	Spectrogram 1	1	19.538868254	19.539865986	2140.700	6334.239	3445.312	3445.312
16	Spectrogram 1	1	19.539865986	19.540863719	2140.700	6334.239	3445.312	3445.312
17	Spectrogram 1	1	19.540863719	19.541861451	2140.700	6334.239	3445.312	3445.312
18	Spectrogram 1	1	19.541861451	19.542859184	2140.700	6334.239	3445.312	3445.312
19	Spectrogram 1	1	19.542859184	19.543856916	2140.700	6334.239	3273.047	3273.047
20	Spectrogram 1	1	19.543856916	19.544854649	2140.700	6334.239	3273.047	3273.047
21	Spectrogram 1	1	19.544854649	19.545852381	2140.700	6334.239	3273.047	3273.047
22	Spectrogram 1	1	19.545852381	19.546850113	2140.700	6334.239	3273.047	3273.047
23	Spectrogram 1	1	19.546850113	19.547847846	2140.700	6334.239	3273.047	3273.047
24	Spectrogram 1	1	19.547847846	19.548845578	2140.700	6334.239	3273.047	3273.047
25	Spectrogram 1	1	19.548845578	19.549843311	2140.700	6334.239	3273.047	3273.047
26	Spectrogram 1	1	19.549843311	19.550841043	2140.700	6334.239	3273.047	3273.047
27	Spectrogram 1	1	19.550841043	19.551838776	2140.700	6334.239	3273.047	3273.047
28	Spectrogram 1	1	19.551838776	19.552836508	2140.700	6334.239	3273.047	3273.047
29	Spectrogram 1	1	19.552836508	19.553834240	2140.700	6334.239	3273.047	3273.047
30	Spectrogram 1	1	19.553834240	19.554831973	2140.700	6334.239	3273.047	3273.047
31	Spectrogram 1	1	19.554831973	19.555829705	2140.700	6334.239	3273.047	3273.047
32	Spectrogram 1	1	19.555829705	19.556827438	2140.700	6334.239	3273.047	3273.047
33	Spectrogram 1	1	19.556827438	19.557825170	2140.700	6334.239	3273.047	3273.047
34	Spectrogram 1	1	19.557825170	19.558822902	2140.700	6334.239	3273.047	3273.047
35	Spectrogram 1	1	19.558822902	19.559820635	2140.700	6334.239	3273.047	3273.047
36	Spectrogram 1	1	19.559820635	19.560818367	2140.700	6334.239	3186.914	3186.914
37	Spectrogram 1	1	19.560818367	19.561816100	2140.700	6334.239	3186.914	3186.914
38	Spectrogram 1	1	19.561816100	19.562813832	2140.700	6334.239	3186.914	3186.914
39	Spectrogram 1	1	19.562813832	19.563811565	2140.700	6334.239	3186.914	3186.914
40	Spectrogram 1	1	19.563811565	19.564809297	2140.700	6334.239	3186.914	3186.914
41	Spectrogram 1	1	19.564809297	19.565807029	2140.700	6334.239	3186.914	3186.914
42	Spectrogram 1	1	19.565807029	19.566804762	2140.700	6334.239	3273.047	3273.047
43	Spectrogram 1	1	19.566804762	19.567802494	2140.700	6334.239	3273.047	3273.047
44	Spectrogram 1	1	19.567802494	19.568800227	2140.700	6334.239	3273.047	3273.047
45	Spectrogram 1	1	19.568800227	19.569797959	2140.700	6334.239	3273.047	3273.047
46	Spectrogram 1	1	19.569797959	19.570795692	2140.700	6334.239	3273.047	3273.047
47	Spectrogram 1	1	19.570795692	19.571793424	2140.700	6334.239	3273.047	3273.047
48	Spectrogram 1	1	19.571793424	19.572791156	2140.700	6334.239	3273.047	3273.047
49	Spectrogram 1	1	19.572791156	19.573788889	2140.700	6334.239	3273.047	3273.047
50	Spectrogram 1	1	19.573788889	19.574786621	2140.700	6334.239	3273.047	3273.047
51	Spectrogram 1	1	19.574786621	19.575784354	2140.700	6334.239	3273.047	3273.047
52	Spectrogram 1	1	19.575784354	19.576782086	2140.700	6334.239	3273.047	3273.047
53	Spectrogram 1	1	19.576782086	19.577779819	2140.700	6334.239	3273.047	3273.047
54	Spectrogram 1	1	19.577779819	19.578777551	2140.700	6334.239	3100.781	3100.781
55	Spectrogram 1	1	19.578777551	19.579775283	2140.700	6334.239	3100.781	3100.781
56	Spectrogram 1	1	19.579775283	19.580773016	2140.700	6334.239	3100.781	3100.781
57	Spectrogram 1	1	19.580773016	19.581770748	2140.700	6334.239	3100.781	3100.781
58	Spectrogram 1	1	19.581770748	19.582768481	2140.700	6334.239	3100.781	3100.781
59	Spectrogram 1	1	19.582768481	19.583766213	2140.700	6334.239	3014.648	2153.320
60	Spectrogram 1	1	19.583766213	19.584763946	2140.700	6334.239	3014.648	2153.320
61	Spectrogram 1	1	19.584763946	19.585761678	2140.700	6334.239	3014.648	2153.320
62	Spectrogram 1	1	19.585761678	19.586759410	2140.700	6334.239	3014.648	2153.320
63	Spectrogram 1	1	19.586759410	19.587757143	2140.700	6334.239	3014.648	2153.320
64	Spectrogram 1	1	19.587757143	19.588754875	2140.700	6334.239	3014.648	2153.320
65	Spectrogram 1	1	19.588754875	19.589752608	2140.700	6334.239	3186.914	3186.914
66	Spectrogram 1	1	19.589752608	19.590750340	2140.700	6334.239	3186.914	3186.914
67	Spectrogram 1	1	19.590750340	19.591748073	2140.700	6334.239	3186.914	3186.914
68	Spectrogram 1	1	19.591748073	19.592745805	2140.700	6334.239	3186.914	3186.914
69	Spectrogram 1	1	19.592745805	19.593743537	2140.700	6334.239	3186.914	3186.914
70	Spectrogram 1	1	19.593743537	19.594741270	2140.700	6334.239	3186.914	3186.914
71	Spectrogram 1	1	19.594741270	19.595739002	2140.700	6334.239	3273.047	3273.047
72	Spectrogram 1	1	19.595739002	19.596736735	2140.700	6334.239	3273.047	3273.047
73	Spectrogram 1	1	19.596736735	19.597734467	2140.700	6334.239	3273.047	3273.047
74	Spectrogram 1	1	19.597734467	19.598732200	2140.700	6334.239	3273.047	3273.047
75	Spectrogram 1	1	19.598732200	19.599729932	2140.700	6334.239	3273.047	3273.047
76	Spectrogram 1	1	19.599729932	19.600727664	2140.700	6334.239	3273.047	3273.047
77	Spectrogram 1	1	19.600727664	19.601725397	2140.700	6334.239	3445.312	3445.312
78	Spectrogram 1	1	19.601725397	19.602723129	2140.700	6334.239	3445.312	3445.312
79	Spectrogram 1	1	19.602723129	19.603720862	2140.700	6334.239	3445.312	3445.312
80	Spectrogram 1	1	19.603720862	19.604718594	2140.700	6334.239	3445.312	3445.312
81	Spectrogram 1	1	19.604718594	19.605716327	2140.700	6334.239	3445.312	3445.312
82	Spectrogram 1	1	19.605716327	19.606714059	2140.700	6334.239	3445.312	3445.312
83	Spectrogram 1	1	19.606714059	19.607711791	2140.700	6334.239	3703.711	3789.844
84	Spectrogram 1	1	19.607711791	19.608709524	2140.700	6334.239	3703.711	3789.844
85	Spectrogram 1	1	19.608709524	19.609707256	2140.700	6334.239	3703.711	3789.844
86	Spectrogram 1	1	19.609707256	19.610704989	2140.700	6334.239	3703.711	3789.844
87	Spectrogram 1	1	19.610704989	19.611702721	2140.700	6334.239	3703.711	3789.844
88	Spectrogram 1	1	19.611702721	19.612700454	2140.700	6334.239	3875.977	3875.977
89	Spectrogram 1	1	19.612700454	19.613698186	2140.700	6334.239	3875.977	3875.977
90	Spectrogram 1	1	19.613698186	19.614695918	2140.700	6334.239	3875.977	3875.977
91	Spectrogram 1	1	19.614695918	19.615693651	2140.700	6334.239	3875.977	3875.977
92	Spectrogram 1	1	19.615693651	19.616691383	2140.700	6334.239	3875.977	3875.977
93	Spectrogram 1	1	19.616691383	19.617689116	2140.700	6334.239	3875.977	3875.977
94	Spectrogram 1	1	19.617689116	19.618686848	2140.700	6334.239	4134.375	4134.375
95	Spectrogram 1	1	19.618686848	19.619684580	2140.700	6334.239	4134.375	4134.375
96	Spectrogram 1	1	19.619684580	19.620682313	2140.700	6334.239	4134.375	4134.375
97	Spectrogram 1	1	19.620682313	19.621680045	2140.700	6334.239	4134.375	4134.375
98	Spectrogram 1	1	19.621680045	19.622677778	2140.700	6334.239	4134.375	4134.375
99	Spectrogram 1	1	19.622677778	19.623675510	2140.700	6334.239	4134.375	4134.375
100	Spectrogram 1	1	19.623675510	19.624673243	2140.700	6334.239	4220.508	4220.508
101	Spectrogram 1	1	19.624673243	19.625670975	2140.700	6334.239	4220.508	4220.508
102	Spectrogram 1	1	19.625670975	19.626668707	2140.700	6334.239	4220.508	4220.508
103	Spectrogram 1	1	19.626668707	19.627666440	2140.700	6334.239	4220.508	4220.508
104	Spectrogram 1	1	19.627666440	19.628664172	2140.700	6334.239	4220.508	4220.508
105	Spectrogram 1	1	19.628664172	19.629661905	2140.700	6334.239	4220.508	4220.508
106	Spectrogram 1	1	19.629661905	19.630659637	2140.700	6334.239	4220.508	4220.508
107	Spectrogram 1	1	19.630659637	19.631657370	2140.700	6334.239	4220.508	4220.508
108	Spectrogram 1	1	19.631657370	19.632655102	2140.700	6334.239	4220.508	4220.508
109	Spectrogram 1	1	19.632655102	19.633652834	2140.700	6334.239	4220.508	4220.508
110	Spectrogram 1	1	19.633652834	19.634650567	2140.700	6334.239	4220.508	4220.508
111	Spectrogram 1	1	19.634650567	19.635648299	2140.700	6334.239	4220.508	4220.508
112	Spectrogram 1	1	19.635648299	19.636646032	2140.700	6334.239	4306.641	4306.641
113	Spectrogram 1	1	19.636646032	19.637643764	2140.700	6334.239	4306.641	4306.641
114	Spectrogram 1	1	19.637643764	19.638641497	2140.700	6334.239	4306.641	4306.641
115	Spectrogram 1	1	19.638641497	19.639639229	2140.700	6334.239	4306.641	4306.641
116	Spectrogram 1	1	19.639639229	19.640636961	2140.700	6334.239	4306.641	4306.641
117	Spectrogram 1	1	19.640636961	19.641634694	2140.700	6334.239	4306.641	4306.641
118	Spectrogram 1	1	19.641634694	19.642632426	2140.700	6334.239	4478.906	4478.906
119	Spectrogram 1	1	19.642632426	19.643630159	2140.700	6334.239	4478.906	4478.906
120	Spectrogram 1	1	19.643630159	19.644627891	2140.700	6334.239	4478.906	4478.906
121	Spectrogram 1	1	19.644627891	19.645625624	2140.700	6334.239	4478.906	4478.906
122	Spectrogram 1	1	19.645625624	19.646623356	2140.700	6334.239	4478.906	4478.906
123	Spectrogram 1	1	19.646623356	19.647621088	2140.700	6334.239	4306.641	4306.641
124	Spectrogram 1	1	19.647621088	19.648618821	2140.700	6334.239	4306.641	4306.641
125	Spectrogram 1	1	19.648618821	19.649616553	2140.700	6334.239	4306.641	4306.641
126	Spectrogram 1	1	19.649616553	19.650614286	2140.700	6334.239	4306.641	4306.641
127	Spectrogram 1	1	19.650614286	19.651612018	2140.700	6334.239	4306.641	4306.641
128	Spectrogram 1	1	19.651612018	19.652609751	2140.700	6334.239	4306.641	4306.641
129	Spectrogram 1	1	19.652609751	19.653607483	2140.700	6334.239	4134.375	4048.242
130	Spectrogram 1	1	19.653607483	19.654605215	2140.700	6334.239	4134.375	4048.242
131	Spectrogram 1	1	19.654605215	19.655602948	2140.700	6334.239	4134.375	4048.242
132	Spectrogram 1	1	19.655602948	19.656600680	2140.700	6334.239	4134.375	4048.242
133	Spectrogram 1	1	19.656600680	19.657598413	2140.700	6334.239	4134.375	4048.242
134	Spectrogram 1	1	19.657598413	19.658596145	2140.700	6334.239	4134.375	4048.242
135	Spectrogram 1	1	19.658596145	19.659593878	2140.700	6334.239	4478.906	4478.906
136	Spectrogram 1	1	19.659593878	19.660591610	2140.700	6334.239	4478.906	4478.906
137	Spectrogram 1	1	19.660591610	19.661589342	2140.700	6334.239	4478.906	4478.906
138	Spectrogram 1	1	19.661589342	19.662587075	2140.700	6334.239	4478.906	4478.906
139	Spectrogram 1	1	19.662587075	19.663584807	2140.700	6334.239	4478.906	4478.906
140	Spectrogram 1	1	19.663584807	19.664582540	2140.700	6334.239	4478.906	4478.906
141	Spectrogram 1	1	19.664582540	19.665580272	2140.700	6334.239	4392.773	4392.773
142	Spectrogram 1	1	19.665580272	19.666578005	2140.700	6334.239	4392.773	4392.773
143	Spectrogram 1	1	19.666578005	19.667575737	2140.700	6334.239	4392.773	4392.773
144	Spectrogram 1	1	19.667575737	19.668573469	2140.700	6334.239	4392.773	4392.773
145	Spectrogram 1	1	19.668573469	19.669571202	2140.700	6334.239	4392.773	4392.773
146	Spectrogram 1	1	19.669571202	19.670568934	2140.700	6334.239	4392.773	4392.773
147	Spectrogram 1	1	19.670568934	19.671566667	2140.700	6334.239	4392.773	4392.773
148	Spectrogram 1	1	19.671566667	19.672564399	2140.700	6334.239	4392.773	4392.773
149	Spectrogram 1	1	19.672564399	19.673562132	2140.700	6334.239	4392.773	4392.773
150	Spectrogram 1	1	19.673562132	19.674559864	2140.700	6334.239	4392.773	4392.773
151	Spectrogram 1	1	19.674559864	19.675557596	2140.700	6334.239	4392.773	4392.773
152	Spectrogram 1	1	19.675557596	19.676555329	2140.700	6334.239	5684.766	4392.773
153	Spectrogram 1	1	19.676555329	19.677553061	2140.700	6334.239	5684.766	4392.773
154	Spectrogram 1	1	19.677553061	19.678550794	2140.700	6334.239	5684.766	4392.773
155	Spectrogram 1	1	19.678550794	19.679548526	2140.700	6334.239	5684.766	4392.773
156	Spectrogram 1	1	19.679548526	19.680546259	2140.700	6334.239	5684.766	4392.773
157	Spectrogram 1	1	19.680546259	19.681543991	2140.700	6334.239	5684.766	4392.773
158	Spectrogram 1	1	19.681543991	19.682541723	2140.700	6334.239	5081.836	5081.836
159	Spectrogram 1	1	19.682541723	19.683539456	2140.700	6334.239	5081.836	5081.836
160	Spectrogram 1	1	19.683539456	19.684537188	2140.700	6334.239	5081.836	5081.836
161	Spectrogram 1	1	19.684537188	19.685534921	2140.700	6334.239	5081.836	5081.836
162	Spectrogram 1	1	19.685534921	19.686532653	2140.700	6334.239	5081.836	5081.836
163	Spectrogram 1	1	19.686532653	19.687530385	2140.700	6334.239	5081.836	5081.836
164	Spectrogram 1	1	19.687530385	19.688528118	2140.700	6334.239	4565.039	4478.906
165	Spectrogram 1	1	19.688528118	19.689525850	2140.700	6334.239	4565.039	4478.906
166	Spectrogram 1	1	19.689525850	19.690523583	2140.700	6334.239	4565.039	4478.906
167	Spectrogram 1	1	19.690523583	19.691521315	2140.700	6334.239	4565.039	4478.906
168	Spectrogram 1	1	19.691521315	19.692519048	2140.700	6334.239	4565.039	4478.906
169	Spectrogram 1	1	19.692519048	19.693516780	2140.700	6334.239	4565.039	4478.906
170	Spectrogram 1	1	19.693516780	19.694514512	2140.700	6334.239	4392.773	4392.773
171	Spectrogram 1	1	19.694514512	19.695512245	2140.700	6334.239	4392.773	4392.773
172	Spectrogram 1	1	19.695512245	19.696509977	2140.700	6334.239	4392.773	4392.773
173	Spectrogram 1	1	19.696509977	19.697507710	2140.700	6334.239	4392.773	4392.773
174	Spectrogram 1	1	19.697507710	19.698505442	2140.700	6334.239	4392.773	4392.773
175	Spectrogram 1	1	19.698505442	19.699503175	2140.700	6334.239	4392.773	4392.773
176	Spectrogram 1	1	19.699503175	19.700500907	2140.700	6334.239	3962.109	3962.109
177	Spectrogram 1	1	19.700500907	19.701498639	2140.700	6334.239	3962.109	3962.109
178	Spectrogram 1	1	19.701498639	19.702496372	2140.700	6334.239	3962.109	3962.109
179	Spectrogram 1	1	19.702496372	19.703494104	2140.700	6334.239	3962.109	3962.109
180	Spectrogram 1	1	19.703494104	19.704363078	2140.700	6334.239	3962.109	3962.109
