Selection	View	Channel	Begin Time (s)	End Time (s)	Low Freq (Hz)	High Freq (Hz)	Center Freq (Hz)	Peak Freq (Hz)
1	Spectrogram 1	1	68.301813206	68.302813206	2169.800	6315.789	6187.500	6281.250
2	Spectrogram 1	1	68.302813206	68.303813206	2169.800	6315.789	6187.500	6281.250
3	Spectrogram 1	1	68.303813206	68.304813206	2169.800	6315.789	6187.500	6281.250
4	Spectrogram 1	1	68.304813206	68.305813206	2169.800	6315.789	6187.500	6281.250
5	Spectrogram 1	1	68.305813206	68.306813206	2169.800	6315.789	6187.500	6281.250
6	Spectrogram 1	1	68.306813206	68.307813206	2169.800	6315.789	6187.500	6281.250
7	Spectrogram 1	1	68.307813206	68.308813206	2169.800	6315.789	6187.500	6281.250
8	Spectrogram 1	1	68.308813206	68.309813206	2169.800	6315.789	6187.500	6281.250
9	Spectrogram 1	1	68.309813206	68.310813206	2169.800	6315.789	6187.500	6281.250
10	Spectrogram 1	1	68.310813206	68.311813206	2169.800	6315.789	6187.500	6281.250
11	Spectrogram 1	1	68.311813206	68.312813206	2169.800	6315.789	6187.500	6281.250
12	Spectrogram 1	1	68.312813206	68.313813206	2169.800	6315.789	6187.500	6281.250
13	Spectrogram 1	1	68.313813206	68.314813206	2169.800	6315.789	6187.500	6281.250
14	Spectrogram 1	1	68.314813206	68.315813206	2169.800	6315.789	6187.500	6281.250
15	Spectrogram 1	1	68.315813206	68.316813206	2169.800	6315.789	6187.500	6281.250
16	Spectrogram 1	1	68.316813206	68.317813206	2169.800	6315.789	6187.500	6281.250
17	Spectrogram 1	1	68.317813206	68.318813206	2169.800	6315.789	3750.000	3750.000
18	Spectrogram 1	1	68.318813206	68.319813206	2169.800	6315.789	3750.000	3750.000
19	Spectrogram 1	1	68.319813206	68.320813206	2169.800	6315.789	3750.000	3750.000
20	Spectrogram 1	1	68.320813206	68.321813206	2169.800	6315.789	3750.000	3750.000
21	Spectrogram 1	1	68.321813206	68.322813206	2169.800	6315.789	3750.000	3750.000
22	Spectrogram 1	1	68.322813206	68.323813206	2169.800	6315.789	3750.000	3750.000
23	Spectrogram 1	1	68.323813206	68.324813206	2169.800	6315.789	3750.000	3750.000
24	Spectrogram 1	1	68.324813206	68.325813206	2169.800	6315.789	3750.000	3750.000
25	Spectrogram 1	1	68.325813206	68.326813206	2169.800	6315.789	3750.000	3750.000
26	Spectrogram 1	1	68.326813206	68.327813206	2169.800	6315.789	3750.000	3750.000
27	Spectrogram 1	1	68.327813206	68.328813206	2169.800	6315.789	3750.000	3750.000
28	Spectrogram 1	1	68.328813206	68.329813206	2169.800	6315.789	3750.000	3750.000
29	Spectrogram 1	1	68.329813206	68.330813206	2169.800	6315.789	3750.000	3750.000
30	Spectrogram 1	1	68.330813206	68.331813206	2169.800	6315.789	3750.000	3750.000
31	Spectrogram 1	1	68.331813206	68.332813206	2169.800	6315.789	3750.000	3750.000
32	Spectrogram 1	1	68.332813206	68.333813206	2169.800	6315.789	3750.000	3750.000
33	Spectrogram 1	1	68.333813206	68.334813206	2169.800	6315.789	3750.000	3750.000
34	Spectrogram 1	1	68.334813206	68.335813206	2169.800	6315.789	3750.000	3750.000
35	Spectrogram 1	1	68.335813206	68.336813206	2169.800	6315.789	3750.000	3750.000
36	Spectrogram 1	1	68.336813206	68.337813206	2169.800	6315.789	3750.000	3750.000
37	Spectrogram 1	1	68.337813206	68.338813206	2169.800	6315.789	3750.000	3750.000
38	Spectrogram 1	1	68.338813206	68.339813206	2169.800	6315.789	3750.000	3750.000
39	Spectrogram 1	1	68.339813206	68.340813206	2169.800	6315.789	3750.000	3750.000
40	Spectrogram 1	1	68.340813206	68.341813206	2169.800	6315.789	3750.000	3750.000
41	Spectrogram 1	1	68.341813206	68.342813206	2169.800	6315.789	3750.000	3750.000
42	Spectrogram 1	1	68.342813206	68.343813206	2169.800	6315.789	3750.000	3750.000
43	Spectrogram 1	1	68.343813206	68.344813206	2169.800	6315.789	3843.750	3843.750
44	Spectrogram 1	1	68.344813206	68.345813206	2169.800	6315.789	3843.750	3843.750
45	Spectrogram 1	1	68.345813206	68.346813206	2169.800	6315.789	3843.750	3843.750
46	Spectrogram 1	1	68.346813206	68.347813206	2169.800	6315.789	3843.750	3843.750
47	Spectrogram 1	1	68.347813206	68.348813206	2169.800	6315.789	3843.750	3843.750
48	Spectrogram 1	1	68.348813206	68.349813206	2169.800	6315.789	3843.750	3843.750
49	Spectrogram 1	1	68.349813206	68.350813206	2169.800	6315.789	3937.500	3937.500
50	Spectrogram 1	1	68.350813206	68.351813206	2169.800	6315.789	3937.500	3937.500
51	Spectrogram 1	1	68.351813206	68.352813206	2169.800	6315.789	3937.500	3937.500
52	Spectrogram 1	1	68.352813206	68.353813206	2169.800	6315.789	3937.500	3937.500
53	Spectrogram 1	1	68.353813206	68.354813206	2169.800	6315.789	3937.500	3937.500
54	Spectrogram 1	1	68.354813206	68.355813206	2169.800	6315.789	4031.250	4031.250
55	Spectrogram 1	1	68.355813206	68.356813206	2169.800	6315.789	4031.250	4031.250
56	Spectrogram 1	1	68.356813206	68.357813206	2169.800	6315.789	4031.250	4031.250
57	Spectrogram 1	1	68.357813206	68.358813206	2169.800	6315.789	4031.250	4031.250
58	Spectrogram 1	1	68.358813206	68.359813206	2169.800	6315.789	4031.250	4031.250
59	Spectrogram 1	1	68.359813206	68.360813206	2169.800	6315.789	4125.000	4125.000
60	Spectrogram 1	1	68.360813206	68.361813206	2169.800	6315.789	4125.000	4125.000
61	Spectrogram 1	1	68.361813206	68.362813206	2169.800	6315.789	4125.000	4125.000
62	Spectrogram 1	1	68.362813206	68.363813206	2169.800	6315.789	4125.000	4125.000
63	Spectrogram 1	1	68.363813206	68.364813206	2169.800	6315.789	4125.000	4125.000
64	Spectrogram 1	1	68.364813206	68.365813206	2169.800	6315.789	4125.000	4125.000
65	Spectrogram 1	1	68.365813206	68.366813206	2169.800	6315.789	4218.750	4218.750
66	Spectrogram 1	1	68.366813206	68.367813206	2169.800	6315.789	4218.750	4218.750
67	Spectrogram 1	1	68.367813206	68.368813206	2169.800	6315.789	4218.750	4218.750
68	Spectrogram 1	1	68.368813206	68.369813206	2169.800	6315.789	4218.750	4218.750
69	Spectrogram 1	1	68.369813206	68.370813206	2169.800	6315.789	4218.750	4218.750
70	Spectrogram 1	1	68.370813206	68.371813206	2169.800	6315.789	4312.500	4312.500
71	Spectrogram 1	1	68.371813206	68.372813206	2169.800	6315.789	4312.500	4312.500
72	Spectrogram 1	1	68.372813206	68.373813206	2169.800	6315.789	4312.500	4312.500
73	Spectrogram 1	1	68.373813206	68.374813206	2169.800	6315.789	4312.500	4312.500
74	Spectrogram 1	1	68.374813206	68.375813206	2169.800	6315.789	4312.500	4312.500
75	Spectrogram 1	1	68.375813206	68.376813206	2169.800	6315.789	4406.250	4406.250
76	Spectrogram 1	1	68.376813206	68.377813206	2169.800	6315.789	4406.250	4406.250
77	Spectrogram 1	1	68.377813206	68.378813206	2169.800	6315.789	4406.250	4406.250
78	Spectrogram 1	1	68.378813206	68.379813206	2169.800	6315.789	4406.250	4406.250
79	Spectrogram 1	1	68.379813206	68.380813206	2169.800	6315.789	4406.250	4406.250
80	Spectrogram 1	1	68.380813206	68.381813206	2169.800	6315.789	4406.250	4406.250
81	Spectrogram 1	1	68.381813206	68.382813206	2169.800	6315.789	4593.750	4593.750
82	Spectrogram 1	1	68.382813206	68.383813206	2169.800	6315.789	4593.750	4593.750
83	Spectrogram 1	1	68.383813206	68.384813206	2169.800	6315.789	4593.750	4593.750
84	Spectrogram 1	1	68.384813206	68.385813206	2169.800	6315.789	4593.750	4593.750
85	Spectrogram 1	1	68.385813206	68.386813206	2169.800	6315.789	4593.750	4593.750
86	Spectrogram 1	1	68.386813206	68.387813206	2169.800	6315.789	4875.000	4875.000
87	Spectrogram 1	1	68.387813206	68.388813206	2169.800	6315.789	4875.000	4875.000
88	Spectrogram 1	1	68.388813206	68.389813206	2169.800	6315.789	4875.000	4875.000
89	Spectrogram 1	1	68.389813206	68.390813206	2169.800	6315.789	4875.000	4875.000
90	Spectrogram 1	1	68.390813206	68.391813206	2169.800	6315.789	4875.000	4875.000
91	Spectrogram 1	1	68.391813206	68.392813206	2169.800	6315.789	5062.500	5062.500
92	Spectrogram 1	1	68.392813206	68.393813206	2169.800	6315.789	5062.500	5062.500
93	Spectrogram 1	1	68.393813206	68.394813206	2169.800	6315.789	5062.500	5062.500
94	Spectrogram 1	1	68.394813206	68.395813206	2169.800	6315.789	5062.500	5062.500
95	Spectrogram 1	1	68.395813206	68.396813206	2169.800	6315.789	5062.500	5062.500
96	Spectrogram 1	1	68.396813206	68.397813206	2169.800	6315.789	5062.500	5062.500
97	Spectrogram 1	1	68.397813206	68.398813206	2169.800	6315.789	5343.750	5343.750
98	Spectrogram 1	1	68.398813206	68.399813206	2169.800	6315.789	5343.750	5343.750
99	Spectrogram 1	1	68.399813206	68.400813206	2169.800	6315.789	5343.750	5343.750
100	Spectrogram 1	1	68.400813206	68.401813206	2169.800	6315.789	5343.750	5343.750
101	Spectrogram 1	1	68.401813206	68.402813206	2169.800	6315.789	5343.750	5343.750
102	Spectrogram 1	1	68.402813206	68.403813206	2169.800	6315.789	5625.000	5625.000
103	Spectrogram 1	1	68.403813206	68.404813206	2169.800	6315.789	5625.000	5625.000
104	Spectrogram 1	1	68.404813206	68.405813206	2169.800	6315.789	5625.000	5625.000
105	Spectrogram 1	1	68.405813206	68.406813206	2169.800	6315.789	5625.000	5625.000
106	Spectrogram 1	1	68.406813206	68.407813206	2169.800	6315.789	5625.000	5625.000
107	Spectrogram 1	1	68.407813206	68.408813206	2169.800	6315.789	5625.000	5625.000
108	Spectrogram 1	1	68.408813206	68.409813206	2169.800	6315.789	5625.000	5625.000
109	Spectrogram 1	1	68.409813206	68.410813206	2169.800	6315.789	5625.000	5625.000
110	Spectrogram 1	1	68.410813206	68.411813206	2169.800	6315.789	5625.000	5625.000
111	Spectrogram 1	1	68.411813206	68.412813206	2169.800	6315.789	5625.000	5625.000
112	Spectrogram 1	1	68.412813206	68.413813206	2169.800	6315.789	5625.000	5625.000
113	Spectrogram 1	1	68.413813206	68.414813206	2169.800	6315.789	5062.500	4968.750
114	Spectrogram 1	1	68.414813206	68.415813206	2169.800	6315.789	5062.500	4968.750
115	Spectrogram 1	1	68.415813206	68.416813206	2169.800	6315.789	5062.500	4968.750
116	Spectrogram 1	1	68.416813206	68.417813206	2169.800	6315.789	5062.500	4968.750
117	Spectrogram 1	1	68.417813206	68.418813206	2169.800	6315.789	5062.500	4968.750
118	Spectrogram 1	1	68.418813206	68.419813206	2169.800	6315.789	5250.000	5156.250
119	Spectrogram 1	1	68.419813206	68.420813206	2169.800	6315.789	5250.000	5156.250
120	Spectrogram 1	1	68.420813206	68.421813206	2169.800	6315.789	5250.000	5156.250
121	Spectrogram 1	1	68.421813206	68.422813206	2169.800	6315.789	5250.000	5156.250
122	Spectrogram 1	1	68.422813206	68.423813206	2169.800	6315.789	5250.000	5156.250
123	Spectrogram 1	1	68.423813206	68.424813206	2169.800	6315.789	5250.000	5625.000
124	Spectrogram 1	1	68.424813206	68.425813206	2169.800	6315.789	5250.000	5625.000
125	Spectrogram 1	1	68.425813206	68.426813206	2169.800	6315.789	5250.000	5625.000
126	Spectrogram 1	1	68.426813206	68.427813206	2169.800	6315.789	5250.000	5625.000
127	Spectrogram 1	1	68.427813206	68.428813206	2169.800	6315.789	5250.000	5625.000
128	Spectrogram 1	1	68.428813206	68.429813206	2169.800	6315.789	5250.000	5625.000
129	Spectrogram 1	1	68.429813206	68.430813206	2169.800	6315.789	5531.250	5531.250
130	Spectrogram 1	1	68.430813206	68.431813206	2169.800	6315.789	5531.250	5531.250
131	Spectrogram 1	1	68.431813206	68.432813206	2169.800	6315.789	5531.250	5531.250
132	Spectrogram 1	1	68.432813206	68.433813206	2169.800	6315.789	5531.250	5531.250
133	Spectrogram 1	1	68.433813206	68.434813206	2169.800	6315.789	5531.250	5531.250
134	Spectrogram 1	1	68.434813206	68.435813206	2169.800	6315.789	6187.500	6187.500
135	Spectrogram 1	1	68.435813206	68.436813206	2169.800	6315.789	6187.500	6187.500
136	Spectrogram 1	1	68.436813206	68.437813206	2169.800	6315.789	6187.500	6187.500
137	Spectrogram 1	1	68.437813206	68.438813206	2169.800	6315.789	6187.500	6187.500
138	Spectrogram 1	1	68.438813206	68.439813206	2169.800	6315.789	6187.500	6187.500
139	Spectrogram 1	1	68.439813206	68.440813206	2169.800	6315.789	5718.750	5531.250
140	Spectrogram 1	1	68.440813206	68.441813206	2169.800	6315.789	5718.750	5531.250
141	Spectrogram 1	1	68.441813206	68.442813206	2169.800	6315.789	5718.750	5531.250
142	Spectrogram 1	1	68.442813206	68.443813206	2169.800	6315.789	5718.750	5531.250
143	Spectrogram 1	1	68.443813206	68.444813206	2169.800	6315.789	5718.750	5531.250
144	Spectrogram 1	1	68.444813206	68.445813206	2169.800	6315.789	5718.750	5531.250
145	Spectrogram 1	1	68.445813206	68.446813206	2169.800	6315.789	5062.500	4968.750
146	Spectrogram 1	1	68.446813206	68.447813206	2169.800	6315.789	5062.500	4968.750
147	Spectrogram 1	1	68.447813206	68.448813206	2169.800	6315.789	5062.500	4968.750
148	Spectrogram 1	1	68.448813206	68.449813206	2169.800	6315.789	5062.500	4968.750
149	Spectrogram 1	1	68.449813206	68.450813206	2169.800	6315.789	5062.500	4968.750
150	Spectrogram 1	1	68.450813206	68.451813206	2169.800	6315.789	4593.750	4593.750
151	Spectrogram 1	1	68.451813206	68.452813206	2169.800	6315.789	4593.750	4593.750
152	Spectrogram 1	1	68.452813206	68.453813206	2169.800	6315.789	4593.750	4593.750
153	Spectrogram 1	1	68.453813206	68.454813206	2169.800	6315.789	4593.750	4593.750
154	Spectrogram 1	1	68.454813206	68.455813206	2169.800	6315.789	4593.750	4593.750
155	Spectrogram 1	1	68.455813206	68.456813206	2169.800	6315.789	4406.250	4406.250
156	Spectrogram 1	1	68.456813206	68.457813206	2169.800	6315.789	4406.250	4406.250
157	Spectrogram 1	1	68.457813206	68.458813206	2169.800	6315.789	4406.250	4406.250
158	Spectrogram 1	1	68.458813206	68.459813206	2169.800	6315.789	4406.250	4406.250
159	Spectrogram 1	1	68.459813206	68.460813206	2169.800	6315.789	4406.250	4406.250
160	Spectrogram 1	1	68.460813206	68.461813206	2169.800	6315.789	4406.250	4406.250
161	Spectrogram 1	1	68.461813206	68.462813206	2169.800	6315.789	4406.250	4406.250
162	Spectrogram 1	1	68.462813206	68.463813206	2169.800	6315.789	4406.250	4406.250
163	Spectrogram 1	1	68.463813206	68.464813206	2169.800	6315.789	4406.250	4406.250
164	Spectrogram 1	1	68.464813206	68.465813206	2169.800	6315.789	4406.250	4406.250
165	Spectrogram 1	1	68.465813206	68.466813206	2169.800	6315.789	4406.250	4406.250
166	Spectrogram 1	1	68.466813206	68.467813206	2169.800	6315.789	4406.250	4406.250
167	Spectrogram 1	1	68.467813206	68.468813206	2169.800	6315.789	4406.250	4406.250
168	Spectrogram 1	1	68.468813206	68.469813206	2169.800	6315.789	4406.250	4406.250
169	Spectrogram 1	1	68.469813206	68.469833838	2169.800	6315.789	4406.250	4406.250
