Selection	View	Channel	Begin Time (s)	End Time (s)	Low Freq (Hz)	High Freq (Hz)	Center Freq (Hz)	Peak Freq (Hz)
1	Spectrogram 1	1	6.127826112	6.128823844	1503.400	7151.400	5167.969	5167.969
2	Spectrogram 1	1	6.128823844	6.129821577	1503.400	7151.400	5167.969	5167.969
3	Spectrogram 1	1	6.129821577	6.130819309	1503.400	7151.400	5167.969	5167.969
4	Spectrogram 1	1	6.130819309	6.131817042	1503.400	7151.400	5167.969	5167.969
5	Spectrogram 1	1	6.131817042	6.132814774	1503.400	7151.400	5167.969	5167.969
6	Spectrogram 1	1	6.132814774	6.133812507	1503.400	7151.400	4995.703	5167.969
7	Spectrogram 1	1	6.133812507	6.134810239	1503.400	7151.400	4995.703	5167.969
8	Spectrogram 1	1	6.134810239	6.135807971	1503.400	7151.400	4995.703	5167.969
9	Spectrogram 1	1	6.135807971	6.136805704	1503.400	7151.400	4995.703	5167.969
10	Spectrogram 1	1	6.136805704	6.137803436	1503.400	7151.400	4995.703	5167.969
11	Spectrogram 1	1	6.137803436	6.138801169	1503.400	7151.400	4995.703	5167.969
12	Spectrogram 1	1	6.138801169	6.139798901	1503.400	7151.400	5254.102	5167.969
13	Spectrogram 1	1	6.139798901	6.140796634	1503.400	7151.400	5254.102	5167.969
14	Spectrogram 1	1	6.140796634	6.141794366	1503.400	7151.400	5254.102	5167.969
15	Spectrogram 1	1	6.141794366	6.142792098	1503.400	7151.400	5254.102	5167.969
16	Spectrogram 1	1	6.142792098	6.143789831	1503.400	7151.400	5254.102	5167.969
17	Spectrogram 1	1	6.143789831	6.144787563	1503.400	7151.400	5254.102	5167.969
18	Spectrogram 1	1	6.144787563	6.145785296	1503.400	7151.400	3617.578	3617.578
19	Spectrogram 1	1	6.145785296	6.146783028	1503.400	7151.400	3617.578	3617.578
20	Spectrogram 1	1	6.146783028	6.147780761	1503.400	7151.400	3617.578	3617.578
21	Spectrogram 1	1	6.147780761	6.148778493	1503.400	7151.400	3617.578	3617.578
22	Spectrogram 1	1	6.148778493	6.149776225	1503.400	7151.400	3617.578	3617.578
23	Spectrogram 1	1	6.149776225	6.150773958	1503.400	7151.400	3617.578	3617.578
24	Spectrogram 1	1	6.150773958	6.151771690	1503.400	7151.400	3445.312	3531.445
25	Spectrogram 1	1	6.151771690	6.152769423	1503.400	7151.400	3445.312	3531.445
26	Spectrogram 1	1	6.152769423	6.153767155	1503.400	7151.400	3445.312	3531.445
27	Spectrogram 1	1	6.153767155	6.154764888	1503.400	7151.400	3445.312	3531.445
28	Spectrogram 1	1	6.154764888	6.155762620	1503.400	7151.400	3445.312	3531.445
29	Spectrogram 1	1	6.155762620	6.156760352	1503.400	7151.400	3186.914	3186.914
30	Spectrogram 1	1	6.156760352	6.157758085	1503.400	7151.400	3186.914	3186.914
31	Spectrogram 1	1	6.157758085	6.158755817	1503.400	7151.400	3186.914	3186.914
32	Spectrogram 1	1	6.158755817	6.159753550	1503.400	7151.400	3186.914	3186.914
33	Spectrogram 1	1	6.159753550	6.160751282	1503.400	7151.400	3186.914	3186.914
34	Spectrogram 1	1	6.160751282	6.161749014	1503.400	7151.400	3186.914	3186.914
35	Spectrogram 1	1	6.161749014	6.162746747	1503.400	7151.400	3186.914	3186.914
36	Spectrogram 1	1	6.162746747	6.163744479	1503.400	7151.400	3186.914	3186.914
37	Spectrogram 1	1	6.163744479	6.164742212	1503.400	7151.400	3186.914	3186.914
38	Spectrogram 1	1	6.164742212	6.165739944	1503.400	7151.400	3186.914	3186.914
39	Spectrogram 1	1	6.165739944	6.166737677	1503.400	7151.400	3186.914	3186.914
40	Spectrogram 1	1	6.166737677	6.167735409	1503.400	7151.400	3186.914	3186.914
41	Spectrogram 1	1	6.167735409	6.168733141	1503.400	7151.400	3186.914	3186.914
42	Spectrogram 1	1	6.168733141	6.169730874	1503.400	7151.400	3186.914	3186.914
43	Spectrogram 1	1	6.169730874	6.170728606	1503.400	7151.400	3186.914	3186.914
44	Spectrogram 1	1	6.170728606	6.171726339	1503.400	7151.400	3186.914	3186.914
45	Spectrogram 1	1	6.171726339	6.172724071	1503.400	7151.400	3186.914	3186.914
46	Spectrogram 1	1	6.172724071	6.173721804	1503.400	7151.400	3186.914	3186.914
47	Spectrogram 1	1	6.173721804	6.174719536	1503.400	7151.400	3186.914	3186.914
48	Spectrogram 1	1	6.174719536	6.175717268	1503.400	7151.400	3186.914	3186.914
49	Spectrogram 1	1	6.175717268	6.176715001	1503.400	7151.400	3186.914	3186.914
50	Spectrogram 1	1	6.176715001	6.177712733	1503.400	7151.400	3186.914	3186.914
51	Spectrogram 1	1	6.177712733	6.178710466	1503.400	7151.400	3186.914	3186.914
52	Spectrogram 1	1	6.178710466	6.179708198	1503.400	7151.400	3186.914	3186.914
53	Spectrogram 1	1	6.179708198	6.180705931	1503.400	7151.400	3014.648	3014.648
54	Spectrogram 1	1	6.180705931	6.181703663	1503.400	7151.400	3014.648	3014.648
55	Spectrogram 1	1	6.181703663	6.182701395	1503.400	7151.400	3014.648	3014.648
56	Spectrogram 1	1	6.182701395	6.183699128	1503.400	7151.400	3014.648	3014.648
57	Spectrogram 1	1	6.183699128	6.184696860	1503.400	7151.400	3014.648	3014.648
58	Spectrogram 1	1	6.184696860	6.185694593	1503.400	7151.400	3014.648	3014.648
59	Spectrogram 1	1	6.185694593	6.186692325	1503.400	7151.400	2928.516	2928.516
60	Spectrogram 1	1	6.186692325	6.187690058	1503.400	7151.400	2928.516	2928.516
61	Spectrogram 1	1	6.187690058	6.188687790	1503.400	7151.400	2928.516	2928.516
62	Spectrogram 1	1	6.188687790	6.189685522	1503.400	7151.400	2928.516	2928.516
63	Spectrogram 1	1	6.189685522	6.190683255	1503.400	7151.400	2928.516	2928.516
64	Spectrogram 1	1	6.190683255	6.191680987	1503.400	7151.400	3014.648	3014.648
65	Spectrogram 1	1	6.191680987	6.192678720	1503.400	7151.400	3014.648	3014.648
66	Spectrogram 1	1	6.192678720	6.193676452	1503.400	7151.400	3014.648	3014.648
67	Spectrogram 1	1	6.193676452	6.194674185	1503.400	7151.400	3014.648	3014.648
68	Spectrogram 1	1	6.194674185	6.195671917	1503.400	7151.400	3014.648	3014.648
69	Spectrogram 1	1	6.195671917	6.196669649	1503.400	7151.400	3014.648	3014.648
70	Spectrogram 1	1	6.196669649	6.197667382	1503.400	7151.400	3186.914	3186.914
71	Spectrogram 1	1	6.197667382	6.198665114	1503.400	7151.400	3186.914	3186.914
72	Spectrogram 1	1	6.198665114	6.199662847	1503.400	7151.400	3186.914	3186.914
73	Spectrogram 1	1	6.199662847	6.200660579	1503.400	7151.400	3186.914	3186.914
74	Spectrogram 1	1	6.200660579	6.201658312	1503.400	7151.400	3186.914	3186.914
75	Spectrogram 1	1	6.201658312	6.202656044	1503.400	7151.400	3186.914	3186.914
76	Spectrogram 1	1	6.202656044	6.203653776	1503.400	7151.400	3359.180	3359.180
77	Spectrogram 1	1	6.203653776	6.204651509	1503.400	7151.400	3359.180	3359.180
78	Spectrogram 1	1	6.204651509	6.205649241	1503.400	7151.400	3359.180	3359.180
79	Spectrogram 1	1	6.205649241	6.206646974	1503.400	7151.400	3359.180	3359.180
80	Spectrogram 1	1	6.206646974	6.207644706	1503.400	7151.400	3359.180	3359.180
81	Spectrogram 1	1	6.207644706	6.208642439	1503.400	7151.400	3359.180	3359.180
82	Spectrogram 1	1	6.208642439	6.209640171	1503.400	7151.400	3531.445	3531.445
83	Spectrogram 1	1	6.209640171	6.210637903	1503.400	7151.400	3531.445	3531.445
84	Spectrogram 1	1	6.210637903	6.211635636	1503.400	7151.400	3531.445	3531.445
85	Spectrogram 1	1	6.211635636	6.212633368	1503.400	7151.400	3531.445	3531.445
86	Spectrogram 1	1	6.212633368	6.213631101	1503.400	7151.400	3531.445	3531.445
87	Spectrogram 1	1	6.213631101	6.214628833	1503.400	7151.400	3531.445	3531.445
88	Spectrogram 1	1	6.214628833	6.215626566	1503.400	7151.400	3789.844	3789.844
89	Spectrogram 1	1	6.215626566	6.216624298	1503.400	7151.400	3789.844	3789.844
90	Spectrogram 1	1	6.216624298	6.217622030	1503.400	7151.400	3789.844	3789.844
91	Spectrogram 1	1	6.217622030	6.218619763	1503.400	7151.400	3789.844	3789.844
92	Spectrogram 1	1	6.218619763	6.219617495	1503.400	7151.400	3789.844	3789.844
93	Spectrogram 1	1	6.219617495	6.220615228	1503.400	7151.400	4134.375	4134.375
94	Spectrogram 1	1	6.220615228	6.221612960	1503.400	7151.400	4134.375	4134.375
95	Spectrogram 1	1	6.221612960	6.222610692	1503.400	7151.400	4134.375	4134.375
96	Spectrogram 1	1	6.222610692	6.223608425	1503.400	7151.400	4134.375	4134.375
97	Spectrogram 1	1	6.223608425	6.224606157	1503.400	7151.400	4134.375	4134.375
98	Spectrogram 1	1	6.224606157	6.225603890	1503.400	7151.400	4134.375	4134.375
99	Spectrogram 1	1	6.225603890	6.226601622	1503.400	7151.400	4220.508	4220.508
100	Spectrogram 1	1	6.226601622	6.227599355	1503.400	7151.400	4220.508	4220.508
101	Spectrogram 1	1	6.227599355	6.228597087	1503.400	7151.400	4220.508	4220.508
102	Spectrogram 1	1	6.228597087	6.229594819	1503.400	7151.400	4220.508	4220.508
103	Spectrogram 1	1	6.229594819	6.230592552	1503.400	7151.400	4220.508	4220.508
104	Spectrogram 1	1	6.230592552	6.231590284	1503.400	7151.400	4220.508	4220.508
105	Spectrogram 1	1	6.231590284	6.232588017	1503.400	7151.400	4306.641	4306.641
106	Spectrogram 1	1	6.232588017	6.233585749	1503.400	7151.400	4306.641	4306.641
107	Spectrogram 1	1	6.233585749	6.234583482	1503.400	7151.400	4306.641	4306.641
108	Spectrogram 1	1	6.234583482	6.235581214	1503.400	7151.400	4306.641	4306.641
109	Spectrogram 1	1	6.235581214	6.236578946	1503.400	7151.400	4306.641	4306.641
110	Spectrogram 1	1	6.236578946	6.237576679	1503.400	7151.400	4306.641	4306.641
111	Spectrogram 1	1	6.237576679	6.238574411	1503.400	7151.400	4306.641	4306.641
112	Spectrogram 1	1	6.238574411	6.239572144	1503.400	7151.400	4306.641	4306.641
113	Spectrogram 1	1	6.239572144	6.240569876	1503.400	7151.400	4306.641	4306.641
114	Spectrogram 1	1	6.240569876	6.241567609	1503.400	7151.400	4306.641	4306.641
115	Spectrogram 1	1	6.241567609	6.242565341	1503.400	7151.400	4306.641	4306.641
116	Spectrogram 1	1	6.242565341	6.243563073	1503.400	7151.400	4306.641	4306.641
117	Spectrogram 1	1	6.243563073	6.244560806	1503.400	7151.400	4478.906	4478.906
118	Spectrogram 1	1	6.244560806	6.245558538	1503.400	7151.400	4478.906	4478.906
119	Spectrogram 1	1	6.245558538	6.246556271	1503.400	7151.400	4478.906	4478.906
120	Spectrogram 1	1	6.246556271	6.247554003	1503.400	7151.400	4478.906	4478.906
121	Spectrogram 1	1	6.247554003	6.248551736	1503.400	7151.400	4478.906	4478.906
122	Spectrogram 1	1	6.248551736	6.249549468	1503.400	7151.400	4478.906	4478.906
123	Spectrogram 1	1	6.249549468	6.250547200	1503.400	7151.400	4565.039	4565.039
124	Spectrogram 1	1	6.250547200	6.251544933	1503.400	7151.400	4565.039	4565.039
125	Spectrogram 1	1	6.251544933	6.252542665	1503.400	7151.400	4565.039	4565.039
126	Spectrogram 1	1	6.252542665	6.253540398	1503.400	7151.400	4565.039	4565.039
127	Spectrogram 1	1	6.253540398	6.254538130	1503.400	7151.400	4565.039	4565.039
128	Spectrogram 1	1	6.254538130	6.255535863	1503.400	7151.400	4823.438	4823.438
129	Spectrogram 1	1	6.255535863	6.256533595	1503.400	7151.400	4823.438	4823.438
130	Spectrogram 1	1	6.256533595	6.257531327	1503.400	7151.400	4823.438	4823.438
131	Spectrogram 1	1	6.257531327	6.258529060	1503.400	7151.400	4823.438	4823.438
132	Spectrogram 1	1	6.258529060	6.259526792	1503.400	7151.400	4823.438	4823.438
133	Spectrogram 1	1	6.259526792	6.260524525	1503.400	7151.400	4823.438	4823.438
134	Spectrogram 1	1	6.260524525	6.261522257	1503.400	7151.400	4737.305	4565.039
135	Spectrogram 1	1	6.261522257	6.262519990	1503.400	7151.400	4737.305	4565.039
136	Spectrogram 1	1	6.262519990	6.263517722	1503.400	7151.400	4737.305	4565.039
137	Spectrogram 1	1	6.263517722	6.264515454	1503.400	7151.400	4737.305	4565.039
138	Spectrogram 1	1	6.264515454	6.265513187	1503.400	7151.400	4737.305	4565.039
139	Spectrogram 1	1	6.265513187	6.266510919	1503.400	7151.400	4737.305	4565.039
140	Spectrogram 1	1	6.266510919	6.267508652	1503.400	7151.400	4306.641	4306.641
141	Spectrogram 1	1	6.267508652	6.268506384	1503.400	7151.400	4306.641	4306.641
142	Spectrogram 1	1	6.268506384	6.269504117	1503.400	7151.400	4306.641	4306.641
143	Spectrogram 1	1	6.269504117	6.270501849	1503.400	7151.400	4306.641	4306.641
144	Spectrogram 1	1	6.270501849	6.271499581	1503.400	7151.400	4306.641	4306.641
145	Spectrogram 1	1	6.271499581	6.272497314	1503.400	7151.400	4306.641	4306.641
146	Spectrogram 1	1	6.272497314	6.273495046	1503.400	7151.400	3875.977	3875.977
147	Spectrogram 1	1	6.273495046	6.274492779	1503.400	7151.400	3875.977	3875.977
148	Spectrogram 1	1	6.274492779	6.275490511	1503.400	7151.400	3875.977	3875.977
149	Spectrogram 1	1	6.275490511	6.276488244	1503.400	7151.400	3875.977	3875.977
150	Spectrogram 1	1	6.276488244	6.277485976	1503.400	7151.400	3875.977	3875.977
151	Spectrogram 1	1	6.277485976	6.278483708	1503.400	7151.400	3875.977	3875.977
152	Spectrogram 1	1	6.278483708	6.279481441	1503.400	7151.400	4048.242	4048.242
153	Spectrogram 1	1	6.279481441	6.280479173	1503.400	7151.400	4048.242	4048.242
154	Spectrogram 1	1	6.280479173	6.281476906	1503.400	7151.400	4048.242	4048.242
155	Spectrogram 1	1	6.281476906	6.282474638	1503.400	7151.400	4048.242	4048.242
156	Spectrogram 1	1	6.282474638	6.283472371	1503.400	7151.400	4048.242	4048.242
157	Spectrogram 1	1	6.283472371	6.284470103	1503.400	7151.400	5167.969	4565.039
158	Spectrogram 1	1	6.284470103	6.285467835	1503.400	7151.400	5167.969	4565.039
159	Spectrogram 1	1	6.285467835	6.286465568	1503.400	7151.400	5167.969	4565.039
160	Spectrogram 1	1	6.286465568	6.287463300	1503.400	7151.400	5167.969	4565.039
161	Spectrogram 1	1	6.287463300	6.288461033	1503.400	7151.400	5167.969	4565.039
162	Spectrogram 1	1	6.288461033	6.289458765	1503.400	7151.400	5167.969	4565.039
163	Spectrogram 1	1	6.289458765	6.290456497	1503.400	7151.400	6718.359	6804.492
164	Spectrogram 1	1	6.290456497	6.291454230	1503.400	7151.400	6718.359	6804.492
165	Spectrogram 1	1	6.291454230	6.292451962	1503.400	7151.400	6718.359	6804.492
166	Spectrogram 1	1	6.292451962	6.293449695	1503.400	7151.400	6718.359	6804.492
167	Spectrogram 1	1	6.293449695	6.294447427	1503.400	7151.400	6718.359	6804.492
168	Spectrogram 1	1	6.294447427	6.295445160	1503.400	7151.400	6718.359	6804.492
169	Spectrogram 1	1	6.295445160	6.296442892	1503.400	7151.400	6546.094	6632.227
170	Spectrogram 1	1	6.296442892	6.297440624	1503.400	7151.400	6546.094	6632.227
171	Spectrogram 1	1	6.297440624	6.298438357	1503.400	7151.400	6546.094	6632.227
172	Spectrogram 1	1	6.298438357	6.299436089	1503.400	7151.400	6546.094	6632.227
173	Spectrogram 1	1	6.299436089	6.300433822	1503.400	7151.400	6546.094	6632.227
174	Spectrogram 1	1	6.300433822	6.301431554	1503.400	7151.400	6546.094	6632.227
175	Spectrogram 1	1	6.301431554	6.302429287	1503.400	7151.400	5426.367	5340.234
176	Spectrogram 1	1	6.302429287	6.303427019	1503.400	7151.400	5426.367	5340.234
177	Spectrogram 1	1	6.303427019	6.304424751	1503.400	7151.400	5426.367	5340.234
178	Spectrogram 1	1	6.304424751	6.305422484	1503.400	7151.400	5426.367	5340.234
179	Spectrogram 1	1	6.305422484	6.306420216	1503.400	7151.400	5426.367	5340.234
180	Spectrogram 1	1	6.306420216	6.307417949	1503.400	7151.400	5426.367	5340.234
181	Spectrogram 1	1	6.307417949	6.308415681	1503.400	7151.400	4995.703	5081.836
182	Spectrogram 1	1	6.308415681	6.309413414	1503.400	7151.400	4995.703	5081.836
183	Spectrogram 1	1	6.309413414	6.310411146	1503.400	7151.400	4995.703	5081.836
184	Spectrogram 1	1	6.310411146	6.311408878	1503.400	7151.400	4995.703	5081.836
185	Spectrogram 1	1	6.311408878	6.312406611	1503.400	7151.400	4995.703	5081.836
186	Spectrogram 1	1	6.312406611	6.313404343	1503.400	7151.400	4995.703	5081.836
187	Spectrogram 1	1	6.313404343	6.314402076	1503.400	7151.400	4392.773	4392.773
188	Spectrogram 1	1	6.314402076	6.315399808	1503.400	7151.400	4392.773	4392.773
189	Spectrogram 1	1	6.315399808	6.316397541	1503.400	7151.400	4392.773	4392.773
190	Spectrogram 1	1	6.316397541	6.317395273	1503.400	7151.400	4392.773	4392.773
191	Spectrogram 1	1	6.317395273	6.318393005	1503.400	7151.400	4392.773	4392.773
192	Spectrogram 1	1	6.318393005	6.319390738	1503.400	7151.400	4134.375	4134.375
193	Spectrogram 1	1	6.319390738	6.320388470	1503.400	7151.400	4134.375	4134.375
194	Spectrogram 1	1	6.320388470	6.321386203	1503.400	7151.400	4134.375	4134.375
195	Spectrogram 1	1	6.321386203	6.322383935	1503.400	7151.400	4134.375	4134.375
196	Spectrogram 1	1	6.322383935	6.323381668	1503.400	7151.400	4134.375	4134.375
197	Spectrogram 1	1	6.323381668	6.324379400	1503.400	7151.400	4134.375	4134.375
198	Spectrogram 1	1	6.324379400	6.325377132	1503.400	7151.400	4134.375	4134.375
199	Spectrogram 1	1	6.325377132	6.326374865	1503.400	7151.400	4134.375	4134.375
200	Spectrogram 1	1	6.326374865	6.327372597	1503.400	7151.400	4134.375	4134.375
201	Spectrogram 1	1	6.327372597	6.328370330	1503.400	7151.400	4134.375	4134.375
202	Spectrogram 1	1	6.328370330	6.329368062	1503.400	7151.400	4134.375	4134.375
203	Spectrogram 1	1	6.329368062	6.330365795	1503.400	7151.400	4134.375	4134.375
204	Spectrogram 1	1	6.330365795	6.330817627	1503.400	7151.400	4220.508	4134.375
