Selection	View	Channel	Begin Time (s)	End Time (s)	Low Freq (Hz)	High Freq (Hz)	Center Freq (Hz)	Peak Freq (Hz)
1	Spectrogram 1	1	11.901182390	11.902182390	1893.000	6585.366	4875.000	4687.500
2	Spectrogram 1	1	11.902182390	11.903182390	1893.000	6585.366	3937.500	3750.000
3	Spectrogram 1	1	11.903182390	11.904182390	1893.000	6585.366	3937.500	3750.000
4	Spectrogram 1	1	11.904182390	11.905182390	1893.000	6585.366	3937.500	3750.000
5	Spectrogram 1	1	11.905182390	11.906182390	1893.000	6585.366	4312.500	4312.500
6	Spectrogram 1	1	11.906182390	11.907182390	1893.000	6585.366	4312.500	4312.500
7	Spectrogram 1	1	11.907182390	11.908182390	1893.000	6585.366	4312.500	4312.500
8	Spectrogram 1	1	11.908182390	11.909182390	1893.000	6585.366	4875.000	4687.500
9	Spectrogram 1	1	11.909182390	11.910182390	1893.000	6585.366	4875.000	4687.500
10	Spectrogram 1	1	11.910182390	11.911182390	1893.000	6585.366	4500.000	5625.000
11	Spectrogram 1	1	11.911182390	11.912182390	1893.000	6585.366	4500.000	5625.000
12	Spectrogram 1	1	11.912182390	11.913182390	1893.000	6585.366	4500.000	5625.000
13	Spectrogram 1	1	11.913182390	11.914182390	1893.000	6585.366	3187.500	3187.500
14	Spectrogram 1	1	11.914182390	11.915182390	1893.000	6585.366	3187.500	3187.500
15	Spectrogram 1	1	11.915182390	11.916182390	1893.000	6585.366	3187.500	3187.500
16	Spectrogram 1	1	11.916182390	11.917182390	1893.000	6585.366	3375.000	3375.000
17	Spectrogram 1	1	11.917182390	11.918182390	1893.000	6585.366	3375.000	3375.000
18	Spectrogram 1	1	11.918182390	11.919182390	1893.000	6585.366	3187.500	3375.000
19	Spectrogram 1	1	11.919182390	11.920182390	1893.000	6585.366	3187.500	3375.000
20	Spectrogram 1	1	11.920182390	11.921182390	1893.000	6585.366	3187.500	3375.000
21	Spectrogram 1	1	11.921182390	11.922182390	1893.000	6585.366	3187.500	3187.500
22	Spectrogram 1	1	11.922182390	11.923182390	1893.000	6585.366	3187.500	3187.500
23	Spectrogram 1	1	11.923182390	11.924182390	1893.000	6585.366	3187.500	3187.500
24	Spectrogram 1	1	11.924182390	11.925182390	1893.000	6585.366	3187.500	3187.500
25	Spectrogram 1	1	11.925182390	11.926182390	1893.000	6585.366	3187.500	3187.500
26	Spectrogram 1	1	11.926182390	11.927182390	1893.000	6585.366	3375.000	3375.000
27	Spectrogram 1	1	11.927182390	11.928182390	1893.000	6585.366	3375.000	3375.000
28	Spectrogram 1	1	11.928182390	11.929182390	1893.000	6585.366	3375.000	3375.000
29	Spectrogram 1	1	11.929182390	11.930182390	1893.000	6585.366	3375.000	3375.000
30	Spectrogram 1	1	11.930182390	11.931182390	1893.000	6585.366	3375.000	3375.000
31	Spectrogram 1	1	11.931182390	11.932182390	1893.000	6585.366	3375.000	3375.000
32	Spectrogram 1	1	11.932182390	11.933182390	1893.000	6585.366	3375.000	3375.000
33	Spectrogram 1	1	11.933182390	11.934182390	1893.000	6585.366	3375.000	3375.000
34	Spectrogram 1	1	11.934182390	11.935182390	1893.000	6585.366	3375.000	3375.000
35	Spectrogram 1	1	11.935182390	11.936182390	1893.000	6585.366	3375.000	3375.000
36	Spectrogram 1	1	11.936182390	11.937182390	1893.000	6585.366	3375.000	3375.000
37	Spectrogram 1	1	11.937182390	11.938182390	1893.000	6585.366	3375.000	3375.000
38	Spectrogram 1	1	11.938182390	11.939182390	1893.000	6585.366	3375.000	3375.000
39	Spectrogram 1	1	11.939182390	11.940182390	1893.000	6585.366	3375.000	3375.000
40	Spectrogram 1	1	11.940182390	11.941182390	1893.000	6585.366	3375.000	3375.000
41	Spectrogram 1	1	11.941182390	11.942182390	1893.000	6585.366	3375.000	3375.000
42	Spectrogram 1	1	11.942182390	11.943182390	1893.000	6585.366	3375.000	3375.000
43	Spectrogram 1	1	11.943182390	11.944182390	1893.000	6585.366	3375.000	3375.000
44	Spectrogram 1	1	11.944182390	11.945182390	1893.000	6585.366	3375.000	3375.000
45	Spectrogram 1	1	11.945182390	11.946182390	1893.000	6585.366	3375.000	3375.000
46	Spectrogram 1	1	11.946182390	11.947182390	1893.000	6585.366	3375.000	3375.000
47	Spectrogram 1	1	11.947182390	11.948182390	1893.000	6585.366	3375.000	3375.000
48	Spectrogram 1	1	11.948182390	11.949182390	1893.000	6585.366	3375.000	3375.000
49	Spectrogram 1	1	11.949182390	11.950182390	1893.000	6585.366	3375.000	3375.000
50	Spectrogram 1	1	11.950182390	11.951182390	1893.000	6585.366	3562.500	3562.500
51	Spectrogram 1	1	11.951182390	11.952182390	1893.000	6585.366	3562.500	3562.500
52	Spectrogram 1	1	11.952182390	11.953182390	1893.000	6585.366	3562.500	3562.500
53	Spectrogram 1	1	11.953182390	11.954182390	1893.000	6585.366	3562.500	3562.500
54	Spectrogram 1	1	11.954182390	11.955182390	1893.000	6585.366	3562.500	3562.500
55	Spectrogram 1	1	11.955182390	11.956182390	1893.000	6585.366	3562.500	3562.500
56	Spectrogram 1	1	11.956182390	11.957182390	1893.000	6585.366	3562.500	3562.500
57	Spectrogram 1	1	11.957182390	11.958182390	1893.000	6585.366	3562.500	3562.500
58	Spectrogram 1	1	11.958182390	11.959182390	1893.000	6585.366	3562.500	3562.500
59	Spectrogram 1	1	11.959182390	11.960182390	1893.000	6585.366	3562.500	3562.500
60	Spectrogram 1	1	11.960182390	11.961182390	1893.000	6585.366	3562.500	3562.500
61	Spectrogram 1	1	11.961182390	11.962182390	1893.000	6585.366	3562.500	3562.500
62	Spectrogram 1	1	11.962182390	11.963182390	1893.000	6585.366	3562.500	3562.500
63	Spectrogram 1	1	11.963182390	11.964182390	1893.000	6585.366	3562.500	3562.500
64	Spectrogram 1	1	11.964182390	11.965182390	1893.000	6585.366	3562.500	3562.500
65	Spectrogram 1	1	11.965182390	11.966182390	1893.000	6585.366	3562.500	3562.500
66	Spectrogram 1	1	11.966182390	11.967182390	1893.000	6585.366	3562.500	3562.500
67	Spectrogram 1	1	11.967182390	11.968182390	1893.000	6585.366	3562.500	3562.500
68	Spectrogram 1	1	11.968182390	11.969182390	1893.000	6585.366	3562.500	3562.500
69	Spectrogram 1	1	11.969182390	11.970182390	1893.000	6585.366	3562.500	3562.500
70	Spectrogram 1	1	11.970182390	11.971182390	1893.000	6585.366	3562.500	3562.500
71	Spectrogram 1	1	11.971182390	11.972182390	1893.000	6585.366	3562.500	3562.500
72	Spectrogram 1	1	11.972182390	11.973182390	1893.000	6585.366	3750.000	3750.000
73	Spectrogram 1	1	11.973182390	11.974182390	1893.000	6585.366	3750.000	3750.000
74	Spectrogram 1	1	11.974182390	11.975182390	1893.000	6585.366	3750.000	3750.000
75	Spectrogram 1	1	11.975182390	11.976182390	1893.000	6585.366	3750.000	3750.000
76	Spectrogram 1	1	11.976182390	11.977182390	1893.000	6585.366	3750.000	3750.000
77	Spectrogram 1	1	11.977182390	11.978182390	1893.000	6585.366	3750.000	3750.000
78	Spectrogram 1	1	11.978182390	11.979182390	1893.000	6585.366	3750.000	3750.000
79	Spectrogram 1	1	11.979182390	11.980182390	1893.000	6585.366	3750.000	3750.000
80	Spectrogram 1	1	11.980182390	11.981182390	1893.000	6585.366	3937.500	3937.500
81	Spectrogram 1	1	11.981182390	11.982182390	1893.000	6585.366	3937.500	3937.500
82	Spectrogram 1	1	11.982182390	11.983182390	1893.000	6585.366	3937.500	3937.500
83	Spectrogram 1	1	11.983182390	11.984182390	1893.000	6585.366	3937.500	3937.500
84	Spectrogram 1	1	11.984182390	11.985182390	1893.000	6585.366	3937.500	3937.500
85	Spectrogram 1	1	11.985182390	11.986182390	1893.000	6585.366	3937.500	3937.500
86	Spectrogram 1	1	11.986182390	11.987182390	1893.000	6585.366	3937.500	3937.500
87	Spectrogram 1	1	11.987182390	11.988182390	1893.000	6585.366	3937.500	3937.500
88	Spectrogram 1	1	11.988182390	11.989182390	1893.000	6585.366	3937.500	3937.500
89	Spectrogram 1	1	11.989182390	11.990182390	1893.000	6585.366	3937.500	3937.500
90	Spectrogram 1	1	11.990182390	11.991182390	1893.000	6585.366	4125.000	4125.000
91	Spectrogram 1	1	11.991182390	11.992182390	1893.000	6585.366	4125.000	4125.000
92	Spectrogram 1	1	11.992182390	11.993182390	1893.000	6585.366	4125.000	4125.000
93	Spectrogram 1	1	11.993182390	11.994182390	1893.000	6585.366	4125.000	4125.000
94	Spectrogram 1	1	11.994182390	11.995182390	1893.000	6585.366	4125.000	4125.000
95	Spectrogram 1	1	11.995182390	11.996182390	1893.000	6585.366	4125.000	4125.000
96	Spectrogram 1	1	11.996182390	11.997182390	1893.000	6585.366	4125.000	4125.000
97	Spectrogram 1	1	11.997182390	11.998182390	1893.000	6585.366	4125.000	4125.000
98	Spectrogram 1	1	11.998182390	11.999182390	1893.000	6585.366	4312.500	4312.500
99	Spectrogram 1	1	11.999182390	12.000182390	1893.000	6585.366	4312.500	4312.500
100	Spectrogram 1	1	12.000182390	12.001182390	1893.000	6585.366	4312.500	4312.500
101	Spectrogram 1	1	12.001182390	12.002182390	1893.000	6585.366	4500.000	4500.000
102	Spectrogram 1	1	12.002182390	12.003182390	1893.000	6585.366	4500.000	4500.000
103	Spectrogram 1	1	12.003182390	12.004182390	1893.000	6585.366	4500.000	4500.000
104	Spectrogram 1	1	12.004182390	12.005182390	1893.000	6585.366	4500.000	4500.000
105	Spectrogram 1	1	12.005182390	12.006182390	1893.000	6585.366	4500.000	4500.000
106	Spectrogram 1	1	12.006182390	12.007182390	1893.000	6585.366	4687.500	4687.500
107	Spectrogram 1	1	12.007182390	12.008182390	1893.000	6585.366	4687.500	4687.500
108	Spectrogram 1	1	12.008182390	12.009182390	1893.000	6585.366	4687.500	4687.500
109	Spectrogram 1	1	12.009182390	12.010182390	1893.000	6585.366	4687.500	4687.500
110	Spectrogram 1	1	12.010182390	12.011182390	1893.000	6585.366	4687.500	4687.500
111	Spectrogram 1	1	12.011182390	12.012182390	1893.000	6585.366	4687.500	4687.500
112	Spectrogram 1	1	12.012182390	12.013182390	1893.000	6585.366	4687.500	4687.500
113	Spectrogram 1	1	12.013182390	12.014182390	1893.000	6585.366	4687.500	4687.500
114	Spectrogram 1	1	12.014182390	12.015182390	1893.000	6585.366	4875.000	4875.000
115	Spectrogram 1	1	12.015182390	12.016182390	1893.000	6585.366	4875.000	4875.000
116	Spectrogram 1	1	12.016182390	12.017182390	1893.000	6585.366	4875.000	4875.000
117	Spectrogram 1	1	12.017182390	12.018182390	1893.000	6585.366	4687.500	4687.500
118	Spectrogram 1	1	12.018182390	12.019182390	1893.000	6585.366	4687.500	4687.500
119	Spectrogram 1	1	12.019182390	12.020182390	1893.000	6585.366	4687.500	4687.500
120	Spectrogram 1	1	12.020182390	12.021182390	1893.000	6585.366	4687.500	4687.500
121	Spectrogram 1	1	12.021182390	12.022182390	1893.000	6585.366	4687.500	4687.500
122	Spectrogram 1	1	12.022182390	12.023182390	1893.000	6585.366	4500.000	4500.000
123	Spectrogram 1	1	12.023182390	12.024182390	1893.000	6585.366	4500.000	4500.000
124	Spectrogram 1	1	12.024182390	12.025182390	1893.000	6585.366	4500.000	4500.000
125	Spectrogram 1	1	12.025182390	12.026182390	1893.000	6585.366	4125.000	4125.000
126	Spectrogram 1	1	12.026182390	12.027182390	1893.000	6585.366	4125.000	4125.000
127	Spectrogram 1	1	12.027182390	12.028182390	1893.000	6585.366	4125.000	4125.000
128	Spectrogram 1	1	12.028182390	12.029182390	1893.000	6585.366	4687.500	4687.500
129	Spectrogram 1	1	12.029182390	12.030182390	1893.000	6585.366	4687.500	4687.500
130	Spectrogram 1	1	12.030182390	12.031182390	1893.000	6585.366	4687.500	4875.000
131	Spectrogram 1	1	12.031182390	12.032182390	1893.000	6585.366	4687.500	4875.000
132	Spectrogram 1	1	12.032182390	12.033182390	1893.000	6585.366	4687.500	4875.000
133	Spectrogram 1	1	12.033182390	12.034182390	1893.000	6585.366	4687.500	4687.500
134	Spectrogram 1	1	12.034182390	12.035182390	1893.000	6585.366	4687.500	4687.500
135	Spectrogram 1	1	12.035182390	12.036182390	1893.000	6585.366	4687.500	4687.500
136	Spectrogram 1	1	12.036182390	12.037182390	1893.000	6585.366	4875.000	4875.000
137	Spectrogram 1	1	12.037182390	12.038182390	1893.000	6585.366	4875.000	4875.000
138	Spectrogram 1	1	12.038182390	12.039182390	1893.000	6585.366	4687.500	4687.500
139	Spectrogram 1	1	12.039182390	12.040182390	1893.000	6585.366	4687.500	4687.500
140	Spectrogram 1	1	12.040182390	12.041182390	1893.000	6585.366	4687.500	4687.500
141	Spectrogram 1	1	12.041182390	12.042182390	1893.000	6585.366	4687.500	4687.500
142	Spectrogram 1	1	12.042182390	12.043182390	1893.000	6585.366	4687.500	4687.500
143	Spectrogram 1	1	12.043182390	12.044182390	1893.000	6585.366	4687.500	4687.500
144	Spectrogram 1	1	12.044182390	12.045182390	1893.000	6585.366	4875.000	6562.500
145	Spectrogram 1	1	12.045182390	12.046182390	1893.000	6585.366	4875.000	6562.500
146	Spectrogram 1	1	12.046182390	12.047182390	1893.000	6585.366	6375.000	6375.000
147	Spectrogram 1	1	12.047182390	12.048182390	1893.000	6585.366	6375.000	6375.000
148	Spectrogram 1	1	12.048182390	12.049182390	1893.000	6585.366	6375.000	6375.000
149	Spectrogram 1	1	12.049182390	12.050182390	1893.000	6585.366	5812.500	5812.500
150	Spectrogram 1	1	12.050182390	12.051182390	1893.000	6585.366	5812.500	5812.500
151	Spectrogram 1	1	12.051182390	12.052182390	1893.000	6585.366	5812.500	5812.500
152	Spectrogram 1	1	12.052182390	12.053182390	1893.000	6585.366	5437.500	5437.500
153	Spectrogram 1	1	12.053182390	12.054182390	1893.000	6585.366	5437.500	5437.500
154	Spectrogram 1	1	12.054182390	12.055182390	1893.000	6585.366	4875.000	4875.000
155	Spectrogram 1	1	12.055182390	12.056182390	1893.000	6585.366	4875.000	4875.000
156	Spectrogram 1	1	12.056182390	12.057182390	1893.000	6585.366	4875.000	4875.000
157	Spectrogram 1	1	12.057182390	12.058182390	1893.000	6585.366	4687.500	4687.500
158	Spectrogram 1	1	12.058182390	12.059182390	1893.000	6585.366	4687.500	4687.500
159	Spectrogram 1	1	12.059182390	12.060182390	1893.000	6585.366	4687.500	4687.500
160	Spectrogram 1	1	12.060182390	12.061182390	1893.000	6585.366	4312.500	4125.000
161	Spectrogram 1	1	12.061182390	12.062182390	1893.000	6585.366	4312.500	4125.000
162	Spectrogram 1	1	12.062182390	12.063182390	1893.000	6585.366	3937.500	3937.500
163	Spectrogram 1	1	12.063182390	12.064182390	1893.000	6585.366	3937.500	3937.500
164	Spectrogram 1	1	12.064182390	12.065182390	1893.000	6585.366	3937.500	3937.500
165	Spectrogram 1	1	12.065182390	12.066182390	1893.000	6585.366	3937.500	3937.500
166	Spectrogram 1	1	12.066182390	12.067182390	1893.000	6585.366	3937.500	3937.500
167	Spectrogram 1	1	12.067182390	12.068182390	1893.000	6585.366	3937.500	3937.500
168	Spectrogram 1	1	12.068182390	12.069182390	1893.000	6585.366	3937.500	3750.000
169	Spectrogram 1	1	12.069182390	12.070182390	1893.000	6585.366	3937.500	3750.000
170	Spectrogram 1	1	12.070182390	12.071182390	1893.000	6585.366	3750.000	3750.000
171	Spectrogram 1	1	12.071182390	12.072182390	1893.000	6585.366	3750.000	3750.000
172	Spectrogram 1	1	12.072182390	12.073182390	1893.000	6585.366	3750.000	3750.000
173	Spectrogram 1	1	12.073182390	12.074182390	1893.000	6585.366	3750.000	3750.000
174	Spectrogram 1	1	12.074182390	12.075182390	1893.000	6585.366	3750.000	3750.000
175	Spectrogram 1	1	12.075182390	12.076182390	1893.000	6585.366	3750.000	3750.000
176	Spectrogram 1	1	12.076182390	12.077182390	1893.000	6585.366	3750.000	3750.000
177	Spectrogram 1	1	12.077182390	12.078182390	1893.000	6585.366	3750.000	3750.000
178	Spectrogram 1	1	12.078182390	12.079182390	1893.000	6585.366	3750.000	3750.000
179	Spectrogram 1	1	12.079182390	12.080182390	1893.000	6585.366	3750.000	3750.000
180	Spectrogram 1	1	12.080182390	12.081182390	1893.000	6585.366	3750.000	3750.000
181	Spectrogram 1	1	12.081182390	12.082182390	1893.000	6585.366	3562.500	3562.500
182	Spectrogram 1	1	12.082182390	12.083182390	1893.000	6585.366	3562.500	3562.500
183	Spectrogram 1	1	12.083182390	12.084182390	1893.000	6585.366	3562.500	3562.500
184	Spectrogram 1	1	12.084182390	12.085182390	1893.000	6585.366	3562.500	3562.500
185	Spectrogram 1	1	12.085182390	12.086182390	1893.000	6585.366	3562.500	3562.500
186	Spectrogram 1	1	12.086182390	12.087182390	1893.000	6585.366	3562.500	3562.500
187	Spectrogram 1	1	12.087182390	12.088182390	1893.000	6585.366	3562.500	3562.500
188	Spectrogram 1	1	12.088182390	12.089182390	1893.000	6585.366	3562.500	3562.500
189	Spectrogram 1	1	12.089182390	12.090182390	1893.000	6585.366	3562.500	3562.500
190	Spectrogram 1	1	12.090182390	12.091182390	1893.000	6585.366	3562.500	3562.500
191	Spectrogram 1	1	12.091182390	12.092182390	1893.000	6585.366	3562.500	3562.500
192	Spectrogram 1	1	12.092182390	12.093182390	1893.000	6585.366	3562.500	3562.500
193	Spectrogram 1	1	12.093182390	12.094182390	1893.000	6585.366	3562.500	3562.500
194	Spectrogram 1	1	12.094182390	12.095182390	1893.000	6585.366	3375.000	3375.000
195	Spectrogram 1	1	12.095182390	12.096182390	1893.000	6585.366	3375.000	3375.000
196	Spectrogram 1	1	12.096182390	12.097182390	1893.000	6585.366	3375.000	3375.000
197	Spectrogram 1	1	12.097182390	12.098182390	1893.000	6585.366	3375.000	3375.000
198	Spectrogram 1	1	12.098182390	12.099182390	1893.000	6585.366	3375.000	3375.000
199	Spectrogram 1	1	12.099182390	12.100182390	1893.000	6585.366	3375.000	3375.000
200	Spectrogram 1	1	12.100182390	12.101182390	1893.000	6585.366	3375.000	3375.000
201	Spectrogram 1	1	12.101182390	12.102182390	1893.000	6585.366	3375.000	3375.000
202	Spectrogram 1	1	12.102182390	12.103182390	1893.000	6585.366	3187.500	3000.000
203	Spectrogram 1	1	12.103182390	12.104182390	1893.000	6585.366	3187.500	3000.000
204	Spectrogram 1	1	12.104182390	12.105182390	1893.000	6585.366	3187.500	3000.000
205	Spectrogram 1	1	12.105182390	12.106182390	1893.000	6585.366	3000.000	2812.500
206	Spectrogram 1	1	12.106182390	12.107182390	1893.000	6585.366	3000.000	2812.500
207	Spectrogram 1	1	12.107182390	12.108182390	1893.000	6585.366	3000.000	2812.500
208	Spectrogram 1	1	12.108182390	12.109182390	1893.000	6585.366	4500.000	4500.000
209	Spectrogram 1	1	12.109182390	12.109424576	1893.000	6585.366	4500.000	4500.000
