Selection	View	Channel	Begin Time (s)	End Time (s)	Low Freq (Hz)	High Freq (Hz)	Center Freq (Hz)	Peak Freq (Hz)
1	Spectrogram 1	1	42.931040395	42.932040395	2756.800	5404.800	5062.500	5250.000
2	Spectrogram 1	1	42.932040395	42.933040395	2756.800	5404.800	3375.000	3000.000
3	Spectrogram 1	1	42.933040395	42.934040395	2756.800	5404.800	3375.000	3000.000
4	Spectrogram 1	1	42.934040395	42.935040395	2756.800	5404.800	3375.000	3000.000
5	Spectrogram 1	1	42.935040395	42.936040395	2756.800	5404.800	3187.500	3000.000
6	Spectrogram 1	1	42.936040395	42.937040395	2756.800	5404.800	3187.500	3000.000
7	Spectrogram 1	1	42.937040395	42.938040395	2756.800	5404.800	3187.500	3187.500
8	Spectrogram 1	1	42.938040395	42.939040395	2756.800	5404.800	3187.500	3187.500
9	Spectrogram 1	1	42.939040395	42.940040395	2756.800	5404.800	3187.500	3187.500
10	Spectrogram 1	1	42.940040395	42.941040395	2756.800	5404.800	3375.000	3375.000
11	Spectrogram 1	1	42.941040395	42.942040395	2756.800	5404.800	3375.000	3375.000
12	Spectrogram 1	1	42.942040395	42.943040395	2756.800	5404.800	3375.000	3375.000
13	Spectrogram 1	1	42.943040395	42.944040395	2756.800	5404.800	3375.000	3375.000
14	Spectrogram 1	1	42.944040395	42.945040395	2756.800	5404.800	3375.000	3375.000
15	Spectrogram 1	1	42.945040395	42.946040395	2756.800	5404.800	3562.500	3562.500
16	Spectrogram 1	1	42.946040395	42.947040395	2756.800	5404.800	3562.500	3562.500
17	Spectrogram 1	1	42.947040395	42.948040395	2756.800	5404.800	3562.500	3562.500
18	Spectrogram 1	1	42.948040395	42.949040395	2756.800	5404.800	3562.500	3562.500
19	Spectrogram 1	1	42.949040395	42.950040395	2756.800	5404.800	3562.500	3562.500
20	Spectrogram 1	1	42.950040395	42.951040395	2756.800	5404.800	3562.500	3562.500
21	Spectrogram 1	1	42.951040395	42.952040395	2756.800	5404.800	3562.500	3562.500
22	Spectrogram 1	1	42.952040395	42.953040395	2756.800	5404.800	3562.500	3562.500
23	Spectrogram 1	1	42.953040395	42.954040395	2756.800	5404.800	3750.000	3750.000
24	Spectrogram 1	1	42.954040395	42.955040395	2756.800	5404.800	3750.000	3750.000
25	Spectrogram 1	1	42.955040395	42.956040395	2756.800	5404.800	3750.000	3750.000
26	Spectrogram 1	1	42.956040395	42.957040395	2756.800	5404.800	3750.000	3750.000
27	Spectrogram 1	1	42.957040395	42.958040395	2756.800	5404.800	3750.000	3750.000
28	Spectrogram 1	1	42.958040395	42.959040395	2756.800	5404.800	3750.000	3750.000
29	Spectrogram 1	1	42.959040395	42.960040395	2756.800	5404.800	3750.000	3750.000
30	Spectrogram 1	1	42.960040395	42.961040395	2756.800	5404.800	3750.000	3750.000
31	Spectrogram 1	1	42.961040395	42.962040395	2756.800	5404.800	3750.000	3750.000
32	Spectrogram 1	1	42.962040395	42.963040395	2756.800	5404.800	3750.000	3750.000
33	Spectrogram 1	1	42.963040395	42.964040395	2756.800	5404.800	3750.000	3750.000
34	Spectrogram 1	1	42.964040395	42.965040395	2756.800	5404.800	3750.000	3750.000
35	Spectrogram 1	1	42.965040395	42.966040395	2756.800	5404.800	3750.000	3750.000
36	Spectrogram 1	1	42.966040395	42.967040395	2756.800	5404.800	3750.000	3750.000
37	Spectrogram 1	1	42.967040395	42.968040395	2756.800	5404.800	3750.000	3750.000
38	Spectrogram 1	1	42.968040395	42.969040395	2756.800	5404.800	3750.000	3750.000
39	Spectrogram 1	1	42.969040395	42.970040395	2756.800	5404.800	3750.000	3750.000
40	Spectrogram 1	1	42.970040395	42.971040395	2756.800	5404.800	3750.000	3750.000
41	Spectrogram 1	1	42.971040395	42.972040395	2756.800	5404.800	3750.000	3750.000
42	Spectrogram 1	1	42.972040395	42.973040395	2756.800	5404.800	3937.500	3937.500
43	Spectrogram 1	1	42.973040395	42.974040395	2756.800	5404.800	3937.500	3937.500
44	Spectrogram 1	1	42.974040395	42.975040395	2756.800	5404.800	3937.500	3937.500
45	Spectrogram 1	1	42.975040395	42.976040395	2756.800	5404.800	3937.500	3937.500
46	Spectrogram 1	1	42.976040395	42.977040395	2756.800	5404.800	3937.500	3937.500
47	Spectrogram 1	1	42.977040395	42.978040395	2756.800	5404.800	3937.500	3937.500
48	Spectrogram 1	1	42.978040395	42.979040395	2756.800	5404.800	3937.500	3937.500
49	Spectrogram 1	1	42.979040395	42.980040395	2756.800	5404.800	3937.500	3937.500
50	Spectrogram 1	1	42.980040395	42.981040395	2756.800	5404.800	3937.500	3937.500
51	Spectrogram 1	1	42.981040395	42.982040395	2756.800	5404.800	3937.500	3937.500
52	Spectrogram 1	1	42.982040395	42.983040395	2756.800	5404.800	3937.500	3937.500
53	Spectrogram 1	1	42.983040395	42.984040395	2756.800	5404.800	3937.500	3937.500
54	Spectrogram 1	1	42.984040395	42.985040395	2756.800	5404.800	3937.500	3937.500
55	Spectrogram 1	1	42.985040395	42.986040395	2756.800	5404.800	4125.000	4125.000
56	Spectrogram 1	1	42.986040395	42.987040395	2756.800	5404.800	4125.000	4125.000
57	Spectrogram 1	1	42.987040395	42.988040395	2756.800	5404.800	4125.000	4125.000
58	Spectrogram 1	1	42.988040395	42.989040395	2756.800	5404.800	4125.000	4125.000
59	Spectrogram 1	1	42.989040395	42.990040395	2756.800	5404.800	4125.000	4125.000
60	Spectrogram 1	1	42.990040395	42.991040395	2756.800	5404.800	4125.000	4125.000
61	Spectrogram 1	1	42.991040395	42.992040395	2756.800	5404.800	4125.000	4125.000
62	Spectrogram 1	1	42.992040395	42.993040395	2756.800	5404.800	4125.000	4125.000
63	Spectrogram 1	1	42.993040395	42.994040395	2756.800	5404.800	4125.000	4125.000
64	Spectrogram 1	1	42.994040395	42.995040395	2756.800	5404.800	4125.000	4125.000
65	Spectrogram 1	1	42.995040395	42.996040395	2756.800	5404.800	4125.000	4125.000
66	Spectrogram 1	1	42.996040395	42.997040395	2756.800	5404.800	4312.500	4312.500
67	Spectrogram 1	1	42.997040395	42.998040395	2756.800	5404.800	4312.500	4312.500
68	Spectrogram 1	1	42.998040395	42.999040395	2756.800	5404.800	4312.500	4312.500
69	Spectrogram 1	1	42.999040395	43.000040395	2756.800	5404.800	4312.500	4312.500
70	Spectrogram 1	1	43.000040395	43.001040395	2756.800	5404.800	4312.500	4312.500
71	Spectrogram 1	1	43.001040395	43.002040395	2756.800	5404.800	4312.500	4312.500
72	Spectrogram 1	1	43.002040395	43.003040395	2756.800	5404.800	4312.500	4312.500
73	Spectrogram 1	1	43.003040395	43.004040395	2756.800	5404.800	4312.500	4312.500
74	Spectrogram 1	1	43.004040395	43.005040395	2756.800	5404.800	4500.000	4500.000
75	Spectrogram 1	1	43.005040395	43.006040395	2756.800	5404.800	4500.000	4500.000
76	Spectrogram 1	1	43.006040395	43.007040395	2756.800	5404.800	4500.000	4500.000
77	Spectrogram 1	1	43.007040395	43.008040395	2756.800	5404.800	4500.000	4500.000
78	Spectrogram 1	1	43.008040395	43.009040395	2756.800	5404.800	4500.000	4500.000
79	Spectrogram 1	1	43.009040395	43.010040395	2756.800	5404.800	4687.500	4687.500
80	Spectrogram 1	1	43.010040395	43.011040395	2756.800	5404.800	4687.500	4687.500
81	Spectrogram 1	1	43.011040395	43.012040395	2756.800	5404.800	4687.500	4687.500
82	Spectrogram 1	1	43.012040395	43.013040395	2756.800	5404.800	4875.000	4875.000
83	Spectrogram 1	1	43.013040395	43.014040395	2756.800	5404.800	4875.000	4875.000
84	Spectrogram 1	1	43.014040395	43.015040395	2756.800	5404.800	4875.000	4875.000
85	Spectrogram 1	1	43.015040395	43.016040395	2756.800	5404.800	4875.000	4875.000
86	Spectrogram 1	1	43.016040395	43.017040395	2756.800	5404.800	4875.000	4875.000
87	Spectrogram 1	1	43.017040395	43.018040395	2756.800	5404.800	4687.500	4687.500
88	Spectrogram 1	1	43.018040395	43.019040395	2756.800	5404.800	4687.500	4687.500
89	Spectrogram 1	1	43.019040395	43.020040395	2756.800	5404.800	4687.500	4687.500
90	Spectrogram 1	1	43.020040395	43.021040395	2756.800	5404.800	4125.000	4125.000
91	Spectrogram 1	1	43.021040395	43.022040395	2756.800	5404.800	4125.000	4125.000
92	Spectrogram 1	1	43.022040395	43.023040395	2756.800	5404.800	4125.000	4125.000
93	Spectrogram 1	1	43.023040395	43.024040395	2756.800	5404.800	3750.000	3750.000
94	Spectrogram 1	1	43.024040395	43.025040395	2756.800	5404.800	3750.000	3750.000
95	Spectrogram 1	1	43.025040395	43.026040395	2756.800	5404.800	3937.500	3562.500
96	Spectrogram 1	1	43.026040395	43.027040395	2756.800	5404.800	3937.500	3562.500
97	Spectrogram 1	1	43.027040395	43.028040395	2756.800	5404.800	3937.500	3562.500
98	Spectrogram 1	1	43.028040395	43.029040395	2756.800	5404.800	4687.500	4687.500
99	Spectrogram 1	1	43.029040395	43.030040395	2756.800	5404.800	4687.500	4687.500
100	Spectrogram 1	1	43.030040395	43.031040395	2756.800	5404.800	4687.500	4687.500
101	Spectrogram 1	1	43.031040395	43.032040395	2756.800	5404.800	4312.500	3375.000
102	Spectrogram 1	1	43.032040395	43.033040395	2756.800	5404.800	4312.500	3375.000
103	Spectrogram 1	1	43.033040395	43.034040395	2756.800	5404.800	4312.500	4125.000
104	Spectrogram 1	1	43.034040395	43.035040395	2756.800	5404.800	4312.500	4125.000
105	Spectrogram 1	1	43.035040395	43.036040395	2756.800	5404.800	4312.500	4125.000
106	Spectrogram 1	1	43.036040395	43.037040395	2756.800	5404.800	4687.500	4875.000
107	Spectrogram 1	1	43.037040395	43.038040395	2756.800	5404.800	4687.500	4875.000
108	Spectrogram 1	1	43.038040395	43.039040395	2756.800	5404.800	4687.500	4875.000
109	Spectrogram 1	1	43.039040395	43.040040395	2756.800	5404.800	4500.000	4875.000
110	Spectrogram 1	1	43.040040395	43.041040395	2756.800	5404.800	4500.000	4875.000
111	Spectrogram 1	1	43.041040395	43.042040395	2756.800	5404.800	4687.500	4875.000
112	Spectrogram 1	1	43.042040395	43.043040395	2756.800	5404.800	4687.500	4875.000
113	Spectrogram 1	1	43.043040395	43.044040395	2756.800	5404.800	4687.500	4875.000
114	Spectrogram 1	1	43.044040395	43.045040395	2756.800	5404.800	3750.000	3562.500
115	Spectrogram 1	1	43.045040395	43.046040395	2756.800	5404.800	3750.000	3562.500
116	Spectrogram 1	1	43.046040395	43.047040395	2756.800	5404.800	3750.000	3562.500
117	Spectrogram 1	1	43.047040395	43.048040395	2756.800	5404.800	3750.000	3562.500
118	Spectrogram 1	1	43.048040395	43.049040395	2756.800	5404.800	3750.000	3562.500
119	Spectrogram 1	1	43.049040395	43.050040395	2756.800	5404.800	3750.000	3750.000
120	Spectrogram 1	1	43.050040395	43.051040395	2756.800	5404.800	3750.000	3750.000
121	Spectrogram 1	1	43.051040395	43.052040395	2756.800	5404.800	3750.000	3750.000
122	Spectrogram 1	1	43.052040395	43.053040395	2756.800	5404.800	3750.000	3750.000
123	Spectrogram 1	1	43.053040395	43.054040395	2756.800	5404.800	3750.000	3750.000
124	Spectrogram 1	1	43.054040395	43.055040395	2756.800	5404.800	3750.000	3750.000
125	Spectrogram 1	1	43.055040395	43.056040395	2756.800	5404.800	3750.000	3750.000
126	Spectrogram 1	1	43.056040395	43.057040395	2756.800	5404.800	3750.000	3750.000
127	Spectrogram 1	1	43.057040395	43.058040395	2756.800	5404.800	3750.000	3750.000
128	Spectrogram 1	1	43.058040395	43.059040395	2756.800	5404.800	3750.000	3750.000
129	Spectrogram 1	1	43.059040395	43.060040395	2756.800	5404.800	3750.000	3750.000
130	Spectrogram 1	1	43.060040395	43.061040395	2756.800	5404.800	3750.000	3750.000
131	Spectrogram 1	1	43.061040395	43.062040395	2756.800	5404.800	3750.000	3750.000
132	Spectrogram 1	1	43.062040395	43.063040395	2756.800	5404.800	3750.000	3750.000
133	Spectrogram 1	1	43.063040395	43.064040395	2756.800	5404.800	3750.000	3750.000
134	Spectrogram 1	1	43.064040395	43.065040395	2756.800	5404.800	3750.000	3750.000
135	Spectrogram 1	1	43.065040395	43.066040395	2756.800	5404.800	3750.000	3750.000
136	Spectrogram 1	1	43.066040395	43.067040395	2756.800	5404.800	3750.000	3750.000
137	Spectrogram 1	1	43.067040395	43.068040395	2756.800	5404.800	3750.000	3750.000
138	Spectrogram 1	1	43.068040395	43.069040395	2756.800	5404.800	3750.000	3562.500
139	Spectrogram 1	1	43.069040395	43.070040395	2756.800	5404.800	3750.000	3562.500
140	Spectrogram 1	1	43.070040395	43.071040395	2756.800	5404.800	3750.000	3562.500
141	Spectrogram 1	1	43.071040395	43.072040395	2756.800	5404.800	3937.500	3937.500
142	Spectrogram 1	1	43.072040395	43.073040395	2756.800	5404.800	3937.500	3937.500
143	Spectrogram 1	1	43.073040395	43.074040395	2756.800	5404.800	3750.000	3750.000
144	Spectrogram 1	1	43.074040395	43.075040395	2756.800	5404.800	3750.000	3750.000
145	Spectrogram 1	1	43.075040395	43.076040395	2756.800	5404.800	3750.000	3750.000
146	Spectrogram 1	1	43.076040395	43.077040395	2756.800	5404.800	3937.500	3937.500
147	Spectrogram 1	1	43.077040395	43.078040395	2756.800	5404.800	3937.500	3937.500
148	Spectrogram 1	1	43.078040395	43.079040395	2756.800	5404.800	3937.500	3937.500
149	Spectrogram 1	1	43.079040395	43.080040395	2756.800	5404.800	3937.500	3750.000
150	Spectrogram 1	1	43.080040395	43.081040395	2756.800	5404.800	3937.500	3750.000
151	Spectrogram 1	1	43.081040395	43.082040395	2756.800	5404.800	3750.000	3562.500
152	Spectrogram 1	1	43.082040395	43.083040395	2756.800	5404.800	3750.000	3562.500
153	Spectrogram 1	1	43.083040395	43.084040395	2756.800	5404.800	3750.000	3562.500
154	Spectrogram 1	1	43.084040395	43.085040395	2756.800	5404.800	3750.000	3562.500
155	Spectrogram 1	1	43.085040395	43.086040395	2756.800	5404.800	3750.000	3562.500
156	Spectrogram 1	1	43.086040395	43.087040395	2756.800	5404.800	3750.000	3562.500
157	Spectrogram 1	1	43.087040395	43.088040395	2756.800	5404.800	3750.000	3187.500
158	Spectrogram 1	1	43.088040395	43.089040395	2756.800	5404.800	3750.000	3187.500
159	Spectrogram 1	1	43.089040395	43.090040395	2756.800	5404.800	3562.500	3187.500
160	Spectrogram 1	1	43.090040395	43.091040395	2756.800	5404.800	3562.500	3187.500
161	Spectrogram 1	1	43.091040395	43.092040395	2756.800	5404.800	3562.500	3187.500
162	Spectrogram 1	1	43.092040395	43.093040395	2756.800	5404.800	3187.500	3187.500
163	Spectrogram 1	1	43.093040395	43.094040395	2756.800	5404.800	3187.500	3187.500
164	Spectrogram 1	1	43.094040395	43.095040395	2756.800	5404.800	3187.500	3187.500
165	Spectrogram 1	1	43.095040395	43.096040395	2756.800	5404.800	3187.500	3187.500
166	Spectrogram 1	1	43.096040395	43.097040395	2756.800	5404.800	3187.500	3187.500
167	Spectrogram 1	1	43.097040395	43.098040395	2756.800	5404.800	3187.500	3187.500
168	Spectrogram 1	1	43.098040395	43.099040395	2756.800	5404.800	3187.500	3187.500
169	Spectrogram 1	1	43.099040395	43.100040395	2756.800	5404.800	3187.500	3187.500
170	Spectrogram 1	1	43.100040395	43.101040395	2756.800	5404.800	3375.000	3375.000
171	Spectrogram 1	1	43.101040395	43.102040395	2756.800	5404.800	3375.000	3375.000
172	Spectrogram 1	1	43.102040395	43.103040395	2756.800	5404.800	3375.000	3375.000
173	Spectrogram 1	1	43.103040395	43.104040395	2756.800	5404.800	3562.500	3562.500
174	Spectrogram 1	1	43.104040395	43.105040395	2756.800	5404.800	3562.500	3562.500
175	Spectrogram 1	1	43.105040395	43.106040395	2756.800	5404.800	3562.500	3562.500
176	Spectrogram 1	1	43.106040395	43.107040395	2756.800	5404.800	3562.500	3562.500
177	Spectrogram 1	1	43.107040395	43.108040395	2756.800	5404.800	3562.500	3562.500
178	Spectrogram 1	1	43.108040395	43.109040395	2756.800	5404.800	3750.000	3750.000
179	Spectrogram 1	1	43.109040395	43.110040395	2756.800	5404.800	3750.000	3750.000
180	Spectrogram 1	1	43.110040395	43.111040395	2756.800	5404.800	3750.000	3750.000
181	Spectrogram 1	1	43.111040395	43.112040395	2756.800	5404.800	3750.000	3750.000
182	Spectrogram 1	1	43.112040395	43.113040395	2756.800	5404.800	3750.000	3750.000
183	Spectrogram 1	1	43.113040395	43.114040395	2756.800	5404.800	3750.000	3750.000
184	Spectrogram 1	1	43.114040395	43.115040395	2756.800	5404.800	3750.000	3750.000
185	Spectrogram 1	1	43.115040395	43.116040395	2756.800	5404.800	3750.000	3750.000
186	Spectrogram 1	1	43.116040395	43.117040395	2756.800	5404.800	3562.500	3562.500
187	Spectrogram 1	1	43.117040395	43.118040395	2756.800	5404.800	3562.500	3562.500
188	Spectrogram 1	1	43.118040395	43.119040395	2756.800	5404.800	3562.500	3562.500
189	Spectrogram 1	1	43.119040395	43.120040395	2756.800	5404.800	3375.000	3375.000
190	Spectrogram 1	1	43.120040395	43.121040395	2756.800	5404.800	3375.000	3375.000
191	Spectrogram 1	1	43.121040395	43.122040395	2756.800	5404.800	3375.000	3375.000
192	Spectrogram 1	1	43.122040395	43.123040395	2756.800	5404.800	3375.000	3375.000
193	Spectrogram 1	1	43.123040395	43.124040395	2756.800	5404.800	3375.000	3375.000
194	Spectrogram 1	1	43.124040395	43.125040395	2756.800	5404.800	3375.000	3187.500
195	Spectrogram 1	1	43.125040395	43.126040395	2756.800	5404.800	3375.000	3187.500
196	Spectrogram 1	1	43.126040395	43.127040395	2756.800	5404.800	3375.000	3187.500
197	Spectrogram 1	1	43.127040395	43.128040395	2756.800	5404.800	3375.000	3187.500
198	Spectrogram 1	1	43.128040395	43.129040395	2756.800	5404.800	3375.000	3187.500
199	Spectrogram 1	1	43.129040395	43.130040395	2756.800	5404.800	3562.500	3187.500
200	Spectrogram 1	1	43.130040395	43.131040395	2756.800	5404.800	3562.500	3187.500
201	Spectrogram 1	1	43.131040395	43.132040395	2756.800	5404.800	3562.500	3187.500
202	Spectrogram 1	1	43.132040395	43.133040395	2756.800	5404.800	3187.500	3187.500
203	Spectrogram 1	1	43.133040395	43.134040395	2756.800	5404.800	3187.500	3187.500
204	Spectrogram 1	1	43.134040395	43.135040395	2756.800	5404.800	3187.500	3187.500
205	Spectrogram 1	1	43.135040395	43.136000000	2756.800	5404.800	3562.500	3562.500
