Selection	View	Channel	Begin Time (s)	End Time (s)	Low Freq (Hz)	High Freq (Hz)	Center Freq (Hz)	Peak Freq (Hz)
1	Spectrogram 1	1	120.403765355	120.404765355	1710.742	6432.391	5062.500	5062.500
2	Spectrogram 1	1	120.404765355	120.405765355	1710.742	6432.391	5062.500	5062.500
3	Spectrogram 1	1	120.405765355	120.406765355	1710.742	6432.391	5062.500	5062.500
4	Spectrogram 1	1	120.406765355	120.407765355	1710.742	6432.391	4500.000	4500.000
5	Spectrogram 1	1	120.407765355	120.408765355	1710.742	6432.391	4500.000	4500.000
6	Spectrogram 1	1	120.408765355	120.409765355	1710.742	6432.391	4500.000	4500.000
7	Spectrogram 1	1	120.409765355	120.410765355	1710.742	6432.391	4875.000	4875.000
8	Spectrogram 1	1	120.410765355	120.411765355	1710.742	6432.391	4875.000	4875.000
9	Spectrogram 1	1	120.411765355	120.412765355	1710.742	6432.391	5437.500	5437.500
10	Spectrogram 1	1	120.412765355	120.413765355	1710.742	6432.391	5437.500	5437.500
11	Spectrogram 1	1	120.413765355	120.414765355	1710.742	6432.391	5437.500	5437.500
12	Spectrogram 1	1	120.414765355	120.415765355	1710.742	6432.391	4875.000	3000.000
13	Spectrogram 1	1	120.415765355	120.416765355	1710.742	6432.391	4875.000	3000.000
14	Spectrogram 1	1	120.416765355	120.417765355	1710.742	6432.391	4875.000	3000.000
15	Spectrogram 1	1	120.417765355	120.418765355	1710.742	6432.391	3375.000	3187.500
16	Spectrogram 1	1	120.418765355	120.419765355	1710.742	6432.391	3375.000	3187.500
17	Spectrogram 1	1	120.419765355	120.420765355	1710.742	6432.391	5062.500	3375.000
18	Spectrogram 1	1	120.420765355	120.421765355	1710.742	6432.391	5062.500	3375.000
19	Spectrogram 1	1	120.421765355	120.422765355	1710.742	6432.391	5062.500	3375.000
20	Spectrogram 1	1	120.422765355	120.423765355	1710.742	6432.391	3375.000	3375.000
21	Spectrogram 1	1	120.423765355	120.424765355	1710.742	6432.391	3375.000	3375.000
22	Spectrogram 1	1	120.424765355	120.425765355	1710.742	6432.391	3375.000	3375.000
23	Spectrogram 1	1	120.425765355	120.426765355	1710.742	6432.391	3375.000	3375.000
24	Spectrogram 1	1	120.426765355	120.427765355	1710.742	6432.391	3375.000	3375.000
25	Spectrogram 1	1	120.427765355	120.428765355	1710.742	6432.391	3375.000	3375.000
26	Spectrogram 1	1	120.428765355	120.429765355	1710.742	6432.391	3375.000	3375.000
27	Spectrogram 1	1	120.429765355	120.430765355	1710.742	6432.391	3375.000	3375.000
28	Spectrogram 1	1	120.430765355	120.431765355	1710.742	6432.391	3375.000	3375.000
29	Spectrogram 1	1	120.431765355	120.432765355	1710.742	6432.391	3375.000	3375.000
30	Spectrogram 1	1	120.432765355	120.433765355	1710.742	6432.391	3375.000	3375.000
31	Spectrogram 1	1	120.433765355	120.434765355	1710.742	6432.391	3562.500	3562.500
32	Spectrogram 1	1	120.434765355	120.435765355	1710.742	6432.391	3562.500	3562.500
33	Spectrogram 1	1	120.435765355	120.436765355	1710.742	6432.391	3562.500	3562.500
34	Spectrogram 1	1	120.436765355	120.437765355	1710.742	6432.391	3562.500	3562.500
35	Spectrogram 1	1	120.437765355	120.438765355	1710.742	6432.391	3562.500	3562.500
36	Spectrogram 1	1	120.438765355	120.439765355	1710.742	6432.391	3562.500	3562.500
37	Spectrogram 1	1	120.439765355	120.440765355	1710.742	6432.391	3562.500	3562.500
38	Spectrogram 1	1	120.440765355	120.441765355	1710.742	6432.391	3562.500	3562.500
39	Spectrogram 1	1	120.441765355	120.442765355	1710.742	6432.391	3562.500	3562.500
40	Spectrogram 1	1	120.442765355	120.443765355	1710.742	6432.391	3562.500	3562.500
41	Spectrogram 1	1	120.443765355	120.444765355	1710.742	6432.391	3562.500	3562.500
42	Spectrogram 1	1	120.444765355	120.445765355	1710.742	6432.391	3562.500	3562.500
43	Spectrogram 1	1	120.445765355	120.446765355	1710.742	6432.391	3562.500	3562.500
44	Spectrogram 1	1	120.446765355	120.447765355	1710.742	6432.391	3562.500	3562.500
45	Spectrogram 1	1	120.447765355	120.448765355	1710.742	6432.391	3562.500	3562.500
46	Spectrogram 1	1	120.448765355	120.449765355	1710.742	6432.391	3562.500	3562.500
47	Spectrogram 1	1	120.449765355	120.450765355	1710.742	6432.391	3562.500	3562.500
48	Spectrogram 1	1	120.450765355	120.451765355	1710.742	6432.391	3562.500	3562.500
49	Spectrogram 1	1	120.451765355	120.452765355	1710.742	6432.391	3562.500	3562.500
50	Spectrogram 1	1	120.452765355	120.453765355	1710.742	6432.391	3562.500	3562.500
51	Spectrogram 1	1	120.453765355	120.454765355	1710.742	6432.391	3562.500	3562.500
52	Spectrogram 1	1	120.454765355	120.455765355	1710.742	6432.391	3562.500	3562.500
53	Spectrogram 1	1	120.455765355	120.456765355	1710.742	6432.391	3562.500	3562.500
54	Spectrogram 1	1	120.456765355	120.457765355	1710.742	6432.391	3562.500	3562.500
55	Spectrogram 1	1	120.457765355	120.458765355	1710.742	6432.391	3750.000	3750.000
56	Spectrogram 1	1	120.458765355	120.459765355	1710.742	6432.391	3750.000	3750.000
57	Spectrogram 1	1	120.459765355	120.460765355	1710.742	6432.391	3750.000	3750.000
58	Spectrogram 1	1	120.460765355	120.461765355	1710.742	6432.391	3750.000	3750.000
59	Spectrogram 1	1	120.461765355	120.462765355	1710.742	6432.391	3750.000	3750.000
60	Spectrogram 1	1	120.462765355	120.463765355	1710.742	6432.391	3750.000	3750.000
61	Spectrogram 1	1	120.463765355	120.464765355	1710.742	6432.391	3750.000	3750.000
62	Spectrogram 1	1	120.464765355	120.465765355	1710.742	6432.391	3750.000	3750.000
63	Spectrogram 1	1	120.465765355	120.466765355	1710.742	6432.391	3937.500	3937.500
64	Spectrogram 1	1	120.466765355	120.467765355	1710.742	6432.391	3937.500	3937.500
65	Spectrogram 1	1	120.467765355	120.468765355	1710.742	6432.391	3937.500	3937.500
66	Spectrogram 1	1	120.468765355	120.469765355	1710.742	6432.391	3937.500	3937.500
67	Spectrogram 1	1	120.469765355	120.470765355	1710.742	6432.391	3937.500	3937.500
68	Spectrogram 1	1	120.470765355	120.471765355	1710.742	6432.391	3937.500	4125.000
69	Spectrogram 1	1	120.471765355	120.472765355	1710.742	6432.391	3937.500	4125.000
70	Spectrogram 1	1	120.472765355	120.473765355	1710.742	6432.391	3937.500	4125.000
71	Spectrogram 1	1	120.473765355	120.474765355	1710.742	6432.391	4125.000	4125.000
72	Spectrogram 1	1	120.474765355	120.475765355	1710.742	6432.391	4125.000	4125.000
73	Spectrogram 1	1	120.475765355	120.476765355	1710.742	6432.391	4125.000	4125.000
74	Spectrogram 1	1	120.476765355	120.477765355	1710.742	6432.391	4125.000	4125.000
75	Spectrogram 1	1	120.477765355	120.478765355	1710.742	6432.391	4125.000	4125.000
76	Spectrogram 1	1	120.478765355	120.479765355	1710.742	6432.391	4125.000	4125.000
77	Spectrogram 1	1	120.479765355	120.480765355	1710.742	6432.391	4125.000	4125.000
78	Spectrogram 1	1	120.480765355	120.481765355	1710.742	6432.391	4125.000	4125.000
79	Spectrogram 1	1	120.481765355	120.482765355	1710.742	6432.391	4312.500	4312.500
80	Spectrogram 1	1	120.482765355	120.483765355	1710.742	6432.391	4312.500	4312.500
81	Spectrogram 1	1	120.483765355	120.484765355	1710.742	6432.391	4312.500	4312.500
82	Spectrogram 1	1	120.484765355	120.485765355	1710.742	6432.391	4312.500	4312.500
83	Spectrogram 1	1	120.485765355	120.486765355	1710.742	6432.391	4312.500	4312.500
84	Spectrogram 1	1	120.486765355	120.487765355	1710.742	6432.391	4312.500	4312.500
85	Spectrogram 1	1	120.487765355	120.488765355	1710.742	6432.391	4312.500	4312.500
86	Spectrogram 1	1	120.488765355	120.489765355	1710.742	6432.391	4312.500	4312.500
87	Spectrogram 1	1	120.489765355	120.490765355	1710.742	6432.391	4500.000	4500.000
88	Spectrogram 1	1	120.490765355	120.491765355	1710.742	6432.391	4500.000	4500.000
89	Spectrogram 1	1	120.491765355	120.492765355	1710.742	6432.391	4687.500	4687.500
90	Spectrogram 1	1	120.492765355	120.493765355	1710.742	6432.391	4687.500	4687.500
91	Spectrogram 1	1	120.493765355	120.494765355	1710.742	6432.391	4687.500	4687.500
92	Spectrogram 1	1	120.494765355	120.495765355	1710.742	6432.391	4687.500	4687.500
93	Spectrogram 1	1	120.495765355	120.496765355	1710.742	6432.391	4687.500	4687.500
94	Spectrogram 1	1	120.496765355	120.497765355	1710.742	6432.391	4687.500	4687.500
95	Spectrogram 1	1	120.497765355	120.498765355	1710.742	6432.391	4875.000	4875.000
96	Spectrogram 1	1	120.498765355	120.499765355	1710.742	6432.391	4875.000	4875.000
97	Spectrogram 1	1	120.499765355	120.500765355	1710.742	6432.391	4875.000	4875.000
98	Spectrogram 1	1	120.500765355	120.501765355	1710.742	6432.391	4875.000	4875.000
99	Spectrogram 1	1	120.501765355	120.502765355	1710.742	6432.391	4875.000	4875.000
100	Spectrogram 1	1	120.502765355	120.503765355	1710.742	6432.391	5062.500	5062.500
101	Spectrogram 1	1	120.503765355	120.504765355	1710.742	6432.391	5062.500	5062.500
102	Spectrogram 1	1	120.504765355	120.505765355	1710.742	6432.391	5062.500	5062.500
103	Spectrogram 1	1	120.505765355	120.506765355	1710.742	6432.391	5062.500	5062.500
104	Spectrogram 1	1	120.506765355	120.507765355	1710.742	6432.391	5062.500	5062.500
105	Spectrogram 1	1	120.507765355	120.508765355	1710.742	6432.391	4875.000	4875.000
106	Spectrogram 1	1	120.508765355	120.509765355	1710.742	6432.391	4875.000	4875.000
107	Spectrogram 1	1	120.509765355	120.510765355	1710.742	6432.391	4875.000	4875.000
108	Spectrogram 1	1	120.510765355	120.511765355	1710.742	6432.391	4500.000	4312.500
109	Spectrogram 1	1	120.511765355	120.512765355	1710.742	6432.391	4500.000	4312.500
110	Spectrogram 1	1	120.512765355	120.513765355	1710.742	6432.391	4500.000	4312.500
111	Spectrogram 1	1	120.513765355	120.514765355	1710.742	6432.391	4687.500	4875.000
112	Spectrogram 1	1	120.514765355	120.515765355	1710.742	6432.391	4687.500	4875.000
113	Spectrogram 1	1	120.515765355	120.516765355	1710.742	6432.391	4687.500	4687.500
114	Spectrogram 1	1	120.516765355	120.517765355	1710.742	6432.391	4687.500	4687.500
115	Spectrogram 1	1	120.517765355	120.518765355	1710.742	6432.391	4687.500	4687.500
116	Spectrogram 1	1	120.518765355	120.519765355	1710.742	6432.391	4875.000	4875.000
117	Spectrogram 1	1	120.519765355	120.520765355	1710.742	6432.391	4875.000	4875.000
118	Spectrogram 1	1	120.520765355	120.521765355	1710.742	6432.391	4875.000	4875.000
119	Spectrogram 1	1	120.521765355	120.522765355	1710.742	6432.391	4687.500	4687.500
120	Spectrogram 1	1	120.522765355	120.523765355	1710.742	6432.391	4687.500	4687.500
121	Spectrogram 1	1	120.523765355	120.524765355	1710.742	6432.391	4687.500	4687.500
122	Spectrogram 1	1	120.524765355	120.525765355	1710.742	6432.391	4687.500	4687.500
123	Spectrogram 1	1	120.525765355	120.526765355	1710.742	6432.391	4687.500	4687.500
124	Spectrogram 1	1	120.526765355	120.527765355	1710.742	6432.391	4875.000	5062.500
125	Spectrogram 1	1	120.527765355	120.528765355	1710.742	6432.391	4875.000	5062.500
126	Spectrogram 1	1	120.528765355	120.529765355	1710.742	6432.391	4875.000	5062.500
127	Spectrogram 1	1	120.529765355	120.530765355	1710.742	6432.391	5812.500	5812.500
128	Spectrogram 1	1	120.530765355	120.531765355	1710.742	6432.391	5812.500	5812.500
129	Spectrogram 1	1	120.531765355	120.532765355	1710.742	6432.391	6187.500	6187.500
130	Spectrogram 1	1	120.532765355	120.533765355	1710.742	6432.391	6187.500	6187.500
131	Spectrogram 1	1	120.533765355	120.534765355	1710.742	6432.391	6187.500	6187.500
132	Spectrogram 1	1	120.534765355	120.535765355	1710.742	6432.391	6187.500	6187.500
133	Spectrogram 1	1	120.535765355	120.536765355	1710.742	6432.391	6187.500	6187.500
134	Spectrogram 1	1	120.536765355	120.537765355	1710.742	6432.391	6187.500	6187.500
135	Spectrogram 1	1	120.537765355	120.538765355	1710.742	6432.391	5812.500	5812.500
136	Spectrogram 1	1	120.538765355	120.539765355	1710.742	6432.391	5812.500	5812.500
137	Spectrogram 1	1	120.539765355	120.540765355	1710.742	6432.391	5250.000	5250.000
138	Spectrogram 1	1	120.540765355	120.541765355	1710.742	6432.391	5250.000	5250.000
139	Spectrogram 1	1	120.541765355	120.542765355	1710.742	6432.391	5250.000	5250.000
140	Spectrogram 1	1	120.542765355	120.543765355	1710.742	6432.391	4875.000	4875.000
141	Spectrogram 1	1	120.543765355	120.544765355	1710.742	6432.391	4875.000	4875.000
142	Spectrogram 1	1	120.544765355	120.545765355	1710.742	6432.391	4875.000	4875.000
143	Spectrogram 1	1	120.545765355	120.546765355	1710.742	6432.391	4687.500	4687.500
144	Spectrogram 1	1	120.546765355	120.547765355	1710.742	6432.391	4687.500	4687.500
145	Spectrogram 1	1	120.547765355	120.548765355	1710.742	6432.391	4500.000	4500.000
146	Spectrogram 1	1	120.548765355	120.549765355	1710.742	6432.391	4500.000	4500.000
147	Spectrogram 1	1	120.549765355	120.550765355	1710.742	6432.391	4500.000	4500.000
148	Spectrogram 1	1	120.550765355	120.551765355	1710.742	6432.391	4312.500	4312.500
149	Spectrogram 1	1	120.551765355	120.552765355	1710.742	6432.391	4312.500	4312.500
150	Spectrogram 1	1	120.552765355	120.553765355	1710.742	6432.391	4312.500	4312.500
151	Spectrogram 1	1	120.553765355	120.554765355	1710.742	6432.391	4125.000	4125.000
152	Spectrogram 1	1	120.554765355	120.555765355	1710.742	6432.391	4125.000	4125.000
153	Spectrogram 1	1	120.555765355	120.556765355	1710.742	6432.391	4500.000	3937.500
154	Spectrogram 1	1	120.556765355	120.557765355	1710.742	6432.391	4500.000	3937.500
155	Spectrogram 1	1	120.557765355	120.558765355	1710.742	6432.391	4500.000	3937.500
156	Spectrogram 1	1	120.558765355	120.559765355	1710.742	6432.391	4125.000	4125.000
157	Spectrogram 1	1	120.559765355	120.560765355	1710.742	6432.391	4125.000	4125.000
158	Spectrogram 1	1	120.560765355	120.561591667	1710.742	6432.391	4125.000	4125.000
