Selection	View	Channel	Begin Time (s)	End Time (s)	Low Freq (Hz)	High Freq (Hz)	Center Freq (Hz)	Peak Freq (Hz)
1	Spectrogram 1	1	59.650624326	59.651622058	2015.000	6571.552	3962.109	3962.109
2	Spectrogram 1	1	59.651622058	59.652619791	2015.000	6571.552	3962.109	3962.109
3	Spectrogram 1	1	59.652619791	59.653617523	2015.000	6571.552	3962.109	3962.109
4	Spectrogram 1	1	59.653617523	59.654615256	2015.000	6571.552	3962.109	3962.109
5	Spectrogram 1	1	59.654615256	59.655612988	2015.000	6571.552	4565.039	4306.641
6	Spectrogram 1	1	59.655612988	59.656610721	2015.000	6571.552	4565.039	4306.641
7	Spectrogram 1	1	59.656610721	59.657608453	2015.000	6571.552	4565.039	4306.641
8	Spectrogram 1	1	59.657608453	59.658606185	2015.000	6571.552	4565.039	4306.641
9	Spectrogram 1	1	59.658606185	59.659603918	2015.000	6571.552	4565.039	4306.641
10	Spectrogram 1	1	59.659603918	59.660601650	2015.000	6571.552	4565.039	4306.641
11	Spectrogram 1	1	59.660601650	59.661599383	2015.000	6571.552	3875.977	3875.977
12	Spectrogram 1	1	59.661599383	59.662597115	2015.000	6571.552	3875.977	3875.977
13	Spectrogram 1	1	59.662597115	59.663594848	2015.000	6571.552	3875.977	3875.977
14	Spectrogram 1	1	59.663594848	59.664592580	2015.000	6571.552	3875.977	3875.977
15	Spectrogram 1	1	59.664592580	59.665590312	2015.000	6571.552	3875.977	3875.977
16	Spectrogram 1	1	59.665590312	59.666588045	2015.000	6571.552	3875.977	3875.977
17	Spectrogram 1	1	59.666588045	59.667585777	2015.000	6571.552	3789.844	3789.844
18	Spectrogram 1	1	59.667585777	59.668583510	2015.000	6571.552	3789.844	3789.844
19	Spectrogram 1	1	59.668583510	59.669581242	2015.000	6571.552	3789.844	3789.844
20	Spectrogram 1	1	59.669581242	59.670578975	2015.000	6571.552	3789.844	3789.844
21	Spectrogram 1	1	59.670578975	59.671576707	2015.000	6571.552	3789.844	3789.844
22	Spectrogram 1	1	59.671576707	59.672574439	2015.000	6571.552	3789.844	3789.844
23	Spectrogram 1	1	59.672574439	59.673572172	2015.000	6571.552	3445.312	3445.312
24	Spectrogram 1	1	59.673572172	59.674569904	2015.000	6571.552	3445.312	3445.312
25	Spectrogram 1	1	59.674569904	59.675567637	2015.000	6571.552	3445.312	3445.312
26	Spectrogram 1	1	59.675567637	59.676565369	2015.000	6571.552	3445.312	3445.312
27	Spectrogram 1	1	59.676565369	59.677563102	2015.000	6571.552	3445.312	3445.312
28	Spectrogram 1	1	59.677563102	59.678560834	2015.000	6571.552	3445.312	3445.312
29	Spectrogram 1	1	59.678560834	59.679558566	2015.000	6571.552	3273.047	3273.047
30	Spectrogram 1	1	59.679558566	59.680556299	2015.000	6571.552	3273.047	3273.047
31	Spectrogram 1	1	59.680556299	59.681554031	2015.000	6571.552	3273.047	3273.047
32	Spectrogram 1	1	59.681554031	59.682551764	2015.000	6571.552	3273.047	3273.047
33	Spectrogram 1	1	59.682551764	59.683549496	2015.000	6571.552	3273.047	3273.047
34	Spectrogram 1	1	59.683549496	59.684547228	2015.000	6571.552	3186.914	3186.914
35	Spectrogram 1	1	59.684547228	59.685544961	2015.000	6571.552	3186.914	3186.914
36	Spectrogram 1	1	59.685544961	59.686542693	2015.000	6571.552	3186.914	3186.914
37	Spectrogram 1	1	59.686542693	59.687540426	2015.000	6571.552	3186.914	3186.914
38	Spectrogram 1	1	59.687540426	59.688538158	2015.000	6571.552	3186.914	3186.914
39	Spectrogram 1	1	59.688538158	59.689535891	2015.000	6571.552	3186.914	3186.914
40	Spectrogram 1	1	59.689535891	59.690533623	2015.000	6571.552	3100.781	3100.781
41	Spectrogram 1	1	59.690533623	59.691531355	2015.000	6571.552	3100.781	3100.781
42	Spectrogram 1	1	59.691531355	59.692529088	2015.000	6571.552	3100.781	3100.781
43	Spectrogram 1	1	59.692529088	59.693526820	2015.000	6571.552	3100.781	3100.781
44	Spectrogram 1	1	59.693526820	59.694524553	2015.000	6571.552	3100.781	3100.781
45	Spectrogram 1	1	59.694524553	59.695522285	2015.000	6571.552	3100.781	3100.781
46	Spectrogram 1	1	59.695522285	59.696520018	2015.000	6571.552	3100.781	3100.781
47	Spectrogram 1	1	59.696520018	59.697517750	2015.000	6571.552	3100.781	3100.781
48	Spectrogram 1	1	59.697517750	59.698515482	2015.000	6571.552	3100.781	3100.781
49	Spectrogram 1	1	59.698515482	59.699513215	2015.000	6571.552	3100.781	3100.781
50	Spectrogram 1	1	59.699513215	59.700510947	2015.000	6571.552	3100.781	3100.781
51	Spectrogram 1	1	59.700510947	59.701508680	2015.000	6571.552	3100.781	3100.781
52	Spectrogram 1	1	59.701508680	59.702506412	2015.000	6571.552	3014.648	3014.648
53	Spectrogram 1	1	59.702506412	59.703504145	2015.000	6571.552	3014.648	3014.648
54	Spectrogram 1	1	59.703504145	59.704501877	2015.000	6571.552	3014.648	3014.648
55	Spectrogram 1	1	59.704501877	59.705499609	2015.000	6571.552	3014.648	3014.648
56	Spectrogram 1	1	59.705499609	59.706497342	2015.000	6571.552	3014.648	3014.648
57	Spectrogram 1	1	59.706497342	59.707495074	2015.000	6571.552	3014.648	3014.648
58	Spectrogram 1	1	59.707495074	59.708492807	2015.000	6571.552	3014.648	3014.648
59	Spectrogram 1	1	59.708492807	59.709490539	2015.000	6571.552	3014.648	3014.648
60	Spectrogram 1	1	59.709490539	59.710488272	2015.000	6571.552	3014.648	3014.648
61	Spectrogram 1	1	59.710488272	59.711486004	2015.000	6571.552	3014.648	3014.648
62	Spectrogram 1	1	59.711486004	59.712483736	2015.000	6571.552	3014.648	3014.648
63	Spectrogram 1	1	59.712483736	59.713481469	2015.000	6571.552	3014.648	3014.648
64	Spectrogram 1	1	59.713481469	59.714479201	2015.000	6571.552	3186.914	3186.914
65	Spectrogram 1	1	59.714479201	59.715476934	2015.000	6571.552	3186.914	3186.914
66	Spectrogram 1	1	59.715476934	59.716474666	2015.000	6571.552	3186.914	3186.914
67	Spectrogram 1	1	59.716474666	59.717472399	2015.000	6571.552	3186.914	3186.914
68	Spectrogram 1	1	59.717472399	59.718470131	2015.000	6571.552	3186.914	3186.914
69	Spectrogram 1	1	59.718470131	59.719467863	2015.000	6571.552	3186.914	3186.914
70	Spectrogram 1	1	59.719467863	59.720465596	2015.000	6571.552	3186.914	3186.914
71	Spectrogram 1	1	59.720465596	59.721463328	2015.000	6571.552	3186.914	3186.914
72	Spectrogram 1	1	59.721463328	59.722461061	2015.000	6571.552	3186.914	3186.914
73	Spectrogram 1	1	59.722461061	59.723458793	2015.000	6571.552	3186.914	3186.914
74	Spectrogram 1	1	59.723458793	59.724456526	2015.000	6571.552	3186.914	3186.914
75	Spectrogram 1	1	59.724456526	59.725454258	2015.000	6571.552	3273.047	3273.047
76	Spectrogram 1	1	59.725454258	59.726451990	2015.000	6571.552	3273.047	3273.047
77	Spectrogram 1	1	59.726451990	59.727449723	2015.000	6571.552	3273.047	3273.047
78	Spectrogram 1	1	59.727449723	59.728447455	2015.000	6571.552	3273.047	3273.047
79	Spectrogram 1	1	59.728447455	59.729445188	2015.000	6571.552	3273.047	3273.047
80	Spectrogram 1	1	59.729445188	59.730442920	2015.000	6571.552	3273.047	3273.047
81	Spectrogram 1	1	59.730442920	59.731440653	2015.000	6571.552	3273.047	3273.047
82	Spectrogram 1	1	59.731440653	59.732438385	2015.000	6571.552	3273.047	3273.047
83	Spectrogram 1	1	59.732438385	59.733436117	2015.000	6571.552	3273.047	3273.047
84	Spectrogram 1	1	59.733436117	59.734433850	2015.000	6571.552	3273.047	3273.047
85	Spectrogram 1	1	59.734433850	59.735431582	2015.000	6571.552	3273.047	3273.047
86	Spectrogram 1	1	59.735431582	59.736429315	2015.000	6571.552	3273.047	3273.047
87	Spectrogram 1	1	59.736429315	59.737427047	2015.000	6571.552	3445.312	3445.312
88	Spectrogram 1	1	59.737427047	59.738424780	2015.000	6571.552	3445.312	3445.312
89	Spectrogram 1	1	59.738424780	59.739422512	2015.000	6571.552	3445.312	3445.312
90	Spectrogram 1	1	59.739422512	59.740420244	2015.000	6571.552	3445.312	3445.312
91	Spectrogram 1	1	59.740420244	59.741417977	2015.000	6571.552	3445.312	3445.312
92	Spectrogram 1	1	59.741417977	59.742415709	2015.000	6571.552	3445.312	3445.312
93	Spectrogram 1	1	59.742415709	59.743413442	2015.000	6571.552	3531.445	3531.445
94	Spectrogram 1	1	59.743413442	59.744411174	2015.000	6571.552	3531.445	3531.445
95	Spectrogram 1	1	59.744411174	59.745408906	2015.000	6571.552	3531.445	3531.445
96	Spectrogram 1	1	59.745408906	59.746406639	2015.000	6571.552	3531.445	3531.445
97	Spectrogram 1	1	59.746406639	59.747404371	2015.000	6571.552	3531.445	3531.445
98	Spectrogram 1	1	59.747404371	59.748402104	2015.000	6571.552	3703.711	3703.711
99	Spectrogram 1	1	59.748402104	59.749399836	2015.000	6571.552	3703.711	3703.711
100	Spectrogram 1	1	59.749399836	59.750397569	2015.000	6571.552	3703.711	3703.711
101	Spectrogram 1	1	59.750397569	59.751395301	2015.000	6571.552	3703.711	3703.711
102	Spectrogram 1	1	59.751395301	59.752393033	2015.000	6571.552	3703.711	3703.711
103	Spectrogram 1	1	59.752393033	59.753390766	2015.000	6571.552	3703.711	3703.711
104	Spectrogram 1	1	59.753390766	59.754388498	2015.000	6571.552	3875.977	3875.977
105	Spectrogram 1	1	59.754388498	59.755386231	2015.000	6571.552	3875.977	3875.977
106	Spectrogram 1	1	59.755386231	59.756383963	2015.000	6571.552	3875.977	3875.977
107	Spectrogram 1	1	59.756383963	59.757381696	2015.000	6571.552	3875.977	3875.977
108	Spectrogram 1	1	59.757381696	59.758379428	2015.000	6571.552	3875.977	3875.977
109	Spectrogram 1	1	59.758379428	59.759377160	2015.000	6571.552	3875.977	3875.977
110	Spectrogram 1	1	59.759377160	59.760374893	2015.000	6571.552	3962.109	3962.109
111	Spectrogram 1	1	59.760374893	59.761372625	2015.000	6571.552	3962.109	3962.109
112	Spectrogram 1	1	59.761372625	59.762370358	2015.000	6571.552	3962.109	3962.109
113	Spectrogram 1	1	59.762370358	59.763368090	2015.000	6571.552	3962.109	3962.109
114	Spectrogram 1	1	59.763368090	59.764365823	2015.000	6571.552	3962.109	3962.109
115	Spectrogram 1	1	59.764365823	59.765363555	2015.000	6571.552	3962.109	3962.109
116	Spectrogram 1	1	59.765363555	59.766361287	2015.000	6571.552	4134.375	4134.375
117	Spectrogram 1	1	59.766361287	59.767359020	2015.000	6571.552	4134.375	4134.375
118	Spectrogram 1	1	59.767359020	59.768356752	2015.000	6571.552	4134.375	4134.375
119	Spectrogram 1	1	59.768356752	59.769354485	2015.000	6571.552	4134.375	4134.375
120	Spectrogram 1	1	59.769354485	59.770352217	2015.000	6571.552	4134.375	4134.375
121	Spectrogram 1	1	59.770352217	59.771349950	2015.000	6571.552	4134.375	4134.375
122	Spectrogram 1	1	59.771349950	59.772347682	2015.000	6571.552	4220.508	4220.508
123	Spectrogram 1	1	59.772347682	59.773345414	2015.000	6571.552	4220.508	4220.508
124	Spectrogram 1	1	59.773345414	59.774343147	2015.000	6571.552	4220.508	4220.508
125	Spectrogram 1	1	59.774343147	59.775340879	2015.000	6571.552	4220.508	4220.508
126	Spectrogram 1	1	59.775340879	59.776338612	2015.000	6571.552	4220.508	4220.508
127	Spectrogram 1	1	59.776338612	59.777336344	2015.000	6571.552	4220.508	4220.508
128	Spectrogram 1	1	59.777336344	59.778334077	2015.000	6571.552	4392.773	4478.906
129	Spectrogram 1	1	59.778334077	59.779331809	2015.000	6571.552	4392.773	4478.906
130	Spectrogram 1	1	59.779331809	59.780329541	2015.000	6571.552	4392.773	4478.906
131	Spectrogram 1	1	59.780329541	59.781327274	2015.000	6571.552	4392.773	4478.906
132	Spectrogram 1	1	59.781327274	59.782325006	2015.000	6571.552	4392.773	4478.906
133	Spectrogram 1	1	59.782325006	59.783322739	2015.000	6571.552	4565.039	4565.039
134	Spectrogram 1	1	59.783322739	59.784320471	2015.000	6571.552	4565.039	4565.039
135	Spectrogram 1	1	59.784320471	59.785318204	2015.000	6571.552	4565.039	4565.039
136	Spectrogram 1	1	59.785318204	59.786315936	2015.000	6571.552	4565.039	4565.039
137	Spectrogram 1	1	59.786315936	59.787313668	2015.000	6571.552	4565.039	4565.039
138	Spectrogram 1	1	59.787313668	59.788311401	2015.000	6571.552	4565.039	4565.039
139	Spectrogram 1	1	59.788311401	59.789309133	2015.000	6571.552	4565.039	4565.039
140	Spectrogram 1	1	59.789309133	59.790306866	2015.000	6571.552	4565.039	4565.039
141	Spectrogram 1	1	59.790306866	59.791304598	2015.000	6571.552	4565.039	4565.039
142	Spectrogram 1	1	59.791304598	59.792302331	2015.000	6571.552	4565.039	4565.039
143	Spectrogram 1	1	59.792302331	59.793300063	2015.000	6571.552	4565.039	4565.039
144	Spectrogram 1	1	59.793300063	59.794297795	2015.000	6571.552	4565.039	4565.039
145	Spectrogram 1	1	59.794297795	59.795295528	2015.000	6571.552	4306.641	4306.641
146	Spectrogram 1	1	59.795295528	59.796293260	2015.000	6571.552	4306.641	4306.641
147	Spectrogram 1	1	59.796293260	59.797290993	2015.000	6571.552	4306.641	4306.641
148	Spectrogram 1	1	59.797290993	59.798288725	2015.000	6571.552	4306.641	4306.641
149	Spectrogram 1	1	59.798288725	59.799286458	2015.000	6571.552	4306.641	4306.641
150	Spectrogram 1	1	59.799286458	59.800284190	2015.000	6571.552	4306.641	4306.641
151	Spectrogram 1	1	59.800284190	59.801281922	2015.000	6571.552	4048.242	3962.109
152	Spectrogram 1	1	59.801281922	59.802279655	2015.000	6571.552	4048.242	3962.109
153	Spectrogram 1	1	59.802279655	59.803277387	2015.000	6571.552	4048.242	3962.109
154	Spectrogram 1	1	59.803277387	59.804275120	2015.000	6571.552	4048.242	3962.109
155	Spectrogram 1	1	59.804275120	59.805272852	2015.000	6571.552	4048.242	3962.109
156	Spectrogram 1	1	59.805272852	59.806270585	2015.000	6571.552	4048.242	3962.109
157	Spectrogram 1	1	59.806270585	59.807268317	2015.000	6571.552	3875.977	3875.977
158	Spectrogram 1	1	59.807268317	59.808266049	2015.000	6571.552	3875.977	3875.977
159	Spectrogram 1	1	59.808266049	59.809263782	2015.000	6571.552	3875.977	3875.977
160	Spectrogram 1	1	59.809263782	59.810261514	2015.000	6571.552	3875.977	3875.977
161	Spectrogram 1	1	59.810261514	59.811259247	2015.000	6571.552	3875.977	3875.977
162	Spectrogram 1	1	59.811259247	59.812256979	2015.000	6571.552	4048.242	3875.977
163	Spectrogram 1	1	59.812256979	59.813254711	2015.000	6571.552	4048.242	3875.977
164	Spectrogram 1	1	59.813254711	59.814252444	2015.000	6571.552	4048.242	3875.977
165	Spectrogram 1	1	59.814252444	59.815250176	2015.000	6571.552	4048.242	3875.977
166	Spectrogram 1	1	59.815250176	59.816247909	2015.000	6571.552	4048.242	3875.977
167	Spectrogram 1	1	59.816247909	59.817245641	2015.000	6571.552	4048.242	3875.977
168	Spectrogram 1	1	59.817245641	59.818243374	2015.000	6571.552	5943.164	6201.562
169	Spectrogram 1	1	59.818243374	59.819241106	2015.000	6571.552	5943.164	6201.562
170	Spectrogram 1	1	59.819241106	59.820238838	2015.000	6571.552	5943.164	6201.562
171	Spectrogram 1	1	59.820238838	59.821236571	2015.000	6571.552	5943.164	6201.562
172	Spectrogram 1	1	59.821236571	59.822234303	2015.000	6571.552	5943.164	6201.562
173	Spectrogram 1	1	59.822234303	59.823232036	2015.000	6571.552	5943.164	6201.562
174	Spectrogram 1	1	59.823232036	59.824229768	2015.000	6571.552	6201.562	6287.695
175	Spectrogram 1	1	59.824229768	59.825227501	2015.000	6571.552	6201.562	6287.695
176	Spectrogram 1	1	59.825227501	59.826225233	2015.000	6571.552	6201.562	6287.695
177	Spectrogram 1	1	59.826225233	59.827222965	2015.000	6571.552	6201.562	6287.695
178	Spectrogram 1	1	59.827222965	59.828220698	2015.000	6571.552	6201.562	6287.695
179	Spectrogram 1	1	59.828220698	59.829218430	2015.000	6571.552	6201.562	6287.695
180	Spectrogram 1	1	59.829218430	59.830216163	2015.000	6571.552	5426.367	5426.367
181	Spectrogram 1	1	59.830216163	59.831213895	2015.000	6571.552	5426.367	5426.367
182	Spectrogram 1	1	59.831213895	59.832211628	2015.000	6571.552	5426.367	5426.367
183	Spectrogram 1	1	59.832211628	59.833209360	2015.000	6571.552	5426.367	5426.367
184	Spectrogram 1	1	59.833209360	59.834207092	2015.000	6571.552	5426.367	5426.367
185	Spectrogram 1	1	59.834207092	59.835204825	2015.000	6571.552	5426.367	5426.367
186	Spectrogram 1	1	59.835204825	59.836202557	2015.000	6571.552	4909.570	4909.570
187	Spectrogram 1	1	59.836202557	59.837200290	2015.000	6571.552	4909.570	4909.570
188	Spectrogram 1	1	59.837200290	59.838198022	2015.000	6571.552	4909.570	4909.570
189	Spectrogram 1	1	59.838198022	59.839195755	2015.000	6571.552	4909.570	4909.570
190	Spectrogram 1	1	59.839195755	59.840193487	2015.000	6571.552	4909.570	4909.570
191	Spectrogram 1	1	59.840193487	59.841191219	2015.000	6571.552	4909.570	4909.570
192	Spectrogram 1	1	59.841191219	59.842188952	2015.000	6571.552	4565.039	4651.172
193	Spectrogram 1	1	59.842188952	59.843186684	2015.000	6571.552	4565.039	4651.172
194	Spectrogram 1	1	59.843186684	59.844184417	2015.000	6571.552	4565.039	4651.172
195	Spectrogram 1	1	59.844184417	59.845182149	2015.000	6571.552	4565.039	4651.172
196	Spectrogram 1	1	59.845182149	59.846179882	2015.000	6571.552	4565.039	4651.172
197	Spectrogram 1	1	59.846179882	59.847177614	2015.000	6571.552	4134.375	4134.375
198	Spectrogram 1	1	59.847177614	59.848175346	2015.000	6571.552	4134.375	4134.375
199	Spectrogram 1	1	59.848175346	59.849173079	2015.000	6571.552	4134.375	4134.375
200	Spectrogram 1	1	59.849173079	59.850170811	2015.000	6571.552	4134.375	4134.375
201	Spectrogram 1	1	59.850170811	59.851168544	2015.000	6571.552	4134.375	4134.375
202	Spectrogram 1	1	59.851168544	59.852166276	2015.000	6571.552	4134.375	4134.375
203	Spectrogram 1	1	59.852166276	59.853164009	2015.000	6571.552	3875.977	3875.977
204	Spectrogram 1	1	59.853164009	59.854161741	2015.000	6571.552	3875.977	3875.977
205	Spectrogram 1	1	59.854161741	59.855159473	2015.000	6571.552	3875.977	3875.977
206	Spectrogram 1	1	59.855159473	59.856157206	2015.000	6571.552	3875.977	3875.977
207	Spectrogram 1	1	59.856157206	59.857154938	2015.000	6571.552	3875.977	3875.977
208	Spectrogram 1	1	59.857154938	59.858152671	2015.000	6571.552	3875.977	3875.977
209	Spectrogram 1	1	59.858152671	59.859150403	2015.000	6571.552	3962.109	3875.977
210	Spectrogram 1	1	59.859150403	59.860148136	2015.000	6571.552	3962.109	3875.977
211	Spectrogram 1	1	59.860148136	59.860886600	2015.000	6571.552	3962.109	3875.977
