Selection	View	Channel	Begin Time (s)	End Time (s)	Low Freq (Hz)	High Freq (Hz)	Center Freq (Hz)	Peak Freq (Hz)
1	Spectrogram 1	1	1.873587432	1.874585164	1782.800	6708.800	5426.367	5081.836
2	Spectrogram 1	1	1.874585164	1.875582897	1782.800	6708.800	5426.367	5081.836
3	Spectrogram 1	1	1.875582897	1.876580629	1782.800	6708.800	5426.367	5081.836
4	Spectrogram 1	1	1.876580629	1.877578362	1782.800	6708.800	5426.367	5081.836
5	Spectrogram 1	1	1.877578362	1.878576094	1782.800	6708.800	5167.969	4995.703
6	Spectrogram 1	1	1.878576094	1.879573827	1782.800	6708.800	5167.969	4995.703
7	Spectrogram 1	1	1.879573827	1.880571559	1782.800	6708.800	5167.969	4995.703
8	Spectrogram 1	1	1.880571559	1.881569291	1782.800	6708.800	5167.969	4995.703
9	Spectrogram 1	1	1.881569291	1.882567024	1782.800	6708.800	5167.969	4995.703
10	Spectrogram 1	1	1.882567024	1.883564756	1782.800	6708.800	5167.969	4995.703
11	Spectrogram 1	1	1.883564756	1.884562489	1782.800	6708.800	5857.031	6029.297
12	Spectrogram 1	1	1.884562489	1.885560221	1782.800	6708.800	5857.031	6029.297
13	Spectrogram 1	1	1.885560221	1.886557954	1782.800	6708.800	5857.031	6029.297
14	Spectrogram 1	1	1.886557954	1.887555686	1782.800	6708.800	5857.031	6029.297
15	Spectrogram 1	1	1.887555686	1.888553418	1782.800	6708.800	5857.031	6029.297
16	Spectrogram 1	1	1.888553418	1.889551151	1782.800	6708.800	5857.031	6029.297
17	Spectrogram 1	1	1.889551151	1.890548883	1782.800	6708.800	3617.578	3617.578
18	Spectrogram 1	1	1.890548883	1.891546616	1782.800	6708.800	3617.578	3617.578
19	Spectrogram 1	1	1.891546616	1.892544348	1782.800	6708.800	3617.578	3617.578
20	Spectrogram 1	1	1.892544348	1.893542081	1782.800	6708.800	3617.578	3617.578
21	Spectrogram 1	1	1.893542081	1.894539813	1782.800	6708.800	3617.578	3617.578
22	Spectrogram 1	1	1.894539813	1.895537545	1782.800	6708.800	3617.578	3617.578
23	Spectrogram 1	1	1.895537545	1.896535278	1782.800	6708.800	3703.711	3703.711
24	Spectrogram 1	1	1.896535278	1.897533010	1782.800	6708.800	3703.711	3703.711
25	Spectrogram 1	1	1.897533010	1.898530743	1782.800	6708.800	3703.711	3703.711
26	Spectrogram 1	1	1.898530743	1.899528475	1782.800	6708.800	3703.711	3703.711
27	Spectrogram 1	1	1.899528475	1.900526208	1782.800	6708.800	3703.711	3703.711
28	Spectrogram 1	1	1.900526208	1.901523940	1782.800	6708.800	3703.711	3703.711
29	Spectrogram 1	1	1.901523940	1.902521672	1782.800	6708.800	3703.711	3703.711
30	Spectrogram 1	1	1.902521672	1.903519405	1782.800	6708.800	3703.711	3703.711
31	Spectrogram 1	1	1.903519405	1.904517137	1782.800	6708.800	3703.711	3703.711
32	Spectrogram 1	1	1.904517137	1.905514870	1782.800	6708.800	3703.711	3703.711
33	Spectrogram 1	1	1.905514870	1.906512602	1782.800	6708.800	3703.711	3703.711
34	Spectrogram 1	1	1.906512602	1.907510334	1782.800	6708.800	3789.844	3789.844
35	Spectrogram 1	1	1.907510334	1.908508067	1782.800	6708.800	3789.844	3789.844
36	Spectrogram 1	1	1.908508067	1.909505799	1782.800	6708.800	3789.844	3789.844
37	Spectrogram 1	1	1.909505799	1.910503532	1782.800	6708.800	3789.844	3789.844
38	Spectrogram 1	1	1.910503532	1.911501264	1782.800	6708.800	3789.844	3789.844
39	Spectrogram 1	1	1.911501264	1.912498997	1782.800	6708.800	3789.844	3789.844
40	Spectrogram 1	1	1.912498997	1.913496729	1782.800	6708.800	3875.977	3875.977
41	Spectrogram 1	1	1.913496729	1.914494461	1782.800	6708.800	3875.977	3875.977
42	Spectrogram 1	1	1.914494461	1.915492194	1782.800	6708.800	3875.977	3875.977
43	Spectrogram 1	1	1.915492194	1.916489926	1782.800	6708.800	3875.977	3875.977
44	Spectrogram 1	1	1.916489926	1.917487659	1782.800	6708.800	3875.977	3875.977
45	Spectrogram 1	1	1.917487659	1.918485391	1782.800	6708.800	3875.977	3875.977
46	Spectrogram 1	1	1.918485391	1.919483124	1782.800	6708.800	3962.109	3962.109
47	Spectrogram 1	1	1.919483124	1.920480856	1782.800	6708.800	3962.109	3962.109
48	Spectrogram 1	1	1.920480856	1.921478588	1782.800	6708.800	3962.109	3962.109
49	Spectrogram 1	1	1.921478588	1.922476321	1782.800	6708.800	3962.109	3962.109
50	Spectrogram 1	1	1.922476321	1.923474053	1782.800	6708.800	3962.109	3962.109
51	Spectrogram 1	1	1.923474053	1.924471786	1782.800	6708.800	3962.109	3962.109
52	Spectrogram 1	1	1.924471786	1.925469518	1782.800	6708.800	3962.109	3962.109
53	Spectrogram 1	1	1.925469518	1.926467251	1782.800	6708.800	3962.109	3962.109
54	Spectrogram 1	1	1.926467251	1.927464983	1782.800	6708.800	3962.109	3962.109
55	Spectrogram 1	1	1.927464983	1.928462715	1782.800	6708.800	3962.109	3962.109
56	Spectrogram 1	1	1.928462715	1.929460448	1782.800	6708.800	3962.109	3962.109
57	Spectrogram 1	1	1.929460448	1.930458180	1782.800	6708.800	3962.109	3962.109
58	Spectrogram 1	1	1.930458180	1.931455913	1782.800	6708.800	3962.109	3962.109
59	Spectrogram 1	1	1.931455913	1.932453645	1782.800	6708.800	3962.109	3962.109
60	Spectrogram 1	1	1.932453645	1.933451378	1782.800	6708.800	3962.109	3962.109
61	Spectrogram 1	1	1.933451378	1.934449110	1782.800	6708.800	3962.109	3962.109
62	Spectrogram 1	1	1.934449110	1.935446842	1782.800	6708.800	3962.109	3962.109
63	Spectrogram 1	1	1.935446842	1.936444575	1782.800	6708.800	3962.109	3962.109
64	Spectrogram 1	1	1.936444575	1.937442307	1782.800	6708.800	3962.109	3962.109
65	Spectrogram 1	1	1.937442307	1.938440040	1782.800	6708.800	3962.109	3962.109
66	Spectrogram 1	1	1.938440040	1.939437772	1782.800	6708.800	3962.109	3962.109
67	Spectrogram 1	1	1.939437772	1.940435505	1782.800	6708.800	3962.109	3962.109
68	Spectrogram 1	1	1.940435505	1.941433237	1782.800	6708.800	3962.109	3962.109
69	Spectrogram 1	1	1.941433237	1.942430969	1782.800	6708.800	4048.242	4048.242
70	Spectrogram 1	1	1.942430969	1.943428702	1782.800	6708.800	4048.242	4048.242
71	Spectrogram 1	1	1.943428702	1.944426434	1782.800	6708.800	4048.242	4048.242
72	Spectrogram 1	1	1.944426434	1.945424167	1782.800	6708.800	4048.242	4048.242
73	Spectrogram 1	1	1.945424167	1.946421899	1782.800	6708.800	4048.242	4048.242
74	Spectrogram 1	1	1.946421899	1.947419632	1782.800	6708.800	4048.242	4048.242
75	Spectrogram 1	1	1.947419632	1.948417364	1782.800	6708.800	4220.508	4220.508
76	Spectrogram 1	1	1.948417364	1.949415096	1782.800	6708.800	4220.508	4220.508
77	Spectrogram 1	1	1.949415096	1.950412829	1782.800	6708.800	4220.508	4220.508
78	Spectrogram 1	1	1.950412829	1.951410561	1782.800	6708.800	4220.508	4220.508
79	Spectrogram 1	1	1.951410561	1.952408294	1782.800	6708.800	4220.508	4220.508
80	Spectrogram 1	1	1.952408294	1.953406026	1782.800	6708.800	4220.508	4220.508
81	Spectrogram 1	1	1.953406026	1.954403759	1782.800	6708.800	4392.773	4392.773
82	Spectrogram 1	1	1.954403759	1.955401491	1782.800	6708.800	4392.773	4392.773
83	Spectrogram 1	1	1.955401491	1.956399223	1782.800	6708.800	4392.773	4392.773
84	Spectrogram 1	1	1.956399223	1.957396956	1782.800	6708.800	4392.773	4392.773
85	Spectrogram 1	1	1.957396956	1.958394688	1782.800	6708.800	4392.773	4392.773
86	Spectrogram 1	1	1.958394688	1.959392421	1782.800	6708.800	4392.773	4392.773
87	Spectrogram 1	1	1.959392421	1.960390153	1782.800	6708.800	4478.906	4478.906
88	Spectrogram 1	1	1.960390153	1.961387886	1782.800	6708.800	4478.906	4478.906
89	Spectrogram 1	1	1.961387886	1.962385618	1782.800	6708.800	4478.906	4478.906
90	Spectrogram 1	1	1.962385618	1.963383350	1782.800	6708.800	4478.906	4478.906
91	Spectrogram 1	1	1.963383350	1.964381083	1782.800	6708.800	4478.906	4478.906
92	Spectrogram 1	1	1.964381083	1.965378815	1782.800	6708.800	4478.906	4478.906
93	Spectrogram 1	1	1.965378815	1.966376548	1782.800	6708.800	4565.039	4565.039
94	Spectrogram 1	1	1.966376548	1.967374280	1782.800	6708.800	4565.039	4565.039
95	Spectrogram 1	1	1.967374280	1.968372012	1782.800	6708.800	4565.039	4565.039
96	Spectrogram 1	1	1.968372012	1.969369745	1782.800	6708.800	4565.039	4565.039
97	Spectrogram 1	1	1.969369745	1.970367477	1782.800	6708.800	4565.039	4565.039
98	Spectrogram 1	1	1.970367477	1.971365210	1782.800	6708.800	4737.305	4737.305
99	Spectrogram 1	1	1.971365210	1.972362942	1782.800	6708.800	4737.305	4737.305
100	Spectrogram 1	1	1.972362942	1.973360675	1782.800	6708.800	4737.305	4737.305
101	Spectrogram 1	1	1.973360675	1.974358407	1782.800	6708.800	4737.305	4737.305
102	Spectrogram 1	1	1.974358407	1.975356139	1782.800	6708.800	4737.305	4737.305
103	Spectrogram 1	1	1.975356139	1.976353872	1782.800	6708.800	4737.305	4737.305
104	Spectrogram 1	1	1.976353872	1.977351604	1782.800	6708.800	4995.703	4995.703
105	Spectrogram 1	1	1.977351604	1.978349337	1782.800	6708.800	4995.703	4995.703
106	Spectrogram 1	1	1.978349337	1.979347069	1782.800	6708.800	4995.703	4995.703
107	Spectrogram 1	1	1.979347069	1.980344802	1782.800	6708.800	4995.703	4995.703
108	Spectrogram 1	1	1.980344802	1.981342534	1782.800	6708.800	4995.703	4995.703
109	Spectrogram 1	1	1.981342534	1.982340266	1782.800	6708.800	4995.703	4995.703
110	Spectrogram 1	1	1.982340266	1.983337999	1782.800	6708.800	5167.969	5254.102
111	Spectrogram 1	1	1.983337999	1.984335731	1782.800	6708.800	5167.969	5254.102
112	Spectrogram 1	1	1.984335731	1.985333464	1782.800	6708.800	5167.969	5254.102
113	Spectrogram 1	1	1.985333464	1.986331196	1782.800	6708.800	5167.969	5254.102
114	Spectrogram 1	1	1.986331196	1.987328929	1782.800	6708.800	5167.969	5254.102
115	Spectrogram 1	1	1.987328929	1.988326661	1782.800	6708.800	5167.969	5254.102
116	Spectrogram 1	1	1.988326661	1.989324393	1782.800	6708.800	5426.367	5512.500
117	Spectrogram 1	1	1.989324393	1.990322126	1782.800	6708.800	5426.367	5512.500
118	Spectrogram 1	1	1.990322126	1.991319858	1782.800	6708.800	5426.367	5512.500
119	Spectrogram 1	1	1.991319858	1.992317591	1782.800	6708.800	5426.367	5512.500
120	Spectrogram 1	1	1.992317591	1.993315323	1782.800	6708.800	5426.367	5512.500
121	Spectrogram 1	1	1.993315323	1.994313056	1782.800	6708.800	5426.367	5512.500
122	Spectrogram 1	1	1.994313056	1.995310788	1782.800	6708.800	5426.367	5512.500
123	Spectrogram 1	1	1.995310788	1.996308520	1782.800	6708.800	5426.367	5512.500
124	Spectrogram 1	1	1.996308520	1.997306253	1782.800	6708.800	5426.367	5512.500
125	Spectrogram 1	1	1.997306253	1.998303985	1782.800	6708.800	5426.367	5512.500
126	Spectrogram 1	1	1.998303985	1.999301718	1782.800	6708.800	5426.367	5512.500
127	Spectrogram 1	1	1.999301718	2.000299450	1782.800	6708.800	5426.367	5512.500
128	Spectrogram 1	1	2.000299450	2.001297183	1782.800	6708.800	4995.703	4995.703
129	Spectrogram 1	1	2.001297183	2.002294915	1782.800	6708.800	4995.703	4995.703
130	Spectrogram 1	1	2.002294915	2.003292647	1782.800	6708.800	4995.703	4995.703
131	Spectrogram 1	1	2.003292647	2.004290380	1782.800	6708.800	4995.703	4995.703
132	Spectrogram 1	1	2.004290380	2.005288112	1782.800	6708.800	4995.703	4995.703
133	Spectrogram 1	1	2.005288112	2.006285845	1782.800	6708.800	4565.039	4478.906
134	Spectrogram 1	1	2.006285845	2.007283577	1782.800	6708.800	4565.039	4478.906
135	Spectrogram 1	1	2.007283577	2.008281310	1782.800	6708.800	4565.039	4478.906
136	Spectrogram 1	1	2.008281310	2.009279042	1782.800	6708.800	4565.039	4478.906
137	Spectrogram 1	1	2.009279042	2.010276774	1782.800	6708.800	4565.039	4478.906
138	Spectrogram 1	1	2.010276774	2.011274507	1782.800	6708.800	4565.039	4478.906
139	Spectrogram 1	1	2.011274507	2.012272239	1782.800	6708.800	5167.969	5081.836
140	Spectrogram 1	1	2.012272239	2.013269972	1782.800	6708.800	5167.969	5081.836
141	Spectrogram 1	1	2.013269972	2.014267704	1782.800	6708.800	5167.969	5081.836
142	Spectrogram 1	1	2.014267704	2.015265437	1782.800	6708.800	5167.969	5081.836
143	Spectrogram 1	1	2.015265437	2.016263169	1782.800	6708.800	5167.969	5081.836
144	Spectrogram 1	1	2.016263169	2.017260901	1782.800	6708.800	5167.969	5081.836
145	Spectrogram 1	1	2.017260901	2.018258634	1782.800	6708.800	6201.562	6373.828
146	Spectrogram 1	1	2.018258634	2.019256366	1782.800	6708.800	6201.562	6373.828
147	Spectrogram 1	1	2.019256366	2.020254099	1782.800	6708.800	6201.562	6373.828
148	Spectrogram 1	1	2.020254099	2.021251831	1782.800	6708.800	6201.562	6373.828
149	Spectrogram 1	1	2.021251831	2.022249564	1782.800	6708.800	6201.562	6373.828
150	Spectrogram 1	1	2.022249564	2.023247296	1782.800	6708.800	6201.562	6373.828
151	Spectrogram 1	1	2.023247296	2.024245028	1782.800	6708.800	6029.297	6115.430
152	Spectrogram 1	1	2.024245028	2.025242761	1782.800	6708.800	6029.297	6115.430
153	Spectrogram 1	1	2.025242761	2.026240493	1782.800	6708.800	6029.297	6115.430
154	Spectrogram 1	1	2.026240493	2.027238226	1782.800	6708.800	6029.297	6115.430
155	Spectrogram 1	1	2.027238226	2.028235958	1782.800	6708.800	6029.297	6115.430
156	Spectrogram 1	1	2.028235958	2.029233691	1782.800	6708.800	6029.297	6115.430
157	Spectrogram 1	1	2.029233691	2.030231423	1782.800	6708.800	5426.367	5340.234
158	Spectrogram 1	1	2.030231423	2.031229155	1782.800	6708.800	5426.367	5340.234
159	Spectrogram 1	1	2.031229155	2.032226888	1782.800	6708.800	5426.367	5340.234
160	Spectrogram 1	1	2.032226888	2.033224620	1782.800	6708.800	5426.367	5340.234
161	Spectrogram 1	1	2.033224620	2.034222353	1782.800	6708.800	5426.367	5340.234
162	Spectrogram 1	1	2.034222353	2.035220085	1782.800	6708.800	4995.703	5081.836
163	Spectrogram 1	1	2.035220085	2.036217817	1782.800	6708.800	4995.703	5081.836
164	Spectrogram 1	1	2.036217817	2.037215550	1782.800	6708.800	4995.703	5081.836
165	Spectrogram 1	1	2.037215550	2.038213282	1782.800	6708.800	4995.703	5081.836
166	Spectrogram 1	1	2.038213282	2.039211015	1782.800	6708.800	4995.703	5081.836
167	Spectrogram 1	1	2.039211015	2.040208747	1782.800	6708.800	4995.703	5081.836
168	Spectrogram 1	1	2.040208747	2.041206480	1782.800	6708.800	4737.305	4737.305
169	Spectrogram 1	1	2.041206480	2.042204212	1782.800	6708.800	4737.305	4737.305
170	Spectrogram 1	1	2.042204212	2.043201944	1782.800	6708.800	4737.305	4737.305
171	Spectrogram 1	1	2.043201944	2.044199677	1782.800	6708.800	4737.305	4737.305
172	Spectrogram 1	1	2.044199677	2.045197409	1782.800	6708.800	4737.305	4737.305
173	Spectrogram 1	1	2.045197409	2.046195142	1782.800	6708.800	4737.305	4737.305
174	Spectrogram 1	1	2.046195142	2.047192874	1782.800	6708.800	4651.172	4651.172
175	Spectrogram 1	1	2.047192874	2.048190607	1782.800	6708.800	4651.172	4651.172
176	Spectrogram 1	1	2.048190607	2.049188339	1782.800	6708.800	4651.172	4651.172
177	Spectrogram 1	1	2.049188339	2.050186071	1782.800	6708.800	4651.172	4651.172
178	Spectrogram 1	1	2.050186071	2.051183804	1782.800	6708.800	4651.172	4651.172
179	Spectrogram 1	1	2.051183804	2.052181536	1782.800	6708.800	4651.172	4651.172
180	Spectrogram 1	1	2.052181536	2.053179269	1782.800	6708.800	4737.305	4478.906
181	Spectrogram 1	1	2.053179269	2.053731692	1782.800	6708.800	4737.305	4478.906
