Selection	View	Channel	Begin Time (s)	End Time (s)	Low Freq (Hz)	High Freq (Hz)	Center Freq (Hz)	Peak Freq (Hz)
1	Spectrogram 1	1	62.201665343	62.202663075	2925.000	7470.000	4737.305	3531.445
2	Spectrogram 1	1	62.202663075	62.203660808	2925.000	7470.000	4737.305	3531.445
3	Spectrogram 1	1	62.203660808	62.204658540	2925.000	7470.000	3617.578	3531.445
4	Spectrogram 1	1	62.204658540	62.205656273	2925.000	7470.000	3617.578	3531.445
5	Spectrogram 1	1	62.205656273	62.206654005	2925.000	7470.000	3617.578	3531.445
6	Spectrogram 1	1	62.206654005	62.207651738	2925.000	7470.000	3617.578	3531.445
7	Spectrogram 1	1	62.207651738	62.208649470	2925.000	7470.000	3617.578	3531.445
8	Spectrogram 1	1	62.208649470	62.209647202	2925.000	7470.000	3617.578	3531.445
9	Spectrogram 1	1	62.209647202	62.210644935	2925.000	7470.000	3789.844	3789.844
10	Spectrogram 1	1	62.210644935	62.211642667	2925.000	7470.000	3789.844	3789.844
11	Spectrogram 1	1	62.211642667	62.212640400	2925.000	7470.000	3789.844	3789.844
12	Spectrogram 1	1	62.212640400	62.213638132	2925.000	7470.000	3789.844	3789.844
13	Spectrogram 1	1	62.213638132	62.214635865	2925.000	7470.000	3789.844	3789.844
14	Spectrogram 1	1	62.214635865	62.215633597	2925.000	7470.000	3962.109	3962.109
15	Spectrogram 1	1	62.215633597	62.216631329	2925.000	7470.000	3962.109	3962.109
16	Spectrogram 1	1	62.216631329	62.217629062	2925.000	7470.000	3962.109	3962.109
17	Spectrogram 1	1	62.217629062	62.218626794	2925.000	7470.000	3962.109	3962.109
18	Spectrogram 1	1	62.218626794	62.219624527	2925.000	7470.000	3962.109	3962.109
19	Spectrogram 1	1	62.219624527	62.220622259	2925.000	7470.000	3962.109	3962.109
20	Spectrogram 1	1	62.220622259	62.221619992	2925.000	7470.000	4220.508	4220.508
21	Spectrogram 1	1	62.221619992	62.222617724	2925.000	7470.000	4220.508	4220.508
22	Spectrogram 1	1	62.222617724	62.223615456	2925.000	7470.000	4220.508	4220.508
23	Spectrogram 1	1	62.223615456	62.224613189	2925.000	7470.000	4220.508	4220.508
24	Spectrogram 1	1	62.224613189	62.225610921	2925.000	7470.000	4220.508	4220.508
25	Spectrogram 1	1	62.225610921	62.226608654	2925.000	7470.000	4220.508	4220.508
26	Spectrogram 1	1	62.226608654	62.227606386	2925.000	7470.000	4220.508	4220.508
27	Spectrogram 1	1	62.227606386	62.228604119	2925.000	7470.000	4220.508	4220.508
28	Spectrogram 1	1	62.228604119	62.229601851	2925.000	7470.000	4220.508	4220.508
29	Spectrogram 1	1	62.229601851	62.230599583	2925.000	7470.000	4220.508	4220.508
30	Spectrogram 1	1	62.230599583	62.231597316	2925.000	7470.000	4220.508	4220.508
31	Spectrogram 1	1	62.231597316	62.232595048	2925.000	7470.000	4220.508	4220.508
32	Spectrogram 1	1	62.232595048	62.233592781	2925.000	7470.000	4306.641	4306.641
33	Spectrogram 1	1	62.233592781	62.234590513	2925.000	7470.000	4306.641	4306.641
34	Spectrogram 1	1	62.234590513	62.235588245	2925.000	7470.000	4306.641	4306.641
35	Spectrogram 1	1	62.235588245	62.236585978	2925.000	7470.000	4306.641	4306.641
36	Spectrogram 1	1	62.236585978	62.237583710	2925.000	7470.000	4306.641	4306.641
37	Spectrogram 1	1	62.237583710	62.238581443	2925.000	7470.000	4306.641	4306.641
38	Spectrogram 1	1	62.238581443	62.239579175	2925.000	7470.000	4306.641	4306.641
39	Spectrogram 1	1	62.239579175	62.240576908	2925.000	7470.000	4306.641	4306.641
40	Spectrogram 1	1	62.240576908	62.241574640	2925.000	7470.000	4306.641	4306.641
41	Spectrogram 1	1	62.241574640	62.242572372	2925.000	7470.000	4306.641	4306.641
42	Spectrogram 1	1	62.242572372	62.243570105	2925.000	7470.000	4306.641	4306.641
43	Spectrogram 1	1	62.243570105	62.244567837	2925.000	7470.000	4478.906	4478.906
44	Spectrogram 1	1	62.244567837	62.245565570	2925.000	7470.000	4478.906	4478.906
45	Spectrogram 1	1	62.245565570	62.246563302	2925.000	7470.000	4478.906	4478.906
46	Spectrogram 1	1	62.246563302	62.247561035	2925.000	7470.000	4478.906	4478.906
47	Spectrogram 1	1	62.247561035	62.248558767	2925.000	7470.000	4478.906	4478.906
48	Spectrogram 1	1	62.248558767	62.249556499	2925.000	7470.000	4478.906	4478.906
49	Spectrogram 1	1	62.249556499	62.250554232	2925.000	7470.000	4565.039	4565.039
50	Spectrogram 1	1	62.250554232	62.251551964	2925.000	7470.000	4565.039	4565.039
51	Spectrogram 1	1	62.251551964	62.252549697	2925.000	7470.000	4565.039	4565.039
52	Spectrogram 1	1	62.252549697	62.253547429	2925.000	7470.000	4565.039	4565.039
53	Spectrogram 1	1	62.253547429	62.254545162	2925.000	7470.000	4565.039	4565.039
54	Spectrogram 1	1	62.254545162	62.255542894	2925.000	7470.000	4565.039	4565.039
55	Spectrogram 1	1	62.255542894	62.256540626	2925.000	7470.000	4651.172	4565.039
56	Spectrogram 1	1	62.256540626	62.257538359	2925.000	7470.000	4651.172	4565.039
57	Spectrogram 1	1	62.257538359	62.258536091	2925.000	7470.000	4651.172	4565.039
58	Spectrogram 1	1	62.258536091	62.259533824	2925.000	7470.000	4651.172	4565.039
59	Spectrogram 1	1	62.259533824	62.260531556	2925.000	7470.000	4651.172	4565.039
60	Spectrogram 1	1	62.260531556	62.261529289	2925.000	7470.000	4651.172	4565.039
61	Spectrogram 1	1	62.261529289	62.262527021	2925.000	7470.000	4995.703	4995.703
62	Spectrogram 1	1	62.262527021	62.263524753	2925.000	7470.000	4995.703	4995.703
63	Spectrogram 1	1	62.263524753	62.264522486	2925.000	7470.000	4995.703	4995.703
64	Spectrogram 1	1	62.264522486	62.265520218	2925.000	7470.000	4995.703	4995.703
65	Spectrogram 1	1	62.265520218	62.266517951	2925.000	7470.000	4995.703	4995.703
66	Spectrogram 1	1	62.266517951	62.267515683	2925.000	7470.000	4995.703	4995.703
67	Spectrogram 1	1	62.267515683	62.268513416	2925.000	7470.000	5340.234	5340.234
68	Spectrogram 1	1	62.268513416	62.269511148	2925.000	7470.000	5340.234	5340.234
69	Spectrogram 1	1	62.269511148	62.270508880	2925.000	7470.000	5340.234	5340.234
70	Spectrogram 1	1	62.270508880	62.271506613	2925.000	7470.000	5340.234	5340.234
71	Spectrogram 1	1	62.271506613	62.272504345	2925.000	7470.000	5340.234	5340.234
72	Spectrogram 1	1	62.272504345	62.273502078	2925.000	7470.000	5340.234	5340.234
73	Spectrogram 1	1	62.273502078	62.274499810	2925.000	7470.000	5598.633	5512.500
74	Spectrogram 1	1	62.274499810	62.275497543	2925.000	7470.000	5598.633	5512.500
75	Spectrogram 1	1	62.275497543	62.276495275	2925.000	7470.000	5598.633	5512.500
76	Spectrogram 1	1	62.276495275	62.277493007	2925.000	7470.000	5598.633	5512.500
77	Spectrogram 1	1	62.277493007	62.278490740	2925.000	7470.000	5598.633	5512.500
78	Spectrogram 1	1	62.278490740	62.279488472	2925.000	7470.000	6115.430	6029.297
79	Spectrogram 1	1	62.279488472	62.280486205	2925.000	7470.000	6115.430	6029.297
80	Spectrogram 1	1	62.280486205	62.281483937	2925.000	7470.000	6115.430	6029.297
81	Spectrogram 1	1	62.281483937	62.282481670	2925.000	7470.000	6115.430	6029.297
82	Spectrogram 1	1	62.282481670	62.283479402	2925.000	7470.000	6115.430	6029.297
83	Spectrogram 1	1	62.283479402	62.284477134	2925.000	7470.000	6115.430	6029.297
84	Spectrogram 1	1	62.284477134	62.285474867	2925.000	7470.000	6287.695	5684.766
85	Spectrogram 1	1	62.285474867	62.286472599	2925.000	7470.000	6287.695	5684.766
86	Spectrogram 1	1	62.286472599	62.287470332	2925.000	7470.000	6287.695	5684.766
87	Spectrogram 1	1	62.287470332	62.288468064	2925.000	7470.000	6287.695	5684.766
88	Spectrogram 1	1	62.288468064	62.289465797	2925.000	7470.000	6287.695	5684.766
89	Spectrogram 1	1	62.289465797	62.290463529	2925.000	7470.000	6287.695	5684.766
90	Spectrogram 1	1	62.290463529	62.291461261	2925.000	7470.000	5081.836	4909.570
91	Spectrogram 1	1	62.291461261	62.292458994	2925.000	7470.000	5081.836	4909.570
92	Spectrogram 1	1	62.292458994	62.293456726	2925.000	7470.000	5081.836	4909.570
93	Spectrogram 1	1	62.293456726	62.294454459	2925.000	7470.000	5081.836	4909.570
94	Spectrogram 1	1	62.294454459	62.295452191	2925.000	7470.000	5081.836	4909.570
95	Spectrogram 1	1	62.295452191	62.296449923	2925.000	7470.000	5081.836	4909.570
96	Spectrogram 1	1	62.296449923	62.297447656	2925.000	7470.000	4306.641	4392.773
97	Spectrogram 1	1	62.297447656	62.298445388	2925.000	7470.000	4306.641	4392.773
98	Spectrogram 1	1	62.298445388	62.299443121	2925.000	7470.000	4306.641	4392.773
99	Spectrogram 1	1	62.299443121	62.300440853	2925.000	7470.000	4306.641	4392.773
100	Spectrogram 1	1	62.300440853	62.301438586	2925.000	7470.000	4306.641	4392.773
101	Spectrogram 1	1	62.301438586	62.302436318	2925.000	7470.000	4306.641	4392.773
102	Spectrogram 1	1	62.302436318	62.303434050	2925.000	7470.000	4048.242	3875.977
103	Spectrogram 1	1	62.303434050	62.304431783	2925.000	7470.000	4048.242	3875.977
104	Spectrogram 1	1	62.304431783	62.305429515	2925.000	7470.000	4048.242	3875.977
105	Spectrogram 1	1	62.305429515	62.306427248	2925.000	7470.000	4048.242	3875.977
106	Spectrogram 1	1	62.306427248	62.307424980	2925.000	7470.000	4048.242	3875.977
107	Spectrogram 1	1	62.307424980	62.308422713	2925.000	7470.000	3789.844	3703.711
108	Spectrogram 1	1	62.308422713	62.309420445	2925.000	7470.000	3789.844	3703.711
109	Spectrogram 1	1	62.309420445	62.310418177	2925.000	7470.000	3789.844	3703.711
110	Spectrogram 1	1	62.310418177	62.311415910	2925.000	7470.000	3789.844	3703.711
111	Spectrogram 1	1	62.311415910	62.312413642	2925.000	7470.000	3789.844	3703.711
112	Spectrogram 1	1	62.312413642	62.313411375	2925.000	7470.000	3789.844	3703.711
113	Spectrogram 1	1	62.313411375	62.314409107	2925.000	7470.000	3962.109	3962.109
114	Spectrogram 1	1	62.314409107	62.315406840	2925.000	7470.000	3962.109	3962.109
115	Spectrogram 1	1	62.315406840	62.316404572	2925.000	7470.000	3962.109	3962.109
116	Spectrogram 1	1	62.316404572	62.317402304	2925.000	7470.000	3962.109	3962.109
117	Spectrogram 1	1	62.317402304	62.318400037	2925.000	7470.000	3962.109	3962.109
118	Spectrogram 1	1	62.318400037	62.319397769	2925.000	7470.000	3962.109	3962.109
119	Spectrogram 1	1	62.319397769	62.320395502	2925.000	7470.000	4392.773	4392.773
120	Spectrogram 1	1	62.320395502	62.321393234	2925.000	7470.000	4392.773	4392.773
121	Spectrogram 1	1	62.321393234	62.322390967	2925.000	7470.000	4392.773	4392.773
122	Spectrogram 1	1	62.322390967	62.323388699	2925.000	7470.000	4392.773	4392.773
123	Spectrogram 1	1	62.323388699	62.324386431	2925.000	7470.000	4392.773	4392.773
124	Spectrogram 1	1	62.324386431	62.325384164	2925.000	7470.000	4392.773	4392.773
125	Spectrogram 1	1	62.325384164	62.326381896	2925.000	7470.000	4392.773	4392.773
126	Spectrogram 1	1	62.326381896	62.327379629	2925.000	7470.000	4392.773	4392.773
127	Spectrogram 1	1	62.327379629	62.328377361	2925.000	7470.000	4392.773	4392.773
128	Spectrogram 1	1	62.328377361	62.329375094	2925.000	7470.000	4392.773	4392.773
129	Spectrogram 1	1	62.329375094	62.330372826	2925.000	7470.000	4392.773	4392.773
130	Spectrogram 1	1	62.330372826	62.331370558	2925.000	7470.000	4392.773	4392.773
131	Spectrogram 1	1	62.331370558	62.332368291	2925.000	7470.000	4392.773	4392.773
132	Spectrogram 1	1	62.332368291	62.333366023	2925.000	7470.000	4392.773	4392.773
133	Spectrogram 1	1	62.333366023	62.334363756	2925.000	7470.000	4392.773	4392.773
134	Spectrogram 1	1	62.334363756	62.335361488	2925.000	7470.000	4392.773	4392.773
135	Spectrogram 1	1	62.335361488	62.336359221	2925.000	7470.000	4392.773	4392.773
136	Spectrogram 1	1	62.336359221	62.337356953	2925.000	7470.000	4392.773	4392.773
137	Spectrogram 1	1	62.337356953	62.338354685	2925.000	7470.000	4392.773	4392.773
138	Spectrogram 1	1	62.338354685	62.339352418	2925.000	7470.000	4392.773	4392.773
139	Spectrogram 1	1	62.339352418	62.340350150	2925.000	7470.000	4392.773	4392.773
140	Spectrogram 1	1	62.340350150	62.341347883	2925.000	7470.000	4392.773	4392.773
141	Spectrogram 1	1	62.341347883	62.342345615	2925.000	7470.000	4392.773	4392.773
142	Spectrogram 1	1	62.342345615	62.343343348	2925.000	7470.000	4478.906	4478.906
143	Spectrogram 1	1	62.343343348	62.344341080	2925.000	7470.000	4478.906	4478.906
144	Spectrogram 1	1	62.344341080	62.345338812	2925.000	7470.000	4478.906	4478.906
145	Spectrogram 1	1	62.345338812	62.346336545	2925.000	7470.000	4478.906	4478.906
146	Spectrogram 1	1	62.346336545	62.347334277	2925.000	7470.000	4478.906	4478.906
147	Spectrogram 1	1	62.347334277	62.348332010	2925.000	7470.000	4478.906	4478.906
148	Spectrogram 1	1	62.348332010	62.349329742	2925.000	7470.000	4392.773	4392.773
149	Spectrogram 1	1	62.349329742	62.350327475	2925.000	7470.000	4392.773	4392.773
150	Spectrogram 1	1	62.350327475	62.351325207	2925.000	7470.000	4392.773	4392.773
151	Spectrogram 1	1	62.351325207	62.352322939	2925.000	7470.000	4392.773	4392.773
152	Spectrogram 1	1	62.352322939	62.353320672	2925.000	7470.000	4392.773	4392.773
153	Spectrogram 1	1	62.353320672	62.354318404	2925.000	7470.000	4392.773	4392.773
154	Spectrogram 1	1	62.354318404	62.355316137	2925.000	7470.000	4392.773	4392.773
155	Spectrogram 1	1	62.355316137	62.356313869	2925.000	7470.000	4392.773	4392.773
156	Spectrogram 1	1	62.356313869	62.357311602	2925.000	7470.000	4392.773	4392.773
157	Spectrogram 1	1	62.357311602	62.358309334	2925.000	7470.000	4392.773	4392.773
158	Spectrogram 1	1	62.358309334	62.359307066	2925.000	7470.000	4392.773	4392.773
159	Spectrogram 1	1	62.359307066	62.360304799	2925.000	7470.000	4392.773	4392.773
160	Spectrogram 1	1	62.360304799	62.361302531	2925.000	7470.000	4306.641	4306.641
161	Spectrogram 1	1	62.361302531	62.362300264	2925.000	7470.000	4306.641	4306.641
162	Spectrogram 1	1	62.362300264	62.363297996	2925.000	7470.000	4306.641	4306.641
163	Spectrogram 1	1	62.363297996	62.364295728	2925.000	7470.000	4306.641	4306.641
164	Spectrogram 1	1	62.364295728	62.365293461	2925.000	7470.000	4306.641	4306.641
165	Spectrogram 1	1	62.365293461	62.366291193	2925.000	7470.000	4306.641	4306.641
166	Spectrogram 1	1	62.366291193	62.367288926	2925.000	7470.000	3703.711	3617.578
167	Spectrogram 1	1	62.367288926	62.368286658	2925.000	7470.000	3703.711	3617.578
168	Spectrogram 1	1	62.368286658	62.369284391	2925.000	7470.000	3703.711	3617.578
169	Spectrogram 1	1	62.369284391	62.370282123	2925.000	7470.000	3703.711	3617.578
170	Spectrogram 1	1	62.370282123	62.371279855	2925.000	7470.000	3703.711	3617.578
171	Spectrogram 1	1	62.371279855	62.372277588	2925.000	7470.000	3617.578	3617.578
172	Spectrogram 1	1	62.372277588	62.373275320	2925.000	7470.000	3617.578	3617.578
173	Spectrogram 1	1	62.373275320	62.374273053	2925.000	7470.000	3617.578	3617.578
174	Spectrogram 1	1	62.374273053	62.375270785	2925.000	7470.000	3617.578	3617.578
175	Spectrogram 1	1	62.375270785	62.376268518	2925.000	7470.000	3617.578	3617.578
176	Spectrogram 1	1	62.376268518	62.377266250	2925.000	7470.000	3617.578	3617.578
177	Spectrogram 1	1	62.377266250	62.378263982	2925.000	7470.000	3703.711	3703.711
178	Spectrogram 1	1	62.378263982	62.379261715	2925.000	7470.000	3703.711	3703.711
179	Spectrogram 1	1	62.379261715	62.380259447	2925.000	7470.000	3703.711	3703.711
180	Spectrogram 1	1	62.380259447	62.381257180	2925.000	7470.000	3703.711	3703.711
181	Spectrogram 1	1	62.381257180	62.382254912	2925.000	7470.000	3703.711	3703.711
182	Spectrogram 1	1	62.382254912	62.383252645	2925.000	7470.000	3703.711	3703.711
183	Spectrogram 1	1	62.383252645	62.384250377	2925.000	7470.000	3962.109	3962.109
184	Spectrogram 1	1	62.384250377	62.385248109	2925.000	7470.000	3962.109	3962.109
185	Spectrogram 1	1	62.385248109	62.386245842	2925.000	7470.000	3962.109	3962.109
186	Spectrogram 1	1	62.386245842	62.387243574	2925.000	7470.000	3962.109	3962.109
187	Spectrogram 1	1	62.387243574	62.388241307	2925.000	7470.000	3962.109	3962.109
188	Spectrogram 1	1	62.388241307	62.389239039	2925.000	7470.000	3962.109	3962.109
189	Spectrogram 1	1	62.389239039	62.390236772	2925.000	7470.000	4306.641	4306.641
190	Spectrogram 1	1	62.390236772	62.391234504	2925.000	7470.000	4306.641	4306.641
191	Spectrogram 1	1	62.391234504	62.392232236	2925.000	7470.000	4306.641	4306.641
192	Spectrogram 1	1	62.392232236	62.393229969	2925.000	7470.000	4306.641	4306.641
193	Spectrogram 1	1	62.393229969	62.394227701	2925.000	7470.000	4306.641	4306.641
194	Spectrogram 1	1	62.394227701	62.395225434	2925.000	7470.000	4306.641	4306.641
195	Spectrogram 1	1	62.395225434	62.396223166	2925.000	7470.000	4134.375	4220.508
196	Spectrogram 1	1	62.396223166	62.397220899	2925.000	7470.000	4134.375	4220.508
197	Spectrogram 1	1	62.397220899	62.398218631	2925.000	7470.000	4134.375	4220.508
198	Spectrogram 1	1	62.398218631	62.399216363	2925.000	7470.000	4134.375	4220.508
199	Spectrogram 1	1	62.399216363	62.400214096	2925.000	7470.000	4134.375	4220.508
200	Spectrogram 1	1	62.400214096	62.401211828	2925.000	7470.000	4134.375	4220.508
201	Spectrogram 1	1	62.401211828	62.402209561	2925.000	7470.000	3789.844	3703.711
202	Spectrogram 1	1	62.402209561	62.403207293	2925.000	7470.000	3789.844	3703.711
203	Spectrogram 1	1	62.403207293	62.404205026	2925.000	7470.000	3789.844	3703.711
204	Spectrogram 1	1	62.404205026	62.405202758	2925.000	7470.000	3789.844	3703.711
205	Spectrogram 1	1	62.405202758	62.406200490	2925.000	7470.000	3789.844	3703.711
206	Spectrogram 1	1	62.406200490	62.407198223	2925.000	7470.000	3531.445	3359.180
207	Spectrogram 1	1	62.407198223	62.408195955	2925.000	7470.000	3531.445	3359.180
208	Spectrogram 1	1	62.408195955	62.409193688	2925.000	7470.000	3531.445	3359.180
209	Spectrogram 1	1	62.409193688	62.410191420	2925.000	7470.000	3531.445	3359.180
210	Spectrogram 1	1	62.410191420	62.411189153	2925.000	7470.000	3531.445	3359.180
211	Spectrogram 1	1	62.411189153	62.412186885	2925.000	7470.000	3531.445	3359.180
212	Spectrogram 1	1	62.412186885	62.413184617	2925.000	7470.000	3359.180	3273.047
213	Spectrogram 1	1	62.413184617	62.414182350	2925.000	7470.000	3359.180	3273.047
214	Spectrogram 1	1	62.414182350	62.415180082	2925.000	7470.000	3359.180	3273.047
215	Spectrogram 1	1	62.415180082	62.416177815	2925.000	7470.000	3359.180	3273.047
216	Spectrogram 1	1	62.416177815	62.417175547	2925.000	7470.000	3359.180	3273.047
217	Spectrogram 1	1	62.417175547	62.418173280	2925.000	7470.000	3359.180	3273.047
218	Spectrogram 1	1	62.418173280	62.419171012	2925.000	7470.000	4048.242	4392.773
219	Spectrogram 1	1	62.419171012	62.420168744	2925.000	7470.000	4048.242	4392.773
220	Spectrogram 1	1	62.420168744	62.421166477	2925.000	7470.000	4048.242	4392.773
221	Spectrogram 1	1	62.421166477	62.422164209	2925.000	7470.000	4048.242	4392.773
222	Spectrogram 1	1	62.422164209	62.422731570	2925.000	7470.000	4048.242	4392.773
