Selection	View	Channel	Begin Time (s)	End Time (s)	Low Freq (Hz)	High Freq (Hz)	Center Freq (Hz)	Peak Freq (Hz)
1	Spectrogram 1	1	90.741786968	90.742786968	2132.231	5671.200	2812.500	2250.000
2	Spectrogram 1	1	90.742786968	90.743786968	2132.231	5671.200	2625.000	2437.500
3	Spectrogram 1	1	90.743786968	90.744786968	2132.231	5671.200	2625.000	2437.500
4	Spectrogram 1	1	90.744786968	90.745786968	2132.231	5671.200	2625.000	2437.500
5	Spectrogram 1	1	90.745786968	90.746786968	2132.231	5671.200	3562.500	2437.500
6	Spectrogram 1	1	90.746786968	90.747786968	2132.231	5671.200	3562.500	2437.500
7	Spectrogram 1	1	90.747786968	90.748786968	2132.231	5671.200	3750.000	3750.000
8	Spectrogram 1	1	90.748786968	90.749786968	2132.231	5671.200	3750.000	3750.000
9	Spectrogram 1	1	90.749786968	90.750786968	2132.231	5671.200	3750.000	3750.000
10	Spectrogram 1	1	90.750786968	90.751786968	2132.231	5671.200	3937.500	3937.500
11	Spectrogram 1	1	90.751786968	90.752786968	2132.231	5671.200	3937.500	3937.500
12	Spectrogram 1	1	90.752786968	90.753786968	2132.231	5671.200	3937.500	3937.500
13	Spectrogram 1	1	90.753786968	90.754786968	2132.231	5671.200	4125.000	4312.500
14	Spectrogram 1	1	90.754786968	90.755786968	2132.231	5671.200	4125.000	4312.500
15	Spectrogram 1	1	90.755786968	90.756786968	2132.231	5671.200	4125.000	2437.500
16	Spectrogram 1	1	90.756786968	90.757786968	2132.231	5671.200	4125.000	2437.500
17	Spectrogram 1	1	90.757786968	90.758786968	2132.231	5671.200	4125.000	2437.500
18	Spectrogram 1	1	90.758786968	90.759786968	2132.231	5671.200	3187.500	2812.500
19	Spectrogram 1	1	90.759786968	90.760786968	2132.231	5671.200	3187.500	2812.500
20	Spectrogram 1	1	90.760786968	90.761786968	2132.231	5671.200	3187.500	2812.500
21	Spectrogram 1	1	90.761786968	90.762786968	2132.231	5671.200	3187.500	3187.500
22	Spectrogram 1	1	90.762786968	90.763786968	2132.231	5671.200	3187.500	3187.500
23	Spectrogram 1	1	90.763786968	90.764786968	2132.231	5671.200	3375.000	3375.000
24	Spectrogram 1	1	90.764786968	90.765786968	2132.231	5671.200	3375.000	3375.000
25	Spectrogram 1	1	90.765786968	90.766786968	2132.231	5671.200	3375.000	3375.000
26	Spectrogram 1	1	90.766786968	90.767786968	2132.231	5671.200	3375.000	3562.500
27	Spectrogram 1	1	90.767786968	90.768786968	2132.231	5671.200	3375.000	3562.500
28	Spectrogram 1	1	90.768786968	90.769786968	2132.231	5671.200	3375.000	3562.500
29	Spectrogram 1	1	90.769786968	90.770786968	2132.231	5671.200	3562.500	3562.500
30	Spectrogram 1	1	90.770786968	90.771786968	2132.231	5671.200	3562.500	3562.500
31	Spectrogram 1	1	90.771786968	90.772786968	2132.231	5671.200	3562.500	3562.500
32	Spectrogram 1	1	90.772786968	90.773786968	2132.231	5671.200	3562.500	3562.500
33	Spectrogram 1	1	90.773786968	90.774786968	2132.231	5671.200	3562.500	3562.500
34	Spectrogram 1	1	90.774786968	90.775786968	2132.231	5671.200	3562.500	3562.500
35	Spectrogram 1	1	90.775786968	90.776786968	2132.231	5671.200	3562.500	3562.500
36	Spectrogram 1	1	90.776786968	90.777786968	2132.231	5671.200	3562.500	3562.500
37	Spectrogram 1	1	90.777786968	90.778786968	2132.231	5671.200	3562.500	3562.500
38	Spectrogram 1	1	90.778786968	90.779786968	2132.231	5671.200	3562.500	3562.500
39	Spectrogram 1	1	90.779786968	90.780786968	2132.231	5671.200	3750.000	3750.000
40	Spectrogram 1	1	90.780786968	90.781786968	2132.231	5671.200	3750.000	3750.000
41	Spectrogram 1	1	90.781786968	90.782786968	2132.231	5671.200	3750.000	3750.000
42	Spectrogram 1	1	90.782786968	90.783786968	2132.231	5671.200	3750.000	3750.000
43	Spectrogram 1	1	90.783786968	90.784786968	2132.231	5671.200	3750.000	3750.000
44	Spectrogram 1	1	90.784786968	90.785786968	2132.231	5671.200	3750.000	3750.000
45	Spectrogram 1	1	90.785786968	90.786786968	2132.231	5671.200	3750.000	3750.000
46	Spectrogram 1	1	90.786786968	90.787786968	2132.231	5671.200	3750.000	3750.000
47	Spectrogram 1	1	90.787786968	90.788786968	2132.231	5671.200	3750.000	3750.000
48	Spectrogram 1	1	90.788786968	90.789786968	2132.231	5671.200	3750.000	3750.000
49	Spectrogram 1	1	90.789786968	90.790786968	2132.231	5671.200	3750.000	3750.000
50	Spectrogram 1	1	90.790786968	90.791786968	2132.231	5671.200	3750.000	3750.000
51	Spectrogram 1	1	90.791786968	90.792786968	2132.231	5671.200	3750.000	3750.000
52	Spectrogram 1	1	90.792786968	90.793786968	2132.231	5671.200	3750.000	3750.000
53	Spectrogram 1	1	90.793786968	90.794786968	2132.231	5671.200	3937.500	3937.500
54	Spectrogram 1	1	90.794786968	90.795786968	2132.231	5671.200	3937.500	3937.500
55	Spectrogram 1	1	90.795786968	90.796786968	2132.231	5671.200	3750.000	3750.000
56	Spectrogram 1	1	90.796786968	90.797786968	2132.231	5671.200	3750.000	3750.000
57	Spectrogram 1	1	90.797786968	90.798786968	2132.231	5671.200	3750.000	3750.000
58	Spectrogram 1	1	90.798786968	90.799786968	2132.231	5671.200	3750.000	3750.000
59	Spectrogram 1	1	90.799786968	90.800786968	2132.231	5671.200	3750.000	3750.000
60	Spectrogram 1	1	90.800786968	90.801786968	2132.231	5671.200	3750.000	3750.000
61	Spectrogram 1	1	90.801786968	90.802786968	2132.231	5671.200	3750.000	3750.000
62	Spectrogram 1	1	90.802786968	90.803786968	2132.231	5671.200	3750.000	3750.000
63	Spectrogram 1	1	90.803786968	90.804786968	2132.231	5671.200	3750.000	3750.000
64	Spectrogram 1	1	90.804786968	90.805786968	2132.231	5671.200	3750.000	3750.000
65	Spectrogram 1	1	90.805786968	90.806786968	2132.231	5671.200	3750.000	3750.000
66	Spectrogram 1	1	90.806786968	90.807786968	2132.231	5671.200	3750.000	3750.000
67	Spectrogram 1	1	90.807786968	90.808786968	2132.231	5671.200	3750.000	3750.000
68	Spectrogram 1	1	90.808786968	90.809786968	2132.231	5671.200	3750.000	3750.000
69	Spectrogram 1	1	90.809786968	90.810786968	2132.231	5671.200	3750.000	3750.000
70	Spectrogram 1	1	90.810786968	90.811786968	2132.231	5671.200	3750.000	3750.000
71	Spectrogram 1	1	90.811786968	90.812786968	2132.231	5671.200	3750.000	3750.000
72	Spectrogram 1	1	90.812786968	90.813786968	2132.231	5671.200	3750.000	3750.000
73	Spectrogram 1	1	90.813786968	90.814786968	2132.231	5671.200	3750.000	3750.000
74	Spectrogram 1	1	90.814786968	90.815786968	2132.231	5671.200	3750.000	3750.000
75	Spectrogram 1	1	90.815786968	90.816786968	2132.231	5671.200	3750.000	3750.000
76	Spectrogram 1	1	90.816786968	90.817786968	2132.231	5671.200	3750.000	3750.000
77	Spectrogram 1	1	90.817786968	90.818786968	2132.231	5671.200	3750.000	3750.000
78	Spectrogram 1	1	90.818786968	90.819786968	2132.231	5671.200	3750.000	3750.000
79	Spectrogram 1	1	90.819786968	90.820786968	2132.231	5671.200	3750.000	3750.000
80	Spectrogram 1	1	90.820786968	90.821786968	2132.231	5671.200	3750.000	3750.000
81	Spectrogram 1	1	90.821786968	90.822786968	2132.231	5671.200	3750.000	3750.000
82	Spectrogram 1	1	90.822786968	90.823786968	2132.231	5671.200	3937.500	3937.500
83	Spectrogram 1	1	90.823786968	90.824786968	2132.231	5671.200	3937.500	3937.500
84	Spectrogram 1	1	90.824786968	90.825786968	2132.231	5671.200	3937.500	3937.500
85	Spectrogram 1	1	90.825786968	90.826786968	2132.231	5671.200	3937.500	3937.500
86	Spectrogram 1	1	90.826786968	90.827786968	2132.231	5671.200	3937.500	3937.500
87	Spectrogram 1	1	90.827786968	90.828786968	2132.231	5671.200	3937.500	3937.500
88	Spectrogram 1	1	90.828786968	90.829786968	2132.231	5671.200	3937.500	3937.500
89	Spectrogram 1	1	90.829786968	90.830786968	2132.231	5671.200	3937.500	3937.500
90	Spectrogram 1	1	90.830786968	90.831786968	2132.231	5671.200	3937.500	3937.500
91	Spectrogram 1	1	90.831786968	90.832786968	2132.231	5671.200	3937.500	3937.500
92	Spectrogram 1	1	90.832786968	90.833786968	2132.231	5671.200	3937.500	3937.500
93	Spectrogram 1	1	90.833786968	90.834786968	2132.231	5671.200	4125.000	4125.000
94	Spectrogram 1	1	90.834786968	90.835786968	2132.231	5671.200	4125.000	4125.000
95	Spectrogram 1	1	90.835786968	90.836786968	2132.231	5671.200	4125.000	4125.000
96	Spectrogram 1	1	90.836786968	90.837786968	2132.231	5671.200	4125.000	4125.000
97	Spectrogram 1	1	90.837786968	90.838786968	2132.231	5671.200	4125.000	4125.000
98	Spectrogram 1	1	90.838786968	90.839786968	2132.231	5671.200	4312.500	4312.500
99	Spectrogram 1	1	90.839786968	90.840786968	2132.231	5671.200	4312.500	4312.500
100	Spectrogram 1	1	90.840786968	90.841786968	2132.231	5671.200	4312.500	4312.500
101	Spectrogram 1	1	90.841786968	90.842786968	2132.231	5671.200	4312.500	4312.500
102	Spectrogram 1	1	90.842786968	90.843786968	2132.231	5671.200	4312.500	4312.500
103	Spectrogram 1	1	90.843786968	90.844786968	2132.231	5671.200	4312.500	4312.500
104	Spectrogram 1	1	90.844786968	90.845786968	2132.231	5671.200	4312.500	4312.500
105	Spectrogram 1	1	90.845786968	90.846786968	2132.231	5671.200	4312.500	4312.500
106	Spectrogram 1	1	90.846786968	90.847786968	2132.231	5671.200	4500.000	4500.000
107	Spectrogram 1	1	90.847786968	90.848786968	2132.231	5671.200	4500.000	4500.000
108	Spectrogram 1	1	90.848786968	90.849786968	2132.231	5671.200	4500.000	4500.000
109	Spectrogram 1	1	90.849786968	90.850786968	2132.231	5671.200	4500.000	4500.000
110	Spectrogram 1	1	90.850786968	90.851786968	2132.231	5671.200	4500.000	4500.000
111	Spectrogram 1	1	90.851786968	90.852786968	2132.231	5671.200	4500.000	4500.000
112	Spectrogram 1	1	90.852786968	90.853786968	2132.231	5671.200	4500.000	4500.000
113	Spectrogram 1	1	90.853786968	90.854786968	2132.231	5671.200	4500.000	4500.000
114	Spectrogram 1	1	90.854786968	90.855786968	2132.231	5671.200	4687.500	4687.500
115	Spectrogram 1	1	90.855786968	90.856786968	2132.231	5671.200	4687.500	4687.500
116	Spectrogram 1	1	90.856786968	90.857786968	2132.231	5671.200	4687.500	4687.500
117	Spectrogram 1	1	90.857786968	90.858786968	2132.231	5671.200	4687.500	4687.500
118	Spectrogram 1	1	90.858786968	90.859786968	2132.231	5671.200	4687.500	4687.500
119	Spectrogram 1	1	90.859786968	90.860786968	2132.231	5671.200	4687.500	4687.500
120	Spectrogram 1	1	90.860786968	90.861786968	2132.231	5671.200	4687.500	4687.500
121	Spectrogram 1	1	90.861786968	90.862786968	2132.231	5671.200	4687.500	4687.500
122	Spectrogram 1	1	90.862786968	90.863786968	2132.231	5671.200	4687.500	4687.500
123	Spectrogram 1	1	90.863786968	90.864786968	2132.231	5671.200	4687.500	4687.500
124	Spectrogram 1	1	90.864786968	90.865786968	2132.231	5671.200	4687.500	4687.500
125	Spectrogram 1	1	90.865786968	90.866786968	2132.231	5671.200	4687.500	4687.500
126	Spectrogram 1	1	90.866786968	90.867786968	2132.231	5671.200	4687.500	4687.500
127	Spectrogram 1	1	90.867786968	90.868786968	2132.231	5671.200	4875.000	4875.000
128	Spectrogram 1	1	90.868786968	90.869786968	2132.231	5671.200	4875.000	4875.000
129	Spectrogram 1	1	90.869786968	90.870786968	2132.231	5671.200	4875.000	4875.000
130	Spectrogram 1	1	90.870786968	90.871786968	2132.231	5671.200	4875.000	4875.000
131	Spectrogram 1	1	90.871786968	90.872786968	2132.231	5671.200	4875.000	4875.000
132	Spectrogram 1	1	90.872786968	90.873786968	2132.231	5671.200	4875.000	4875.000
133	Spectrogram 1	1	90.873786968	90.874786968	2132.231	5671.200	5062.500	5062.500
134	Spectrogram 1	1	90.874786968	90.875786968	2132.231	5671.200	5062.500	5062.500
135	Spectrogram 1	1	90.875786968	90.876786968	2132.231	5671.200	5062.500	5062.500
136	Spectrogram 1	1	90.876786968	90.877786968	2132.231	5671.200	5062.500	5062.500
137	Spectrogram 1	1	90.877786968	90.878786968	2132.231	5671.200	5062.500	5062.500
138	Spectrogram 1	1	90.878786968	90.879786968	2132.231	5671.200	5062.500	5062.500
139	Spectrogram 1	1	90.879786968	90.880786968	2132.231	5671.200	5062.500	5062.500
140	Spectrogram 1	1	90.880786968	90.881786968	2132.231	5671.200	5062.500	5062.500
141	Spectrogram 1	1	90.881786968	90.882786968	2132.231	5671.200	4687.500	4687.500
142	Spectrogram 1	1	90.882786968	90.883786968	2132.231	5671.200	4687.500	4687.500
143	Spectrogram 1	1	90.883786968	90.884786968	2132.231	5671.200	4687.500	4687.500
144	Spectrogram 1	1	90.884786968	90.885786968	2132.231	5671.200	4687.500	4687.500
145	Spectrogram 1	1	90.885786968	90.886786968	2132.231	5671.200	4687.500	4687.500
146	Spectrogram 1	1	90.886786968	90.887786968	2132.231	5671.200	4125.000	4125.000
147	Spectrogram 1	1	90.887786968	90.888786968	2132.231	5671.200	4125.000	4125.000
148	Spectrogram 1	1	90.888786968	90.889786968	2132.231	5671.200	4125.000	4125.000
149	Spectrogram 1	1	90.889786968	90.890786968	2132.231	5671.200	3937.500	3750.000
150	Spectrogram 1	1	90.890786968	90.891786968	2132.231	5671.200	3937.500	3750.000
151	Spectrogram 1	1	90.891786968	90.892786968	2132.231	5671.200	4312.500	3750.000
152	Spectrogram 1	1	90.892786968	90.893786968	2132.231	5671.200	4312.500	3750.000
153	Spectrogram 1	1	90.893786968	90.894786968	2132.231	5671.200	4312.500	3750.000
154	Spectrogram 1	1	90.894786968	90.895786968	2132.231	5671.200	4312.500	3562.500
155	Spectrogram 1	1	90.895786968	90.896786968	2132.231	5671.200	4312.500	3562.500
156	Spectrogram 1	1	90.896786968	90.897786968	2132.231	5671.200	4312.500	3562.500
157	Spectrogram 1	1	90.897786968	90.898786968	2132.231	5671.200	3750.000	3750.000
158	Spectrogram 1	1	90.898786968	90.899786968	2132.231	5671.200	3750.000	3750.000
159	Spectrogram 1	1	90.899786968	90.900786968	2132.231	5671.200	3750.000	3750.000
160	Spectrogram 1	1	90.900786968	90.901786968	2132.231	5671.200	3750.000	3750.000
161	Spectrogram 1	1	90.901786968	90.902786968	2132.231	5671.200	3750.000	3750.000
162	Spectrogram 1	1	90.902786968	90.903786968	2132.231	5671.200	3750.000	3750.000
163	Spectrogram 1	1	90.903786968	90.904786968	2132.231	5671.200	3750.000	3750.000
164	Spectrogram 1	1	90.904786968	90.905786968	2132.231	5671.200	3750.000	3750.000
165	Spectrogram 1	1	90.905786968	90.906786968	2132.231	5671.200	3750.000	3750.000
166	Spectrogram 1	1	90.906786968	90.907786968	2132.231	5671.200	3750.000	3750.000
167	Spectrogram 1	1	90.907786968	90.908786968	2132.231	5671.200	3750.000	3750.000
168	Spectrogram 1	1	90.908786968	90.909786968	2132.231	5671.200	3750.000	3750.000
169	Spectrogram 1	1	90.909786968	90.910786968	2132.231	5671.200	3750.000	3750.000
170	Spectrogram 1	1	90.910786968	90.911786968	2132.231	5671.200	3750.000	3750.000
171	Spectrogram 1	1	90.911786968	90.912786968	2132.231	5671.200	3750.000	3750.000
172	Spectrogram 1	1	90.912786968	90.913786968	2132.231	5671.200	3750.000	3750.000
173	Spectrogram 1	1	90.913786968	90.914786968	2132.231	5671.200	3937.500	3937.500
174	Spectrogram 1	1	90.914786968	90.915786968	2132.231	5671.200	3937.500	3937.500
175	Spectrogram 1	1	90.915786968	90.916786968	2132.231	5671.200	3937.500	3937.500
176	Spectrogram 1	1	90.916786968	90.917786968	2132.231	5671.200	3937.500	3937.500
177	Spectrogram 1	1	90.917786968	90.918786968	2132.231	5671.200	3937.500	3937.500
178	Spectrogram 1	1	90.918786968	90.919786968	2132.231	5671.200	3937.500	3937.500
179	Spectrogram 1	1	90.919786968	90.920786968	2132.231	5671.200	3937.500	3937.500
180	Spectrogram 1	1	90.920786968	90.921786968	2132.231	5671.200	3937.500	3937.500
181	Spectrogram 1	1	90.921786968	90.922786968	2132.231	5671.200	3937.500	3937.500
182	Spectrogram 1	1	90.922786968	90.923786968	2132.231	5671.200	3937.500	3937.500
183	Spectrogram 1	1	90.923786968	90.924786968	2132.231	5671.200	3937.500	3937.500
184	Spectrogram 1	1	90.924786968	90.925786968	2132.231	5671.200	3937.500	3937.500
185	Spectrogram 1	1	90.925786968	90.926786968	2132.231	5671.200	3937.500	3937.500
186	Spectrogram 1	1	90.926786968	90.927786968	2132.231	5671.200	3937.500	3937.500
187	Spectrogram 1	1	90.927786968	90.928786968	2132.231	5671.200	3937.500	3937.500
188	Spectrogram 1	1	90.928786968	90.929786968	2132.231	5671.200	3937.500	3937.500
189	Spectrogram 1	1	90.929786968	90.930786968	2132.231	5671.200	3937.500	3937.500
190	Spectrogram 1	1	90.930786968	90.931786968	2132.231	5671.200	3937.500	3937.500
191	Spectrogram 1	1	90.931786968	90.932786968	2132.231	5671.200	3937.500	3937.500
192	Spectrogram 1	1	90.932786968	90.933786968	2132.231	5671.200	3937.500	3937.500
193	Spectrogram 1	1	90.933786968	90.934786968	2132.231	5671.200	3937.500	3937.500
194	Spectrogram 1	1	90.934786968	90.935786968	2132.231	5671.200	3937.500	3937.500
195	Spectrogram 1	1	90.935786968	90.936786968	2132.231	5671.200	3937.500	3937.500
196	Spectrogram 1	1	90.936786968	90.937786968	2132.231	5671.200	3937.500	3937.500
197	Spectrogram 1	1	90.937786968	90.938786968	2132.231	5671.200	3937.500	3937.500
198	Spectrogram 1	1	90.938786968	90.939786968	2132.231	5671.200	3937.500	3937.500
199	Spectrogram 1	1	90.939786968	90.940786968	2132.231	5671.200	3937.500	3937.500
200	Spectrogram 1	1	90.940786968	90.941786968	2132.231	5671.200	3937.500	3937.500
201	Spectrogram 1	1	90.941786968	90.942786968	2132.231	5671.200	3937.500	3937.500
202	Spectrogram 1	1	90.942786968	90.943786968	2132.231	5671.200	3937.500	3937.500
203	Spectrogram 1	1	90.943786968	90.944786968	2132.231	5671.200	3937.500	3937.500
204	Spectrogram 1	1	90.944786968	90.945786968	2132.231	5671.200	3937.500	3937.500
205	Spectrogram 1	1	90.945786968	90.946786968	2132.231	5671.200	3750.000	3750.000
206	Spectrogram 1	1	90.946786968	90.947786968	2132.231	5671.200	3750.000	3750.000
207	Spectrogram 1	1	90.947786968	90.948786968	2132.231	5671.200	3750.000	3750.000
208	Spectrogram 1	1	90.948786968	90.949786968	2132.231	5671.200	3750.000	3750.000
209	Spectrogram 1	1	90.949786968	90.950786968	2132.231	5671.200	3750.000	3750.000
210	Spectrogram 1	1	90.950786968	90.951786968	2132.231	5671.200	3937.500	3937.500
211	Spectrogram 1	1	90.951786968	90.952786968	2132.231	5671.200	3937.500	3937.500
212	Spectrogram 1	1	90.952786968	90.953786968	2132.231	5671.200	3937.500	3937.500
213	Spectrogram 1	1	90.953786968	90.954786968	2132.231	5671.200	3750.000	3937.500
214	Spectrogram 1	1	90.954786968	90.955786968	2132.231	5671.200	3750.000	3937.500
215	Spectrogram 1	1	90.955786968	90.956728481	2132.231	5671.200	3562.500	3375.000
