Selection	View	Channel	Begin Time (s)	End Time (s)	Low Freq (Hz)	High Freq (Hz)	Center Freq (Hz)	Peak Freq (Hz)
1	Spectrogram 1	1	157.198640299	157.199640299	2738.800	6465.300	4687.500	4687.500
2	Spectrogram 1	1	157.199640299	157.200640299	2738.800	6465.300	4687.500	4687.500
3	Spectrogram 1	1	157.200640299	157.201640299	2738.800	6465.300	4687.500	4687.500
4	Spectrogram 1	1	157.201640299	157.202640299	2738.800	6465.300	5625.000	5625.000
5	Spectrogram 1	1	157.202640299	157.203640299	2738.800	6465.300	5625.000	5625.000
6	Spectrogram 1	1	157.203640299	157.204640299	2738.800	6465.300	4687.500	3000.000
7	Spectrogram 1	1	157.204640299	157.205640299	2738.800	6465.300	4687.500	3000.000
8	Spectrogram 1	1	157.205640299	157.206640299	2738.800	6465.300	4687.500	3000.000
9	Spectrogram 1	1	157.206640299	157.207640299	2738.800	6465.300	5437.500	3187.500
10	Spectrogram 1	1	157.207640299	157.208640299	2738.800	6465.300	5437.500	3187.500
11	Spectrogram 1	1	157.208640299	157.209640299	2738.800	6465.300	5437.500	3187.500
12	Spectrogram 1	1	157.209640299	157.210640299	2738.800	6465.300	3375.000	3187.500
13	Spectrogram 1	1	157.210640299	157.211640299	2738.800	6465.300	3375.000	3187.500
14	Spectrogram 1	1	157.211640299	157.212640299	2738.800	6465.300	3375.000	3375.000
15	Spectrogram 1	1	157.212640299	157.213640299	2738.800	6465.300	3375.000	3375.000
16	Spectrogram 1	1	157.213640299	157.214640299	2738.800	6465.300	3375.000	3375.000
17	Spectrogram 1	1	157.214640299	157.215640299	2738.800	6465.300	3937.500	3562.500
18	Spectrogram 1	1	157.215640299	157.216640299	2738.800	6465.300	3937.500	3562.500
19	Spectrogram 1	1	157.216640299	157.217640299	2738.800	6465.300	3937.500	3562.500
20	Spectrogram 1	1	157.217640299	157.218640299	2738.800	6465.300	3562.500	3375.000
21	Spectrogram 1	1	157.218640299	157.219640299	2738.800	6465.300	3562.500	3375.000
22	Spectrogram 1	1	157.219640299	157.220640299	2738.800	6465.300	3562.500	3562.500
23	Spectrogram 1	1	157.220640299	157.221640299	2738.800	6465.300	3562.500	3562.500
24	Spectrogram 1	1	157.221640299	157.222640299	2738.800	6465.300	3562.500	3562.500
25	Spectrogram 1	1	157.222640299	157.223640299	2738.800	6465.300	3562.500	3562.500
26	Spectrogram 1	1	157.223640299	157.224640299	2738.800	6465.300	3562.500	3562.500
27	Spectrogram 1	1	157.224640299	157.225640299	2738.800	6465.300	3562.500	3562.500
28	Spectrogram 1	1	157.225640299	157.226640299	2738.800	6465.300	3562.500	3562.500
29	Spectrogram 1	1	157.226640299	157.227640299	2738.800	6465.300	3562.500	3562.500
30	Spectrogram 1	1	157.227640299	157.228640299	2738.800	6465.300	3562.500	3562.500
31	Spectrogram 1	1	157.228640299	157.229640299	2738.800	6465.300	3562.500	3562.500
32	Spectrogram 1	1	157.229640299	157.230640299	2738.800	6465.300	3562.500	3562.500
33	Spectrogram 1	1	157.230640299	157.231640299	2738.800	6465.300	3750.000	3750.000
34	Spectrogram 1	1	157.231640299	157.232640299	2738.800	6465.300	3750.000	3750.000
35	Spectrogram 1	1	157.232640299	157.233640299	2738.800	6465.300	3750.000	3750.000
36	Spectrogram 1	1	157.233640299	157.234640299	2738.800	6465.300	3750.000	3750.000
37	Spectrogram 1	1	157.234640299	157.235640299	2738.800	6465.300	3750.000	3750.000
38	Spectrogram 1	1	157.235640299	157.236640299	2738.800	6465.300	3750.000	3750.000
39	Spectrogram 1	1	157.236640299	157.237640299	2738.800	6465.300	3750.000	3750.000
40	Spectrogram 1	1	157.237640299	157.238640299	2738.800	6465.300	3750.000	3750.000
41	Spectrogram 1	1	157.238640299	157.239640299	2738.800	6465.300	3750.000	3750.000
42	Spectrogram 1	1	157.239640299	157.240640299	2738.800	6465.300	3750.000	3750.000
43	Spectrogram 1	1	157.240640299	157.241640299	2738.800	6465.300	3750.000	3750.000
44	Spectrogram 1	1	157.241640299	157.242640299	2738.800	6465.300	3937.500	3937.500
45	Spectrogram 1	1	157.242640299	157.243640299	2738.800	6465.300	3937.500	3937.500
46	Spectrogram 1	1	157.243640299	157.244640299	2738.800	6465.300	3750.000	3750.000
47	Spectrogram 1	1	157.244640299	157.245640299	2738.800	6465.300	3750.000	3750.000
48	Spectrogram 1	1	157.245640299	157.246640299	2738.800	6465.300	3750.000	3750.000
49	Spectrogram 1	1	157.246640299	157.247640299	2738.800	6465.300	3937.500	3937.500
50	Spectrogram 1	1	157.247640299	157.248640299	2738.800	6465.300	3937.500	3937.500
51	Spectrogram 1	1	157.248640299	157.249640299	2738.800	6465.300	3937.500	3937.500
52	Spectrogram 1	1	157.249640299	157.250640299	2738.800	6465.300	3937.500	3937.500
53	Spectrogram 1	1	157.250640299	157.251640299	2738.800	6465.300	3937.500	3937.500
54	Spectrogram 1	1	157.251640299	157.252640299	2738.800	6465.300	3937.500	3937.500
55	Spectrogram 1	1	157.252640299	157.253640299	2738.800	6465.300	3937.500	3937.500
56	Spectrogram 1	1	157.253640299	157.254640299	2738.800	6465.300	3937.500	3937.500
57	Spectrogram 1	1	157.254640299	157.255640299	2738.800	6465.300	3937.500	3937.500
58	Spectrogram 1	1	157.255640299	157.256640299	2738.800	6465.300	3937.500	3937.500
59	Spectrogram 1	1	157.256640299	157.257640299	2738.800	6465.300	3937.500	3937.500
60	Spectrogram 1	1	157.257640299	157.258640299	2738.800	6465.300	3937.500	3937.500
61	Spectrogram 1	1	157.258640299	157.259640299	2738.800	6465.300	3937.500	3937.500
62	Spectrogram 1	1	157.259640299	157.260640299	2738.800	6465.300	3937.500	3937.500
63	Spectrogram 1	1	157.260640299	157.261640299	2738.800	6465.300	3937.500	3937.500
64	Spectrogram 1	1	157.261640299	157.262640299	2738.800	6465.300	3937.500	3937.500
65	Spectrogram 1	1	157.262640299	157.263640299	2738.800	6465.300	3937.500	3937.500
66	Spectrogram 1	1	157.263640299	157.264640299	2738.800	6465.300	3937.500	3937.500
67	Spectrogram 1	1	157.264640299	157.265640299	2738.800	6465.300	3937.500	3937.500
68	Spectrogram 1	1	157.265640299	157.266640299	2738.800	6465.300	3937.500	3937.500
69	Spectrogram 1	1	157.266640299	157.267640299	2738.800	6465.300	3937.500	3937.500
70	Spectrogram 1	1	157.267640299	157.268640299	2738.800	6465.300	4125.000	4125.000
71	Spectrogram 1	1	157.268640299	157.269640299	2738.800	6465.300	4125.000	4125.000
72	Spectrogram 1	1	157.269640299	157.270640299	2738.800	6465.300	4125.000	4125.000
73	Spectrogram 1	1	157.270640299	157.271640299	2738.800	6465.300	4125.000	4125.000
74	Spectrogram 1	1	157.271640299	157.272640299	2738.800	6465.300	4125.000	4125.000
75	Spectrogram 1	1	157.272640299	157.273640299	2738.800	6465.300	4125.000	4125.000
76	Spectrogram 1	1	157.273640299	157.274640299	2738.800	6465.300	4125.000	4125.000
77	Spectrogram 1	1	157.274640299	157.275640299	2738.800	6465.300	4125.000	4125.000
78	Spectrogram 1	1	157.275640299	157.276640299	2738.800	6465.300	4312.500	4312.500
79	Spectrogram 1	1	157.276640299	157.277640299	2738.800	6465.300	4312.500	4312.500
80	Spectrogram 1	1	157.277640299	157.278640299	2738.800	6465.300	4312.500	4312.500
81	Spectrogram 1	1	157.278640299	157.279640299	2738.800	6465.300	4312.500	4312.500
82	Spectrogram 1	1	157.279640299	157.280640299	2738.800	6465.300	4312.500	4312.500
83	Spectrogram 1	1	157.280640299	157.281640299	2738.800	6465.300	4312.500	4312.500
84	Spectrogram 1	1	157.281640299	157.282640299	2738.800	6465.300	4500.000	4500.000
85	Spectrogram 1	1	157.282640299	157.283640299	2738.800	6465.300	4500.000	4500.000
86	Spectrogram 1	1	157.283640299	157.284640299	2738.800	6465.300	4500.000	4500.000
87	Spectrogram 1	1	157.284640299	157.285640299	2738.800	6465.300	4500.000	4500.000
88	Spectrogram 1	1	157.285640299	157.286640299	2738.800	6465.300	4500.000	4500.000
89	Spectrogram 1	1	157.286640299	157.287640299	2738.800	6465.300	4500.000	4500.000
90	Spectrogram 1	1	157.287640299	157.288640299	2738.800	6465.300	4500.000	4500.000
91	Spectrogram 1	1	157.288640299	157.289640299	2738.800	6465.300	4500.000	4500.000
92	Spectrogram 1	1	157.289640299	157.290640299	2738.800	6465.300	4687.500	4687.500
93	Spectrogram 1	1	157.290640299	157.291640299	2738.800	6465.300	4687.500	4687.500
94	Spectrogram 1	1	157.291640299	157.292640299	2738.800	6465.300	4687.500	4687.500
95	Spectrogram 1	1	157.292640299	157.293640299	2738.800	6465.300	4687.500	4687.500
96	Spectrogram 1	1	157.293640299	157.294640299	2738.800	6465.300	4687.500	4687.500
97	Spectrogram 1	1	157.294640299	157.295640299	2738.800	6465.300	4875.000	4687.500
98	Spectrogram 1	1	157.295640299	157.296640299	2738.800	6465.300	4875.000	4687.500
99	Spectrogram 1	1	157.296640299	157.297640299	2738.800	6465.300	4875.000	4687.500
100	Spectrogram 1	1	157.297640299	157.298640299	2738.800	6465.300	4875.000	4875.000
101	Spectrogram 1	1	157.298640299	157.299640299	2738.800	6465.300	4875.000	4875.000
102	Spectrogram 1	1	157.299640299	157.300640299	2738.800	6465.300	5250.000	5250.000
103	Spectrogram 1	1	157.300640299	157.301640299	2738.800	6465.300	5250.000	5250.000
104	Spectrogram 1	1	157.301640299	157.302640299	2738.800	6465.300	5250.000	5250.000
105	Spectrogram 1	1	157.302640299	157.303640299	2738.800	6465.300	5250.000	5250.000
106	Spectrogram 1	1	157.303640299	157.304640299	2738.800	6465.300	5250.000	5250.000
107	Spectrogram 1	1	157.304640299	157.305640299	2738.800	6465.300	5250.000	5250.000
108	Spectrogram 1	1	157.305640299	157.306640299	2738.800	6465.300	5250.000	5250.000
109	Spectrogram 1	1	157.306640299	157.307640299	2738.800	6465.300	5250.000	5250.000
110	Spectrogram 1	1	157.307640299	157.308640299	2738.800	6465.300	5062.500	5062.500
111	Spectrogram 1	1	157.308640299	157.309640299	2738.800	6465.300	5062.500	5062.500
112	Spectrogram 1	1	157.309640299	157.310640299	2738.800	6465.300	5062.500	5062.500
113	Spectrogram 1	1	157.310640299	157.311640299	2738.800	6465.300	4875.000	4875.000
114	Spectrogram 1	1	157.311640299	157.312640299	2738.800	6465.300	4875.000	4875.000
115	Spectrogram 1	1	157.312640299	157.313640299	2738.800	6465.300	4875.000	4875.000
116	Spectrogram 1	1	157.313640299	157.314640299	2738.800	6465.300	4687.500	4687.500
117	Spectrogram 1	1	157.314640299	157.315640299	2738.800	6465.300	4687.500	4687.500
118	Spectrogram 1	1	157.315640299	157.316640299	2738.800	6465.300	4500.000	4500.000
119	Spectrogram 1	1	157.316640299	157.317640299	2738.800	6465.300	4500.000	4500.000
120	Spectrogram 1	1	157.317640299	157.318640299	2738.800	6465.300	4500.000	4500.000
121	Spectrogram 1	1	157.318640299	157.319640299	2738.800	6465.300	4875.000	5250.000
122	Spectrogram 1	1	157.319640299	157.320640299	2738.800	6465.300	4875.000	5250.000
123	Spectrogram 1	1	157.320640299	157.321640299	2738.800	6465.300	4875.000	5250.000
124	Spectrogram 1	1	157.321640299	157.322640299	2738.800	6465.300	4687.500	4687.500
125	Spectrogram 1	1	157.322640299	157.323640299	2738.800	6465.300	4687.500	4687.500
126	Spectrogram 1	1	157.323640299	157.324640299	2738.800	6465.300	5250.000	5250.000
127	Spectrogram 1	1	157.324640299	157.325640299	2738.800	6465.300	5250.000	5250.000
128	Spectrogram 1	1	157.325640299	157.326640299	2738.800	6465.300	5250.000	5250.000
129	Spectrogram 1	1	157.326640299	157.327640299	2738.800	6465.300	5062.500	5250.000
130	Spectrogram 1	1	157.327640299	157.328640299	2738.800	6465.300	5062.500	5250.000
131	Spectrogram 1	1	157.328640299	157.329640299	2738.800	6465.300	5062.500	5250.000
132	Spectrogram 1	1	157.329640299	157.330640299	2738.800	6465.300	4875.000	4875.000
133	Spectrogram 1	1	157.330640299	157.331640299	2738.800	6465.300	4875.000	4875.000
134	Spectrogram 1	1	157.331640299	157.332640299	2738.800	6465.300	5062.500	5062.500
135	Spectrogram 1	1	157.332640299	157.333640299	2738.800	6465.300	5062.500	5062.500
136	Spectrogram 1	1	157.333640299	157.334640299	2738.800	6465.300	5062.500	5062.500
137	Spectrogram 1	1	157.334640299	157.335640299	2738.800	6465.300	5062.500	5250.000
138	Spectrogram 1	1	157.335640299	157.336640299	2738.800	6465.300	5062.500	5250.000
139	Spectrogram 1	1	157.336640299	157.337640299	2738.800	6465.300	5062.500	5250.000
140	Spectrogram 1	1	157.337640299	157.338640299	2738.800	6465.300	4500.000	4312.500
141	Spectrogram 1	1	157.338640299	157.339640299	2738.800	6465.300	4500.000	4312.500
142	Spectrogram 1	1	157.339640299	157.340640299	2738.800	6465.300	5250.000	5250.000
143	Spectrogram 1	1	157.340640299	157.341640299	2738.800	6465.300	5250.000	5250.000
144	Spectrogram 1	1	157.341640299	157.342640299	2738.800	6465.300	5250.000	5250.000
145	Spectrogram 1	1	157.342640299	157.343640299	2738.800	6465.300	5437.500	5250.000
146	Spectrogram 1	1	157.343640299	157.344640299	2738.800	6465.300	5437.500	5250.000
147	Spectrogram 1	1	157.344640299	157.345640299	2738.800	6465.300	5437.500	5250.000
148	Spectrogram 1	1	157.345640299	157.346640299	2738.800	6465.300	4875.000	4875.000
149	Spectrogram 1	1	157.346640299	157.347640299	2738.800	6465.300	4875.000	4875.000
150	Spectrogram 1	1	157.347640299	157.348640299	2738.800	6465.300	5062.500	5250.000
151	Spectrogram 1	1	157.348640299	157.349640299	2738.800	6465.300	5062.500	5250.000
152	Spectrogram 1	1	157.349640299	157.350640299	2738.800	6465.300	5062.500	5250.000
153	Spectrogram 1	1	157.350640299	157.351640299	2738.800	6465.300	4500.000	4312.500
154	Spectrogram 1	1	157.351640299	157.352640299	2738.800	6465.300	4500.000	4312.500
155	Spectrogram 1	1	157.352640299	157.353640299	2738.800	6465.300	4500.000	4312.500
156	Spectrogram 1	1	157.353640299	157.354640299	2738.800	6465.300	4125.000	4125.000
157	Spectrogram 1	1	157.354640299	157.355640299	2738.800	6465.300	4125.000	4125.000
158	Spectrogram 1	1	157.355640299	157.356640299	2738.800	6465.300	3937.500	3937.500
159	Spectrogram 1	1	157.356640299	157.357640299	2738.800	6465.300	3937.500	3937.500
160	Spectrogram 1	1	157.357640299	157.358640299	2738.800	6465.300	3937.500	3937.500
161	Spectrogram 1	1	157.358640299	157.359640299	2738.800	6465.300	3937.500	3937.500
162	Spectrogram 1	1	157.359640299	157.360640299	2738.800	6465.300	3937.500	3937.500
163	Spectrogram 1	1	157.360640299	157.361640299	2738.800	6465.300	3937.500	3937.500
164	Spectrogram 1	1	157.361640299	157.362640299	2738.800	6465.300	3937.500	3750.000
165	Spectrogram 1	1	157.362640299	157.363640299	2738.800	6465.300	3937.500	3750.000
166	Spectrogram 1	1	157.363640299	157.364640299	2738.800	6465.300	3750.000	3750.000
167	Spectrogram 1	1	157.364640299	157.365640299	2738.800	6465.300	3750.000	3750.000
168	Spectrogram 1	1	157.365640299	157.366640299	2738.800	6465.300	3750.000	3750.000
169	Spectrogram 1	1	157.366640299	157.367640299	2738.800	6465.300	5062.500	5250.000
170	Spectrogram 1	1	157.367640299	157.368640299	2738.800	6465.300	5062.500	5250.000
171	Spectrogram 1	1	157.368640299	157.369640299	2738.800	6465.300	5062.500	5250.000
172	Spectrogram 1	1	157.369640299	157.370640299	2738.800	6465.300	3750.000	3750.000
173	Spectrogram 1	1	157.370640299	157.371640299	2738.800	6465.300	3750.000	3750.000
174	Spectrogram 1	1	157.371640299	157.372640299	2738.800	6465.300	4312.500	3562.500
175	Spectrogram 1	1	157.372640299	157.373640299	2738.800	6465.300	4312.500	3562.500
176	Spectrogram 1	1	157.373640299	157.374640299	2738.800	6465.300	4312.500	3562.500
177	Spectrogram 1	1	157.374640299	157.375640299	2738.800	6465.300	3562.500	3562.500
178	Spectrogram 1	1	157.375640299	157.376640299	2738.800	6465.300	3562.500	3562.500
179	Spectrogram 1	1	157.376640299	157.377640299	2738.800	6465.300	3562.500	3562.500
180	Spectrogram 1	1	157.377640299	157.377853633	2738.800	6465.300	5250.000	5250.000
