Selection	View	Channel	Begin Time (s)	End Time (s)	Low Freq (Hz)	High Freq (Hz)	Center Freq (Hz)	Peak Freq (Hz)
1	Spectrogram 1	1	33.744541226	33.745538958	2115.900	6307.326	5426.367	5943.164
2	Spectrogram 1	1	33.745538958	33.746536691	2115.900	6307.326	5426.367	5943.164
3	Spectrogram 1	1	33.746536691	33.747534423	2115.900	6307.326	5426.367	5943.164
4	Spectrogram 1	1	33.747534423	33.748532156	2115.900	6307.326	5340.234	5684.766
5	Spectrogram 1	1	33.748532156	33.749529888	2115.900	6307.326	5340.234	5684.766
6	Spectrogram 1	1	33.749529888	33.750527621	2115.900	6307.326	5340.234	5684.766
7	Spectrogram 1	1	33.750527621	33.751525353	2115.900	6307.326	5340.234	5684.766
8	Spectrogram 1	1	33.751525353	33.752523085	2115.900	6307.326	5340.234	5684.766
9	Spectrogram 1	1	33.752523085	33.753520818	2115.900	6307.326	5340.234	5684.766
10	Spectrogram 1	1	33.753520818	33.754518550	2115.900	6307.326	3617.578	3617.578
11	Spectrogram 1	1	33.754518550	33.755516283	2115.900	6307.326	3617.578	3617.578
12	Spectrogram 1	1	33.755516283	33.756514015	2115.900	6307.326	3617.578	3617.578
13	Spectrogram 1	1	33.756514015	33.757511748	2115.900	6307.326	3617.578	3617.578
14	Spectrogram 1	1	33.757511748	33.758509480	2115.900	6307.326	3617.578	3617.578
15	Spectrogram 1	1	33.758509480	33.759507212	2115.900	6307.326	3617.578	3617.578
16	Spectrogram 1	1	33.759507212	33.760504945	2115.900	6307.326	3617.578	3617.578
17	Spectrogram 1	1	33.760504945	33.761502677	2115.900	6307.326	3617.578	3617.578
18	Spectrogram 1	1	33.761502677	33.762500410	2115.900	6307.326	3617.578	3617.578
19	Spectrogram 1	1	33.762500410	33.763498142	2115.900	6307.326	3617.578	3617.578
20	Spectrogram 1	1	33.763498142	33.764495875	2115.900	6307.326	3617.578	3617.578
21	Spectrogram 1	1	33.764495875	33.765493607	2115.900	6307.326	3445.312	3445.312
22	Spectrogram 1	1	33.765493607	33.766491339	2115.900	6307.326	3445.312	3445.312
23	Spectrogram 1	1	33.766491339	33.767489072	2115.900	6307.326	3445.312	3445.312
24	Spectrogram 1	1	33.767489072	33.768486804	2115.900	6307.326	3445.312	3445.312
25	Spectrogram 1	1	33.768486804	33.769484537	2115.900	6307.326	3445.312	3445.312
26	Spectrogram 1	1	33.769484537	33.770482269	2115.900	6307.326	3445.312	3445.312
27	Spectrogram 1	1	33.770482269	33.771480002	2115.900	6307.326	3359.180	3359.180
28	Spectrogram 1	1	33.771480002	33.772477734	2115.900	6307.326	3359.180	3359.180
29	Spectrogram 1	1	33.772477734	33.773475466	2115.900	6307.326	3359.180	3359.180
30	Spectrogram 1	1	33.773475466	33.774473199	2115.900	6307.326	3359.180	3359.180
31	Spectrogram 1	1	33.774473199	33.775470931	2115.900	6307.326	3359.180	3359.180
32	Spectrogram 1	1	33.775470931	33.776468664	2115.900	6307.326	3359.180	3359.180
33	Spectrogram 1	1	33.776468664	33.777466396	2115.900	6307.326	3359.180	3273.047
34	Spectrogram 1	1	33.777466396	33.778464128	2115.900	6307.326	3359.180	3273.047
35	Spectrogram 1	1	33.778464128	33.779461861	2115.900	6307.326	3359.180	3273.047
36	Spectrogram 1	1	33.779461861	33.780459593	2115.900	6307.326	3359.180	3273.047
37	Spectrogram 1	1	33.780459593	33.781457326	2115.900	6307.326	3359.180	3273.047
38	Spectrogram 1	1	33.781457326	33.782455058	2115.900	6307.326	3359.180	3273.047
39	Spectrogram 1	1	33.782455058	33.783452791	2115.900	6307.326	3273.047	3273.047
40	Spectrogram 1	1	33.783452791	33.784450523	2115.900	6307.326	3273.047	3273.047
41	Spectrogram 1	1	33.784450523	33.785448255	2115.900	6307.326	3273.047	3273.047
42	Spectrogram 1	1	33.785448255	33.786445988	2115.900	6307.326	3273.047	3273.047
43	Spectrogram 1	1	33.786445988	33.787443720	2115.900	6307.326	3273.047	3273.047
44	Spectrogram 1	1	33.787443720	33.788441453	2115.900	6307.326	3186.914	3186.914
45	Spectrogram 1	1	33.788441453	33.789439185	2115.900	6307.326	3186.914	3186.914
46	Spectrogram 1	1	33.789439185	33.790436918	2115.900	6307.326	3186.914	3186.914
47	Spectrogram 1	1	33.790436918	33.791434650	2115.900	6307.326	3186.914	3186.914
48	Spectrogram 1	1	33.791434650	33.792432382	2115.900	6307.326	3186.914	3186.914
49	Spectrogram 1	1	33.792432382	33.793430115	2115.900	6307.326	3186.914	3186.914
50	Spectrogram 1	1	33.793430115	33.794427847	2115.900	6307.326	2411.719	2153.320
51	Spectrogram 1	1	33.794427847	33.795425580	2115.900	6307.326	2411.719	2153.320
52	Spectrogram 1	1	33.795425580	33.796423312	2115.900	6307.326	2411.719	2153.320
53	Spectrogram 1	1	33.796423312	33.797421045	2115.900	6307.326	2411.719	2153.320
54	Spectrogram 1	1	33.797421045	33.798418777	2115.900	6307.326	2411.719	2153.320
55	Spectrogram 1	1	33.798418777	33.799416509	2115.900	6307.326	2411.719	2153.320
56	Spectrogram 1	1	33.799416509	33.800414242	2115.900	6307.326	3186.914	3273.047
57	Spectrogram 1	1	33.800414242	33.801411974	2115.900	6307.326	3186.914	3273.047
58	Spectrogram 1	1	33.801411974	33.802409707	2115.900	6307.326	3186.914	3273.047
59	Spectrogram 1	1	33.802409707	33.803407439	2115.900	6307.326	3186.914	3273.047
60	Spectrogram 1	1	33.803407439	33.804405172	2115.900	6307.326	3186.914	3273.047
61	Spectrogram 1	1	33.804405172	33.805402904	2115.900	6307.326	3186.914	3273.047
62	Spectrogram 1	1	33.805402904	33.806400636	2115.900	6307.326	3359.180	3359.180
63	Spectrogram 1	1	33.806400636	33.807398369	2115.900	6307.326	3359.180	3359.180
64	Spectrogram 1	1	33.807398369	33.808396101	2115.900	6307.326	3359.180	3359.180
65	Spectrogram 1	1	33.808396101	33.809393834	2115.900	6307.326	3359.180	3359.180
66	Spectrogram 1	1	33.809393834	33.810391566	2115.900	6307.326	3359.180	3359.180
67	Spectrogram 1	1	33.810391566	33.811389299	2115.900	6307.326	3359.180	3359.180
68	Spectrogram 1	1	33.811389299	33.812387031	2115.900	6307.326	3445.312	3445.312
69	Spectrogram 1	1	33.812387031	33.813384763	2115.900	6307.326	3445.312	3445.312
70	Spectrogram 1	1	33.813384763	33.814382496	2115.900	6307.326	3445.312	3445.312
71	Spectrogram 1	1	33.814382496	33.815380228	2115.900	6307.326	3445.312	3445.312
72	Spectrogram 1	1	33.815380228	33.816377961	2115.900	6307.326	3445.312	3445.312
73	Spectrogram 1	1	33.816377961	33.817375693	2115.900	6307.326	3445.312	3445.312
74	Spectrogram 1	1	33.817375693	33.818373426	2115.900	6307.326	3617.578	3617.578
75	Spectrogram 1	1	33.818373426	33.819371158	2115.900	6307.326	3617.578	3617.578
76	Spectrogram 1	1	33.819371158	33.820368890	2115.900	6307.326	3617.578	3617.578
77	Spectrogram 1	1	33.820368890	33.821366623	2115.900	6307.326	3617.578	3617.578
78	Spectrogram 1	1	33.821366623	33.822364355	2115.900	6307.326	3617.578	3617.578
79	Spectrogram 1	1	33.822364355	33.823362088	2115.900	6307.326	3789.844	3789.844
80	Spectrogram 1	1	33.823362088	33.824359820	2115.900	6307.326	3789.844	3789.844
81	Spectrogram 1	1	33.824359820	33.825357553	2115.900	6307.326	3789.844	3789.844
82	Spectrogram 1	1	33.825357553	33.826355285	2115.900	6307.326	3789.844	3789.844
83	Spectrogram 1	1	33.826355285	33.827353017	2115.900	6307.326	3789.844	3789.844
84	Spectrogram 1	1	33.827353017	33.828350750	2115.900	6307.326	3789.844	3789.844
85	Spectrogram 1	1	33.828350750	33.829348482	2115.900	6307.326	3875.977	3875.977
86	Spectrogram 1	1	33.829348482	33.830346215	2115.900	6307.326	3875.977	3875.977
87	Spectrogram 1	1	33.830346215	33.831343947	2115.900	6307.326	3875.977	3875.977
88	Spectrogram 1	1	33.831343947	33.832341680	2115.900	6307.326	3875.977	3875.977
89	Spectrogram 1	1	33.832341680	33.833339412	2115.900	6307.326	3875.977	3875.977
90	Spectrogram 1	1	33.833339412	33.834337144	2115.900	6307.326	3875.977	3875.977
91	Spectrogram 1	1	33.834337144	33.835334877	2115.900	6307.326	4134.375	4134.375
92	Spectrogram 1	1	33.835334877	33.836332609	2115.900	6307.326	4134.375	4134.375
93	Spectrogram 1	1	33.836332609	33.837330342	2115.900	6307.326	4134.375	4134.375
94	Spectrogram 1	1	33.837330342	33.838328074	2115.900	6307.326	4134.375	4134.375
95	Spectrogram 1	1	33.838328074	33.839325806	2115.900	6307.326	4134.375	4134.375
96	Spectrogram 1	1	33.839325806	33.840323539	2115.900	6307.326	4134.375	4134.375
97	Spectrogram 1	1	33.840323539	33.841321271	2115.900	6307.326	4220.508	4306.641
98	Spectrogram 1	1	33.841321271	33.842319004	2115.900	6307.326	4220.508	4306.641
99	Spectrogram 1	1	33.842319004	33.843316736	2115.900	6307.326	4220.508	4306.641
100	Spectrogram 1	1	33.843316736	33.844314469	2115.900	6307.326	4220.508	4306.641
101	Spectrogram 1	1	33.844314469	33.845312201	2115.900	6307.326	4220.508	4306.641
102	Spectrogram 1	1	33.845312201	33.846309933	2115.900	6307.326	4220.508	4306.641
103	Spectrogram 1	1	33.846309933	33.847307666	2115.900	6307.326	4478.906	4478.906
104	Spectrogram 1	1	33.847307666	33.848305398	2115.900	6307.326	4478.906	4478.906
105	Spectrogram 1	1	33.848305398	33.849303131	2115.900	6307.326	4478.906	4478.906
106	Spectrogram 1	1	33.849303131	33.850300863	2115.900	6307.326	4478.906	4478.906
107	Spectrogram 1	1	33.850300863	33.851298596	2115.900	6307.326	4478.906	4478.906
108	Spectrogram 1	1	33.851298596	33.852296328	2115.900	6307.326	4565.039	4565.039
109	Spectrogram 1	1	33.852296328	33.853294060	2115.900	6307.326	4565.039	4565.039
110	Spectrogram 1	1	33.853294060	33.854291793	2115.900	6307.326	4565.039	4565.039
111	Spectrogram 1	1	33.854291793	33.855289525	2115.900	6307.326	4565.039	4565.039
112	Spectrogram 1	1	33.855289525	33.856287258	2115.900	6307.326	4565.039	4565.039
113	Spectrogram 1	1	33.856287258	33.857284990	2115.900	6307.326	4565.039	4565.039
114	Spectrogram 1	1	33.857284990	33.858282723	2115.900	6307.326	4651.172	4651.172
115	Spectrogram 1	1	33.858282723	33.859280455	2115.900	6307.326	4651.172	4651.172
116	Spectrogram 1	1	33.859280455	33.860278187	2115.900	6307.326	4651.172	4651.172
117	Spectrogram 1	1	33.860278187	33.861275920	2115.900	6307.326	4651.172	4651.172
118	Spectrogram 1	1	33.861275920	33.862273652	2115.900	6307.326	4651.172	4651.172
119	Spectrogram 1	1	33.862273652	33.863271385	2115.900	6307.326	4651.172	4651.172
120	Spectrogram 1	1	33.863271385	33.864269117	2115.900	6307.326	4651.172	4565.039
121	Spectrogram 1	1	33.864269117	33.865266850	2115.900	6307.326	4651.172	4565.039
122	Spectrogram 1	1	33.865266850	33.866264582	2115.900	6307.326	4651.172	4565.039
123	Spectrogram 1	1	33.866264582	33.867262314	2115.900	6307.326	4651.172	4565.039
124	Spectrogram 1	1	33.867262314	33.868260047	2115.900	6307.326	4651.172	4565.039
125	Spectrogram 1	1	33.868260047	33.869257779	2115.900	6307.326	4651.172	4565.039
126	Spectrogram 1	1	33.869257779	33.870255512	2115.900	6307.326	4392.773	4392.773
127	Spectrogram 1	1	33.870255512	33.871253244	2115.900	6307.326	4392.773	4392.773
128	Spectrogram 1	1	33.871253244	33.872250977	2115.900	6307.326	4392.773	4392.773
129	Spectrogram 1	1	33.872250977	33.873248709	2115.900	6307.326	4392.773	4392.773
130	Spectrogram 1	1	33.873248709	33.874246441	2115.900	6307.326	4392.773	4392.773
131	Spectrogram 1	1	33.874246441	33.875244174	2115.900	6307.326	4392.773	4392.773
132	Spectrogram 1	1	33.875244174	33.876241906	2115.900	6307.326	4651.172	4651.172
133	Spectrogram 1	1	33.876241906	33.877239639	2115.900	6307.326	4651.172	4651.172
134	Spectrogram 1	1	33.877239639	33.878237371	2115.900	6307.326	4651.172	4651.172
135	Spectrogram 1	1	33.878237371	33.879235104	2115.900	6307.326	4651.172	4651.172
136	Spectrogram 1	1	33.879235104	33.880232836	2115.900	6307.326	4651.172	4651.172
137	Spectrogram 1	1	33.880232836	33.881230568	2115.900	6307.326	4651.172	4651.172
138	Spectrogram 1	1	33.881230568	33.882228301	2115.900	6307.326	5598.633	5598.633
139	Spectrogram 1	1	33.882228301	33.883226033	2115.900	6307.326	5598.633	5598.633
140	Spectrogram 1	1	33.883226033	33.884223766	2115.900	6307.326	5598.633	5598.633
141	Spectrogram 1	1	33.884223766	33.885221498	2115.900	6307.326	5598.633	5598.633
142	Spectrogram 1	1	33.885221498	33.886219231	2115.900	6307.326	5598.633	5598.633
143	Spectrogram 1	1	33.886219231	33.887216963	2115.900	6307.326	6029.297	6029.297
144	Spectrogram 1	1	33.887216963	33.888214695	2115.900	6307.326	6029.297	6029.297
145	Spectrogram 1	1	33.888214695	33.889212428	2115.900	6307.326	6029.297	6029.297
146	Spectrogram 1	1	33.889212428	33.890210160	2115.900	6307.326	6029.297	6029.297
147	Spectrogram 1	1	33.890210160	33.891207893	2115.900	6307.326	6029.297	6029.297
148	Spectrogram 1	1	33.891207893	33.892205625	2115.900	6307.326	6029.297	6029.297
149	Spectrogram 1	1	33.892205625	33.893203358	2115.900	6307.326	5684.766	5857.031
150	Spectrogram 1	1	33.893203358	33.894201090	2115.900	6307.326	5684.766	5857.031
151	Spectrogram 1	1	33.894201090	33.895198822	2115.900	6307.326	5684.766	5857.031
152	Spectrogram 1	1	33.895198822	33.896196555	2115.900	6307.326	5684.766	5857.031
153	Spectrogram 1	1	33.896196555	33.897194287	2115.900	6307.326	5684.766	5857.031
154	Spectrogram 1	1	33.897194287	33.898192020	2115.900	6307.326	5684.766	5857.031
155	Spectrogram 1	1	33.898192020	33.899189752	2115.900	6307.326	4651.172	4737.305
156	Spectrogram 1	1	33.899189752	33.900187485	2115.900	6307.326	4651.172	4737.305
157	Spectrogram 1	1	33.900187485	33.901185217	2115.900	6307.326	4651.172	4737.305
158	Spectrogram 1	1	33.901185217	33.902182949	2115.900	6307.326	4651.172	4737.305
159	Spectrogram 1	1	33.902182949	33.903180682	2115.900	6307.326	4651.172	4737.305
160	Spectrogram 1	1	33.903180682	33.904178414	2115.900	6307.326	4651.172	4737.305
161	Spectrogram 1	1	33.904178414	33.905176147	2115.900	6307.326	4306.641	4306.641
162	Spectrogram 1	1	33.905176147	33.906173879	2115.900	6307.326	4306.641	4306.641
163	Spectrogram 1	1	33.906173879	33.907171611	2115.900	6307.326	4306.641	4306.641
164	Spectrogram 1	1	33.907171611	33.908169344	2115.900	6307.326	4306.641	4306.641
165	Spectrogram 1	1	33.908169344	33.909167076	2115.900	6307.326	4306.641	4306.641
166	Spectrogram 1	1	33.909167076	33.910164809	2115.900	6307.326	4306.641	4306.641
167	Spectrogram 1	1	33.910164809	33.911162541	2115.900	6307.326	4220.508	4220.508
168	Spectrogram 1	1	33.911162541	33.912160274	2115.900	6307.326	4220.508	4220.508
169	Spectrogram 1	1	33.912160274	33.913158006	2115.900	6307.326	4220.508	4220.508
170	Spectrogram 1	1	33.913158006	33.914155738	2115.900	6307.326	4220.508	4220.508
171	Spectrogram 1	1	33.914155738	33.915153471	2115.900	6307.326	4220.508	4220.508
172	Spectrogram 1	1	33.915153471	33.916151203	2115.900	6307.326	4048.242	4134.375
173	Spectrogram 1	1	33.916151203	33.917148936	2115.900	6307.326	4048.242	4134.375
174	Spectrogram 1	1	33.917148936	33.918146668	2115.900	6307.326	4048.242	4134.375
175	Spectrogram 1	1	33.918146668	33.919144401	2115.900	6307.326	4048.242	4134.375
176	Spectrogram 1	1	33.919144401	33.920142133	2115.900	6307.326	4048.242	4134.375
177	Spectrogram 1	1	33.920142133	33.921139865	2115.900	6307.326	4048.242	4134.375
178	Spectrogram 1	1	33.921139865	33.922137598	2115.900	6307.326	3789.844	4306.641
179	Spectrogram 1	1	33.922137598	33.922747156	2115.900	6307.326	3789.844	4306.641
