Selection	View	Channel	Begin Time (s)	End Time (s)	Low Freq (Hz)	High Freq (Hz)	Center Freq (Hz)	Peak Freq (Hz)
1	Spectrogram 1	1	1.272536412	1.273536412	1894.737	6804.500	6281.250	6281.250
2	Spectrogram 1	1	1.273536412	1.274536412	1894.737	6804.500	6281.250	6281.250
3	Spectrogram 1	1	1.274536412	1.275536412	1894.737	6804.500	6281.250	6281.250
4	Spectrogram 1	1	1.275536412	1.276536412	1894.737	6804.500	6281.250	6281.250
5	Spectrogram 1	1	1.276536412	1.277536412	1894.737	6804.500	6281.250	6281.250
6	Spectrogram 1	1	1.277536412	1.278536412	1894.737	6804.500	6375.000	6468.750
7	Spectrogram 1	1	1.278536412	1.279536412	1894.737	6804.500	6375.000	6468.750
8	Spectrogram 1	1	1.279536412	1.280536412	1894.737	6804.500	6375.000	6468.750
9	Spectrogram 1	1	1.280536412	1.281536412	1894.737	6804.500	6375.000	6468.750
10	Spectrogram 1	1	1.281536412	1.282536412	1894.737	6804.500	6375.000	6468.750
11	Spectrogram 1	1	1.282536412	1.283536412	1894.737	6804.500	4781.250	4875.000
12	Spectrogram 1	1	1.283536412	1.284536412	1894.737	6804.500	4781.250	4875.000
13	Spectrogram 1	1	1.284536412	1.285536412	1894.737	6804.500	4781.250	4875.000
14	Spectrogram 1	1	1.285536412	1.286536412	1894.737	6804.500	4781.250	4875.000
15	Spectrogram 1	1	1.286536412	1.287536412	1894.737	6804.500	4781.250	4875.000
16	Spectrogram 1	1	1.287536412	1.288536412	1894.737	6804.500	5343.750	5343.750
17	Spectrogram 1	1	1.288536412	1.289536412	1894.737	6804.500	5343.750	5343.750
18	Spectrogram 1	1	1.289536412	1.290536412	1894.737	6804.500	5343.750	5343.750
19	Spectrogram 1	1	1.290536412	1.291536412	1894.737	6804.500	5343.750	5343.750
20	Spectrogram 1	1	1.291536412	1.292536412	1894.737	6804.500	5343.750	5343.750
21	Spectrogram 1	1	1.292536412	1.293536412	1894.737	6804.500	5343.750	5343.750
22	Spectrogram 1	1	1.293536412	1.294536412	1894.737	6804.500	5812.500	6281.250
23	Spectrogram 1	1	1.294536412	1.295536412	1894.737	6804.500	5812.500	6281.250
24	Spectrogram 1	1	1.295536412	1.296536412	1894.737	6804.500	5812.500	6281.250
25	Spectrogram 1	1	1.296536412	1.297536412	1894.737	6804.500	5812.500	6281.250
26	Spectrogram 1	1	1.297536412	1.298536412	1894.737	6804.500	5812.500	6281.250
27	Spectrogram 1	1	1.298536412	1.299536412	1894.737	6804.500	3562.500	3562.500
28	Spectrogram 1	1	1.299536412	1.300536412	1894.737	6804.500	3562.500	3562.500
29	Spectrogram 1	1	1.300536412	1.301536412	1894.737	6804.500	3562.500	3562.500
30	Spectrogram 1	1	1.301536412	1.302536412	1894.737	6804.500	3562.500	3562.500
31	Spectrogram 1	1	1.302536412	1.303536412	1894.737	6804.500	3562.500	3562.500
32	Spectrogram 1	1	1.303536412	1.304536412	1894.737	6804.500	3562.500	3562.500
33	Spectrogram 1	1	1.304536412	1.305536412	1894.737	6804.500	3562.500	3562.500
34	Spectrogram 1	1	1.305536412	1.306536412	1894.737	6804.500	3562.500	3562.500
35	Spectrogram 1	1	1.306536412	1.307536412	1894.737	6804.500	3562.500	3562.500
36	Spectrogram 1	1	1.307536412	1.308536412	1894.737	6804.500	3562.500	3562.500
37	Spectrogram 1	1	1.308536412	1.309536412	1894.737	6804.500	3562.500	3562.500
38	Spectrogram 1	1	1.309536412	1.310536412	1894.737	6804.500	3656.250	3656.250
39	Spectrogram 1	1	1.310536412	1.311536412	1894.737	6804.500	3656.250	3656.250
40	Spectrogram 1	1	1.311536412	1.312536412	1894.737	6804.500	3656.250	3656.250
41	Spectrogram 1	1	1.312536412	1.313536412	1894.737	6804.500	3656.250	3656.250
42	Spectrogram 1	1	1.313536412	1.314536412	1894.737	6804.500	3656.250	3656.250
43	Spectrogram 1	1	1.314536412	1.315536412	1894.737	6804.500	3656.250	3656.250
44	Spectrogram 1	1	1.315536412	1.316536412	1894.737	6804.500	3656.250	3656.250
45	Spectrogram 1	1	1.316536412	1.317536412	1894.737	6804.500	3656.250	3656.250
46	Spectrogram 1	1	1.317536412	1.318536412	1894.737	6804.500	3656.250	3656.250
47	Spectrogram 1	1	1.318536412	1.319536412	1894.737	6804.500	3656.250	3656.250
48	Spectrogram 1	1	1.319536412	1.320536412	1894.737	6804.500	3656.250	3656.250
49	Spectrogram 1	1	1.320536412	1.321536412	1894.737	6804.500	3656.250	3656.250
50	Spectrogram 1	1	1.321536412	1.322536412	1894.737	6804.500	3656.250	3656.250
51	Spectrogram 1	1	1.322536412	1.323536412	1894.737	6804.500	3656.250	3656.250
52	Spectrogram 1	1	1.323536412	1.324536412	1894.737	6804.500	3656.250	3656.250
53	Spectrogram 1	1	1.324536412	1.325536412	1894.737	6804.500	3656.250	3656.250
54	Spectrogram 1	1	1.325536412	1.326536412	1894.737	6804.500	3562.500	3562.500
55	Spectrogram 1	1	1.326536412	1.327536412	1894.737	6804.500	3562.500	3562.500
56	Spectrogram 1	1	1.327536412	1.328536412	1894.737	6804.500	3562.500	3562.500
57	Spectrogram 1	1	1.328536412	1.329536412	1894.737	6804.500	3562.500	3562.500
58	Spectrogram 1	1	1.329536412	1.330536412	1894.737	6804.500	3562.500	3562.500
59	Spectrogram 1	1	1.330536412	1.331536412	1894.737	6804.500	3562.500	3562.500
60	Spectrogram 1	1	1.331536412	1.332536412	1894.737	6804.500	3562.500	3562.500
61	Spectrogram 1	1	1.332536412	1.333536412	1894.737	6804.500	3562.500	3562.500
62	Spectrogram 1	1	1.333536412	1.334536412	1894.737	6804.500	3562.500	3562.500
63	Spectrogram 1	1	1.334536412	1.335536412	1894.737	6804.500	3562.500	3562.500
64	Spectrogram 1	1	1.335536412	1.336536412	1894.737	6804.500	3750.000	3750.000
65	Spectrogram 1	1	1.336536412	1.337536412	1894.737	6804.500	3750.000	3750.000
66	Spectrogram 1	1	1.337536412	1.338536412	1894.737	6804.500	3750.000	3750.000
67	Spectrogram 1	1	1.338536412	1.339536412	1894.737	6804.500	3750.000	3750.000
68	Spectrogram 1	1	1.339536412	1.340536412	1894.737	6804.500	3750.000	3750.000
69	Spectrogram 1	1	1.340536412	1.341536412	1894.737	6804.500	3750.000	3750.000
70	Spectrogram 1	1	1.341536412	1.342536412	1894.737	6804.500	4031.250	4031.250
71	Spectrogram 1	1	1.342536412	1.343536412	1894.737	6804.500	4031.250	4031.250
72	Spectrogram 1	1	1.343536412	1.344536412	1894.737	6804.500	4031.250	4031.250
73	Spectrogram 1	1	1.344536412	1.345536412	1894.737	6804.500	4031.250	4031.250
74	Spectrogram 1	1	1.345536412	1.346536412	1894.737	6804.500	4031.250	4031.250
75	Spectrogram 1	1	1.346536412	1.347536412	1894.737	6804.500	4218.750	4218.750
76	Spectrogram 1	1	1.347536412	1.348536412	1894.737	6804.500	4218.750	4218.750
77	Spectrogram 1	1	1.348536412	1.349536412	1894.737	6804.500	4218.750	4218.750
78	Spectrogram 1	1	1.349536412	1.350536412	1894.737	6804.500	4218.750	4218.750
79	Spectrogram 1	1	1.350536412	1.351536412	1894.737	6804.500	4218.750	4218.750
80	Spectrogram 1	1	1.351536412	1.352536412	1894.737	6804.500	4406.250	4406.250
81	Spectrogram 1	1	1.352536412	1.353536412	1894.737	6804.500	4406.250	4406.250
82	Spectrogram 1	1	1.353536412	1.354536412	1894.737	6804.500	4406.250	4406.250
83	Spectrogram 1	1	1.354536412	1.355536412	1894.737	6804.500	4406.250	4406.250
84	Spectrogram 1	1	1.355536412	1.356536412	1894.737	6804.500	4406.250	4406.250
85	Spectrogram 1	1	1.356536412	1.357536412	1894.737	6804.500	4406.250	4406.250
86	Spectrogram 1	1	1.357536412	1.358536412	1894.737	6804.500	4593.750	4593.750
87	Spectrogram 1	1	1.358536412	1.359536412	1894.737	6804.500	4593.750	4593.750
88	Spectrogram 1	1	1.359536412	1.360536412	1894.737	6804.500	4593.750	4593.750
89	Spectrogram 1	1	1.360536412	1.361536412	1894.737	6804.500	4593.750	4593.750
90	Spectrogram 1	1	1.361536412	1.362536412	1894.737	6804.500	4593.750	4593.750
91	Spectrogram 1	1	1.362536412	1.363536412	1894.737	6804.500	4968.750	4968.750
92	Spectrogram 1	1	1.363536412	1.364536412	1894.737	6804.500	4968.750	4968.750
93	Spectrogram 1	1	1.364536412	1.365536412	1894.737	6804.500	4968.750	4968.750
94	Spectrogram 1	1	1.365536412	1.366536412	1894.737	6804.500	4968.750	4968.750
95	Spectrogram 1	1	1.366536412	1.367536412	1894.737	6804.500	4968.750	4968.750
96	Spectrogram 1	1	1.367536412	1.368536412	1894.737	6804.500	5156.250	5156.250
97	Spectrogram 1	1	1.368536412	1.369536412	1894.737	6804.500	5156.250	5156.250
98	Spectrogram 1	1	1.369536412	1.370536412	1894.737	6804.500	5156.250	5156.250
99	Spectrogram 1	1	1.370536412	1.371536412	1894.737	6804.500	5156.250	5156.250
100	Spectrogram 1	1	1.371536412	1.372536412	1894.737	6804.500	5156.250	5156.250
101	Spectrogram 1	1	1.372536412	1.373536412	1894.737	6804.500	5156.250	5156.250
102	Spectrogram 1	1	1.373536412	1.374536412	1894.737	6804.500	5156.250	5156.250
103	Spectrogram 1	1	1.374536412	1.375536412	1894.737	6804.500	5156.250	5156.250
104	Spectrogram 1	1	1.375536412	1.376536412	1894.737	6804.500	5156.250	5156.250
105	Spectrogram 1	1	1.376536412	1.377536412	1894.737	6804.500	5156.250	5156.250
106	Spectrogram 1	1	1.377536412	1.378536412	1894.737	6804.500	5156.250	5156.250
107	Spectrogram 1	1	1.378536412	1.379536412	1894.737	6804.500	5062.500	5062.500
108	Spectrogram 1	1	1.379536412	1.380536412	1894.737	6804.500	5062.500	5062.500
109	Spectrogram 1	1	1.380536412	1.381536412	1894.737	6804.500	5062.500	5062.500
110	Spectrogram 1	1	1.381536412	1.382536412	1894.737	6804.500	5062.500	5062.500
111	Spectrogram 1	1	1.382536412	1.383536412	1894.737	6804.500	5062.500	5062.500
112	Spectrogram 1	1	1.383536412	1.384536412	1894.737	6804.500	4406.250	4406.250
113	Spectrogram 1	1	1.384536412	1.385536412	1894.737	6804.500	4406.250	4406.250
114	Spectrogram 1	1	1.385536412	1.386536412	1894.737	6804.500	4406.250	4406.250
115	Spectrogram 1	1	1.386536412	1.387536412	1894.737	6804.500	4406.250	4406.250
116	Spectrogram 1	1	1.387536412	1.388536412	1894.737	6804.500	4406.250	4406.250
117	Spectrogram 1	1	1.388536412	1.389536412	1894.737	6804.500	4406.250	4406.250
118	Spectrogram 1	1	1.389536412	1.390536412	1894.737	6804.500	4031.250	4031.250
119	Spectrogram 1	1	1.390536412	1.391536412	1894.737	6804.500	4031.250	4031.250
120	Spectrogram 1	1	1.391536412	1.392536412	1894.737	6804.500	4031.250	4031.250
121	Spectrogram 1	1	1.392536412	1.393536412	1894.737	6804.500	4031.250	4031.250
122	Spectrogram 1	1	1.393536412	1.394536412	1894.737	6804.500	4031.250	4031.250
123	Spectrogram 1	1	1.394536412	1.395536412	1894.737	6804.500	4125.000	4031.250
124	Spectrogram 1	1	1.395536412	1.396536412	1894.737	6804.500	4125.000	4031.250
125	Spectrogram 1	1	1.396536412	1.397536412	1894.737	6804.500	4125.000	4031.250
126	Spectrogram 1	1	1.397536412	1.398536412	1894.737	6804.500	4125.000	4031.250
127	Spectrogram 1	1	1.398536412	1.399536412	1894.737	6804.500	4125.000	4031.250
128	Spectrogram 1	1	1.399536412	1.400536412	1894.737	6804.500	5343.750	5250.000
129	Spectrogram 1	1	1.400536412	1.401536412	1894.737	6804.500	5343.750	5250.000
130	Spectrogram 1	1	1.401536412	1.402536412	1894.737	6804.500	5343.750	5250.000
131	Spectrogram 1	1	1.402536412	1.403536412	1894.737	6804.500	5343.750	5250.000
132	Spectrogram 1	1	1.403536412	1.404536412	1894.737	6804.500	5343.750	5250.000
133	Spectrogram 1	1	1.404536412	1.405536412	1894.737	6804.500	5343.750	5250.000
134	Spectrogram 1	1	1.405536412	1.406536412	1894.737	6804.500	6375.000	6375.000
135	Spectrogram 1	1	1.406536412	1.407536412	1894.737	6804.500	6375.000	6375.000
136	Spectrogram 1	1	1.407536412	1.408536412	1894.737	6804.500	6375.000	6375.000
137	Spectrogram 1	1	1.408536412	1.409536412	1894.737	6804.500	6375.000	6375.000
138	Spectrogram 1	1	1.409536412	1.410536412	1894.737	6804.500	6375.000	6375.000
139	Spectrogram 1	1	1.410536412	1.411536412	1894.737	6804.500	6375.000	6281.250
140	Spectrogram 1	1	1.411536412	1.412536412	1894.737	6804.500	6375.000	6281.250
141	Spectrogram 1	1	1.412536412	1.413536412	1894.737	6804.500	6375.000	6281.250
142	Spectrogram 1	1	1.413536412	1.414536412	1894.737	6804.500	6375.000	6281.250
143	Spectrogram 1	1	1.414536412	1.415536412	1894.737	6804.500	6375.000	6281.250
144	Spectrogram 1	1	1.415536412	1.416536412	1894.737	6804.500	5250.000	5343.750
145	Spectrogram 1	1	1.416536412	1.417536412	1894.737	6804.500	5250.000	5343.750
146	Spectrogram 1	1	1.417536412	1.418536412	1894.737	6804.500	5250.000	5343.750
147	Spectrogram 1	1	1.418536412	1.419536412	1894.737	6804.500	5250.000	5343.750
148	Spectrogram 1	1	1.419536412	1.420536412	1894.737	6804.500	5250.000	5343.750
149	Spectrogram 1	1	1.420536412	1.421536412	1894.737	6804.500	5250.000	5343.750
150	Spectrogram 1	1	1.421536412	1.422536412	1894.737	6804.500	4500.000	4500.000
151	Spectrogram 1	1	1.422536412	1.423536412	1894.737	6804.500	4500.000	4500.000
152	Spectrogram 1	1	1.423536412	1.424536412	1894.737	6804.500	4500.000	4500.000
153	Spectrogram 1	1	1.424536412	1.425536412	1894.737	6804.500	4500.000	4500.000
154	Spectrogram 1	1	1.425536412	1.426536412	1894.737	6804.500	4500.000	4500.000
155	Spectrogram 1	1	1.426536412	1.427536412	1894.737	6804.500	4218.750	4218.750
156	Spectrogram 1	1	1.427536412	1.428536412	1894.737	6804.500	4218.750	4218.750
157	Spectrogram 1	1	1.428536412	1.429536412	1894.737	6804.500	4218.750	4218.750
158	Spectrogram 1	1	1.429536412	1.430536412	1894.737	6804.500	4218.750	4218.750
159	Spectrogram 1	1	1.430536412	1.431536412	1894.737	6804.500	4218.750	4218.750
160	Spectrogram 1	1	1.431536412	1.432536412	1894.737	6804.500	4125.000	4125.000
161	Spectrogram 1	1	1.432536412	1.433536412	1894.737	6804.500	4125.000	4125.000
162	Spectrogram 1	1	1.433536412	1.434536412	1894.737	6804.500	4125.000	4125.000
163	Spectrogram 1	1	1.434536412	1.435536412	1894.737	6804.500	4125.000	4125.000
164	Spectrogram 1	1	1.435536412	1.436536412	1894.737	6804.500	4125.000	4125.000
165	Spectrogram 1	1	1.436536412	1.437536412	1894.737	6804.500	4125.000	4125.000
166	Spectrogram 1	1	1.437536412	1.438536412	1894.737	6804.500	4406.250	4406.250
167	Spectrogram 1	1	1.438536412	1.439536412	1894.737	6804.500	4406.250	4406.250
168	Spectrogram 1	1	1.439536412	1.440536412	1894.737	6804.500	4406.250	4406.250
169	Spectrogram 1	1	1.440536412	1.441034317	1894.737	6804.500	4406.250	4406.250
