Selection	View	Channel	Begin Time (s)	End Time (s)	Low Freq (Hz)	High Freq (Hz)	Center Freq (Hz)	Peak Freq (Hz)
1	Spectrogram 1	1	108.715163777	108.716161509	3024.600	6439.400	3875.977	3962.109
2	Spectrogram 1	1	108.716161509	108.717159242	3024.600	6439.400	3875.977	3962.109
3	Spectrogram 1	1	108.717159242	108.718156974	3024.600	6439.400	3875.977	3962.109
4	Spectrogram 1	1	108.718156974	108.719154707	3024.600	6439.400	3875.977	3962.109
5	Spectrogram 1	1	108.719154707	108.720152439	3024.600	6439.400	4909.570	4909.570
6	Spectrogram 1	1	108.720152439	108.721150172	3024.600	6439.400	4909.570	4909.570
7	Spectrogram 1	1	108.721150172	108.722147904	3024.600	6439.400	4909.570	4909.570
8	Spectrogram 1	1	108.722147904	108.723145636	3024.600	6439.400	4909.570	4909.570
9	Spectrogram 1	1	108.723145636	108.724143369	3024.600	6439.400	4909.570	4909.570
10	Spectrogram 1	1	108.724143369	108.725141101	3024.600	6439.400	5426.367	5598.633
11	Spectrogram 1	1	108.725141101	108.726138834	3024.600	6439.400	5426.367	5598.633
12	Spectrogram 1	1	108.726138834	108.727136566	3024.600	6439.400	5426.367	5598.633
13	Spectrogram 1	1	108.727136566	108.728134299	3024.600	6439.400	5426.367	5598.633
14	Spectrogram 1	1	108.728134299	108.729132031	3024.600	6439.400	5426.367	5598.633
15	Spectrogram 1	1	108.729132031	108.730129763	3024.600	6439.400	5426.367	5598.633
16	Spectrogram 1	1	108.730129763	108.731127496	3024.600	6439.400	4909.570	4909.570
17	Spectrogram 1	1	108.731127496	108.732125228	3024.600	6439.400	4909.570	4909.570
18	Spectrogram 1	1	108.732125228	108.733122961	3024.600	6439.400	4909.570	4909.570
19	Spectrogram 1	1	108.733122961	108.734120693	3024.600	6439.400	4909.570	4909.570
20	Spectrogram 1	1	108.734120693	108.735118426	3024.600	6439.400	4909.570	4909.570
21	Spectrogram 1	1	108.735118426	108.736116158	3024.600	6439.400	4909.570	4909.570
22	Spectrogram 1	1	108.736116158	108.737113890	3024.600	6439.400	4220.508	4220.508
23	Spectrogram 1	1	108.737113890	108.738111623	3024.600	6439.400	4220.508	4220.508
24	Spectrogram 1	1	108.738111623	108.739109355	3024.600	6439.400	4220.508	4220.508
25	Spectrogram 1	1	108.739109355	108.740107088	3024.600	6439.400	4220.508	4220.508
26	Spectrogram 1	1	108.740107088	108.741104820	3024.600	6439.400	4220.508	4220.508
27	Spectrogram 1	1	108.741104820	108.742102553	3024.600	6439.400	4220.508	4220.508
28	Spectrogram 1	1	108.742102553	108.743100285	3024.600	6439.400	3962.109	3962.109
29	Spectrogram 1	1	108.743100285	108.744098017	3024.600	6439.400	3962.109	3962.109
30	Spectrogram 1	1	108.744098017	108.745095750	3024.600	6439.400	3962.109	3962.109
31	Spectrogram 1	1	108.745095750	108.746093482	3024.600	6439.400	3962.109	3962.109
32	Spectrogram 1	1	108.746093482	108.747091215	3024.600	6439.400	3962.109	3962.109
33	Spectrogram 1	1	108.747091215	108.748088947	3024.600	6439.400	3962.109	3962.109
34	Spectrogram 1	1	108.748088947	108.749086679	3024.600	6439.400	3703.711	3703.711
35	Spectrogram 1	1	108.749086679	108.750084412	3024.600	6439.400	3703.711	3703.711
36	Spectrogram 1	1	108.750084412	108.751082144	3024.600	6439.400	3703.711	3703.711
37	Spectrogram 1	1	108.751082144	108.752079877	3024.600	6439.400	3703.711	3703.711
38	Spectrogram 1	1	108.752079877	108.753077609	3024.600	6439.400	3703.711	3703.711
39	Spectrogram 1	1	108.753077609	108.754075342	3024.600	6439.400	3703.711	3617.578
40	Spectrogram 1	1	108.754075342	108.755073074	3024.600	6439.400	3703.711	3617.578
41	Spectrogram 1	1	108.755073074	108.756070806	3024.600	6439.400	3703.711	3617.578
42	Spectrogram 1	1	108.756070806	108.757068539	3024.600	6439.400	3703.711	3617.578
43	Spectrogram 1	1	108.757068539	108.758066271	3024.600	6439.400	3703.711	3617.578
44	Spectrogram 1	1	108.758066271	108.759064004	3024.600	6439.400	3703.711	3617.578
45	Spectrogram 1	1	108.759064004	108.760061736	3024.600	6439.400	3531.445	3531.445
46	Spectrogram 1	1	108.760061736	108.761059469	3024.600	6439.400	3531.445	3531.445
47	Spectrogram 1	1	108.761059469	108.762057201	3024.600	6439.400	3531.445	3531.445
48	Spectrogram 1	1	108.762057201	108.763054933	3024.600	6439.400	3531.445	3531.445
49	Spectrogram 1	1	108.763054933	108.764052666	3024.600	6439.400	3531.445	3531.445
50	Spectrogram 1	1	108.764052666	108.765050398	3024.600	6439.400	3531.445	3531.445
51	Spectrogram 1	1	108.765050398	108.766048131	3024.600	6439.400	3531.445	3445.312
52	Spectrogram 1	1	108.766048131	108.767045863	3024.600	6439.400	3531.445	3445.312
53	Spectrogram 1	1	108.767045863	108.768043596	3024.600	6439.400	3531.445	3445.312
54	Spectrogram 1	1	108.768043596	108.769041328	3024.600	6439.400	3531.445	3445.312
55	Spectrogram 1	1	108.769041328	108.770039060	3024.600	6439.400	3531.445	3445.312
56	Spectrogram 1	1	108.770039060	108.771036793	3024.600	6439.400	3531.445	3445.312
57	Spectrogram 1	1	108.771036793	108.772034525	3024.600	6439.400	3962.109	4048.242
58	Spectrogram 1	1	108.772034525	108.773032258	3024.600	6439.400	3962.109	4048.242
59	Spectrogram 1	1	108.773032258	108.774029990	3024.600	6439.400	3962.109	4048.242
60	Spectrogram 1	1	108.774029990	108.775027723	3024.600	6439.400	3962.109	4048.242
61	Spectrogram 1	1	108.775027723	108.776025455	3024.600	6439.400	3962.109	4048.242
62	Spectrogram 1	1	108.776025455	108.777023187	3024.600	6439.400	3962.109	4048.242
63	Spectrogram 1	1	108.777023187	108.778020920	3024.600	6439.400	3273.047	3273.047
64	Spectrogram 1	1	108.778020920	108.779018652	3024.600	6439.400	3273.047	3273.047
65	Spectrogram 1	1	108.779018652	108.780016385	3024.600	6439.400	3273.047	3273.047
66	Spectrogram 1	1	108.780016385	108.781014117	3024.600	6439.400	3273.047	3273.047
67	Spectrogram 1	1	108.781014117	108.782011850	3024.600	6439.400	3273.047	3273.047
68	Spectrogram 1	1	108.782011850	108.783009582	3024.600	6439.400	3273.047	3273.047
69	Spectrogram 1	1	108.783009582	108.784007314	3024.600	6439.400	3273.047	3273.047
70	Spectrogram 1	1	108.784007314	108.785005047	3024.600	6439.400	3273.047	3273.047
71	Spectrogram 1	1	108.785005047	108.786002779	3024.600	6439.400	3273.047	3273.047
72	Spectrogram 1	1	108.786002779	108.787000512	3024.600	6439.400	3273.047	3273.047
73	Spectrogram 1	1	108.787000512	108.787998244	3024.600	6439.400	3273.047	3273.047
74	Spectrogram 1	1	108.787998244	108.788995977	3024.600	6439.400	3617.578	3617.578
75	Spectrogram 1	1	108.788995977	108.789993709	3024.600	6439.400	3617.578	3617.578
76	Spectrogram 1	1	108.789993709	108.790991441	3024.600	6439.400	3617.578	3617.578
77	Spectrogram 1	1	108.790991441	108.791989174	3024.600	6439.400	3617.578	3617.578
78	Spectrogram 1	1	108.791989174	108.792986906	3024.600	6439.400	3617.578	3617.578
79	Spectrogram 1	1	108.792986906	108.793984639	3024.600	6439.400	3617.578	3617.578
80	Spectrogram 1	1	108.793984639	108.794982371	3024.600	6439.400	3703.711	3789.844
81	Spectrogram 1	1	108.794982371	108.795980104	3024.600	6439.400	3703.711	3789.844
82	Spectrogram 1	1	108.795980104	108.796977836	3024.600	6439.400	3703.711	3789.844
83	Spectrogram 1	1	108.796977836	108.797975568	3024.600	6439.400	3703.711	3789.844
84	Spectrogram 1	1	108.797975568	108.798973301	3024.600	6439.400	3703.711	3789.844
85	Spectrogram 1	1	108.798973301	108.799971033	3024.600	6439.400	3703.711	3789.844
86	Spectrogram 1	1	108.799971033	108.800968766	3024.600	6439.400	3789.844	3789.844
87	Spectrogram 1	1	108.800968766	108.801966498	3024.600	6439.400	3789.844	3789.844
88	Spectrogram 1	1	108.801966498	108.802964231	3024.600	6439.400	3789.844	3789.844
89	Spectrogram 1	1	108.802964231	108.803961963	3024.600	6439.400	3789.844	3789.844
90	Spectrogram 1	1	108.803961963	108.804959695	3024.600	6439.400	3789.844	3789.844
91	Spectrogram 1	1	108.804959695	108.805957428	3024.600	6439.400	3789.844	3789.844
92	Spectrogram 1	1	108.805957428	108.806955160	3024.600	6439.400	3962.109	3962.109
93	Spectrogram 1	1	108.806955160	108.807952893	3024.600	6439.400	3962.109	3962.109
94	Spectrogram 1	1	108.807952893	108.808950625	3024.600	6439.400	3962.109	3962.109
95	Spectrogram 1	1	108.808950625	108.809948357	3024.600	6439.400	3962.109	3962.109
96	Spectrogram 1	1	108.809948357	108.810946090	3024.600	6439.400	3962.109	3962.109
97	Spectrogram 1	1	108.810946090	108.811943822	3024.600	6439.400	3962.109	3962.109
98	Spectrogram 1	1	108.811943822	108.812941555	3024.600	6439.400	4392.773	4306.641
99	Spectrogram 1	1	108.812941555	108.813939287	3024.600	6439.400	4392.773	4306.641
100	Spectrogram 1	1	108.813939287	108.814937020	3024.600	6439.400	4392.773	4306.641
101	Spectrogram 1	1	108.814937020	108.815934752	3024.600	6439.400	4392.773	4306.641
102	Spectrogram 1	1	108.815934752	108.816932484	3024.600	6439.400	4392.773	4306.641
103	Spectrogram 1	1	108.816932484	108.817930217	3024.600	6439.400	4565.039	4565.039
104	Spectrogram 1	1	108.817930217	108.818927949	3024.600	6439.400	4565.039	4565.039
105	Spectrogram 1	1	108.818927949	108.819925682	3024.600	6439.400	4565.039	4565.039
106	Spectrogram 1	1	108.819925682	108.820923414	3024.600	6439.400	4565.039	4565.039
107	Spectrogram 1	1	108.820923414	108.821921147	3024.600	6439.400	4565.039	4565.039
108	Spectrogram 1	1	108.821921147	108.822918879	3024.600	6439.400	4565.039	4565.039
109	Spectrogram 1	1	108.822918879	108.823916611	3024.600	6439.400	4823.438	4823.438
110	Spectrogram 1	1	108.823916611	108.824914344	3024.600	6439.400	4823.438	4823.438
111	Spectrogram 1	1	108.824914344	108.825912076	3024.600	6439.400	4823.438	4823.438
112	Spectrogram 1	1	108.825912076	108.826909809	3024.600	6439.400	4823.438	4823.438
113	Spectrogram 1	1	108.826909809	108.827907541	3024.600	6439.400	4823.438	4823.438
114	Spectrogram 1	1	108.827907541	108.828905274	3024.600	6439.400	4823.438	4823.438
115	Spectrogram 1	1	108.828905274	108.829903006	3024.600	6439.400	4995.703	4909.570
116	Spectrogram 1	1	108.829903006	108.830900738	3024.600	6439.400	4995.703	4909.570
117	Spectrogram 1	1	108.830900738	108.831898471	3024.600	6439.400	4995.703	4909.570
118	Spectrogram 1	1	108.831898471	108.832896203	3024.600	6439.400	4995.703	4909.570
119	Spectrogram 1	1	108.832896203	108.833893936	3024.600	6439.400	4995.703	4909.570
120	Spectrogram 1	1	108.833893936	108.834891668	3024.600	6439.400	4995.703	4909.570
121	Spectrogram 1	1	108.834891668	108.835889401	3024.600	6439.400	4995.703	4995.703
122	Spectrogram 1	1	108.835889401	108.836887133	3024.600	6439.400	4995.703	4995.703
123	Spectrogram 1	1	108.836887133	108.837884865	3024.600	6439.400	4995.703	4995.703
124	Spectrogram 1	1	108.837884865	108.838882598	3024.600	6439.400	4995.703	4995.703
125	Spectrogram 1	1	108.838882598	108.839880330	3024.600	6439.400	4995.703	4995.703
126	Spectrogram 1	1	108.839880330	108.840878063	3024.600	6439.400	4995.703	4995.703
127	Spectrogram 1	1	108.840878063	108.841875795	3024.600	6439.400	4995.703	4995.703
128	Spectrogram 1	1	108.841875795	108.842873528	3024.600	6439.400	4995.703	4995.703
129	Spectrogram 1	1	108.842873528	108.843871260	3024.600	6439.400	4995.703	4995.703
130	Spectrogram 1	1	108.843871260	108.844868992	3024.600	6439.400	4995.703	4995.703
131	Spectrogram 1	1	108.844868992	108.845866725	3024.600	6439.400	4995.703	4995.703
132	Spectrogram 1	1	108.845866725	108.846864457	3024.600	6439.400	4995.703	4995.703
133	Spectrogram 1	1	108.846864457	108.847862190	3024.600	6439.400	4909.570	4909.570
134	Spectrogram 1	1	108.847862190	108.848859922	3024.600	6439.400	4909.570	4909.570
135	Spectrogram 1	1	108.848859922	108.849857655	3024.600	6439.400	4909.570	4909.570
136	Spectrogram 1	1	108.849857655	108.850855387	3024.600	6439.400	4909.570	4909.570
137	Spectrogram 1	1	108.850855387	108.851853119	3024.600	6439.400	4909.570	4909.570
138	Spectrogram 1	1	108.851853119	108.852850852	3024.600	6439.400	4909.570	4909.570
139	Spectrogram 1	1	108.852850852	108.853848584	3024.600	6439.400	4909.570	4909.570
140	Spectrogram 1	1	108.853848584	108.854846317	3024.600	6439.400	4909.570	4909.570
141	Spectrogram 1	1	108.854846317	108.855844049	3024.600	6439.400	4909.570	4909.570
142	Spectrogram 1	1	108.855844049	108.856841782	3024.600	6439.400	4909.570	4909.570
143	Spectrogram 1	1	108.856841782	108.857839514	3024.600	6439.400	4909.570	4909.570
144	Spectrogram 1	1	108.857839514	108.858837246	3024.600	6439.400	4823.438	4823.438
145	Spectrogram 1	1	108.858837246	108.859834979	3024.600	6439.400	4823.438	4823.438
146	Spectrogram 1	1	108.859834979	108.860832711	3024.600	6439.400	4823.438	4823.438
147	Spectrogram 1	1	108.860832711	108.861830444	3024.600	6439.400	4823.438	4823.438
148	Spectrogram 1	1	108.861830444	108.862828176	3024.600	6439.400	4823.438	4823.438
149	Spectrogram 1	1	108.862828176	108.863825909	3024.600	6439.400	4823.438	4823.438
150	Spectrogram 1	1	108.863825909	108.864823641	3024.600	6439.400	4823.438	4823.438
151	Spectrogram 1	1	108.864823641	108.865821373	3024.600	6439.400	4823.438	4823.438
152	Spectrogram 1	1	108.865821373	108.866819106	3024.600	6439.400	4823.438	4823.438
153	Spectrogram 1	1	108.866819106	108.867816838	3024.600	6439.400	4823.438	4823.438
154	Spectrogram 1	1	108.867816838	108.868814571	3024.600	6439.400	4823.438	4823.438
155	Spectrogram 1	1	108.868814571	108.869812303	3024.600	6439.400	4823.438	4823.438
156	Spectrogram 1	1	108.869812303	108.870810036	3024.600	6439.400	4909.570	4909.570
157	Spectrogram 1	1	108.870810036	108.871807768	3024.600	6439.400	4909.570	4909.570
158	Spectrogram 1	1	108.871807768	108.872805500	3024.600	6439.400	4909.570	4909.570
159	Spectrogram 1	1	108.872805500	108.873803233	3024.600	6439.400	4909.570	4909.570
160	Spectrogram 1	1	108.873803233	108.874800965	3024.600	6439.400	4909.570	4909.570
161	Spectrogram 1	1	108.874800965	108.875798698	3024.600	6439.400	4909.570	4909.570
162	Spectrogram 1	1	108.875798698	108.876796430	3024.600	6439.400	5081.836	4823.438
163	Spectrogram 1	1	108.876796430	108.877794162	3024.600	6439.400	5081.836	4823.438
164	Spectrogram 1	1	108.877794162	108.878791895	3024.600	6439.400	5081.836	4823.438
165	Spectrogram 1	1	108.878791895	108.879789627	3024.600	6439.400	5081.836	4823.438
166	Spectrogram 1	1	108.879789627	108.880787360	3024.600	6439.400	5081.836	4823.438
167	Spectrogram 1	1	108.880787360	108.881785092	3024.600	6439.400	6115.430	6115.430
168	Spectrogram 1	1	108.881785092	108.882782825	3024.600	6439.400	6115.430	6115.430
169	Spectrogram 1	1	108.882782825	108.883780557	3024.600	6439.400	6115.430	6115.430
170	Spectrogram 1	1	108.883780557	108.884778289	3024.600	6439.400	6115.430	6115.430
171	Spectrogram 1	1	108.884778289	108.885776022	3024.600	6439.400	6115.430	6115.430
172	Spectrogram 1	1	108.885776022	108.886773754	3024.600	6439.400	6115.430	6115.430
173	Spectrogram 1	1	108.886773754	108.887771487	3024.600	6439.400	5857.031	6029.297
174	Spectrogram 1	1	108.887771487	108.888769219	3024.600	6439.400	5857.031	6029.297
175	Spectrogram 1	1	108.888769219	108.889766952	3024.600	6439.400	5857.031	6029.297
176	Spectrogram 1	1	108.889766952	108.890764684	3024.600	6439.400	5857.031	6029.297
177	Spectrogram 1	1	108.890764684	108.891762416	3024.600	6439.400	5857.031	6029.297
178	Spectrogram 1	1	108.891762416	108.892760149	3024.600	6439.400	5857.031	6029.297
179	Spectrogram 1	1	108.892760149	108.893757881	3024.600	6439.400	4995.703	4909.570
180	Spectrogram 1	1	108.893757881	108.894755614	3024.600	6439.400	4995.703	4909.570
181	Spectrogram 1	1	108.894755614	108.895753346	3024.600	6439.400	4995.703	4909.570
182	Spectrogram 1	1	108.895753346	108.896751079	3024.600	6439.400	4995.703	4909.570
183	Spectrogram 1	1	108.896751079	108.897748811	3024.600	6439.400	4995.703	4909.570
184	Spectrogram 1	1	108.897748811	108.898746543	3024.600	6439.400	4995.703	4909.570
185	Spectrogram 1	1	108.898746543	108.899744276	3024.600	6439.400	4995.703	5081.836
186	Spectrogram 1	1	108.899744276	108.900742008	3024.600	6439.400	4995.703	5081.836
187	Spectrogram 1	1	108.900742008	108.901377286	3024.600	6439.400	4995.703	5081.836
