Selection	View	Channel	Begin Time (s)	End Time (s)	Low Freq (Hz)	High Freq (Hz)	Center Freq (Hz)	Peak Freq (Hz)
1	Spectrogram 1	1	67.710567269	67.711565001	2392.800	6352.500	5254.102	5340.234
2	Spectrogram 1	1	67.711565001	67.712562734	2392.800	6352.500	5254.102	5340.234
3	Spectrogram 1	1	67.712562734	67.713560466	2392.800	6352.500	5684.766	5770.898
4	Spectrogram 1	1	67.713560466	67.714558199	2392.800	6352.500	5684.766	5770.898
5	Spectrogram 1	1	67.714558199	67.715555931	2392.800	6352.500	5684.766	5770.898
6	Spectrogram 1	1	67.715555931	67.716553664	2392.800	6352.500	5684.766	5770.898
7	Spectrogram 1	1	67.716553664	67.717551396	2392.800	6352.500	5684.766	5770.898
8	Spectrogram 1	1	67.717551396	67.718549128	2392.800	6352.500	5684.766	5770.898
9	Spectrogram 1	1	67.718549128	67.719546861	2392.800	6352.500	4220.508	4220.508
10	Spectrogram 1	1	67.719546861	67.720544593	2392.800	6352.500	4220.508	4220.508
11	Spectrogram 1	1	67.720544593	67.721542326	2392.800	6352.500	4220.508	4220.508
12	Spectrogram 1	1	67.721542326	67.722540058	2392.800	6352.500	4220.508	4220.508
13	Spectrogram 1	1	67.722540058	67.723537791	2392.800	6352.500	4220.508	4220.508
14	Spectrogram 1	1	67.723537791	67.724535523	2392.800	6352.500	3703.711	3703.711
15	Spectrogram 1	1	67.724535523	67.725533255	2392.800	6352.500	3703.711	3703.711
16	Spectrogram 1	1	67.725533255	67.726530988	2392.800	6352.500	3703.711	3703.711
17	Spectrogram 1	1	67.726530988	67.727528720	2392.800	6352.500	3703.711	3703.711
18	Spectrogram 1	1	67.727528720	67.728526453	2392.800	6352.500	3703.711	3703.711
19	Spectrogram 1	1	67.728526453	67.729524185	2392.800	6352.500	3703.711	3703.711
20	Spectrogram 1	1	67.729524185	67.730521918	2392.800	6352.500	3359.180	3100.781
21	Spectrogram 1	1	67.730521918	67.731519650	2392.800	6352.500	3359.180	3100.781
22	Spectrogram 1	1	67.731519650	67.732517382	2392.800	6352.500	3359.180	3100.781
23	Spectrogram 1	1	67.732517382	67.733515115	2392.800	6352.500	3359.180	3100.781
24	Spectrogram 1	1	67.733515115	67.734512847	2392.800	6352.500	3359.180	3100.781
25	Spectrogram 1	1	67.734512847	67.735510580	2392.800	6352.500	3359.180	3100.781
26	Spectrogram 1	1	67.735510580	67.736508312	2392.800	6352.500	3962.109	3014.648
27	Spectrogram 1	1	67.736508312	67.737506045	2392.800	6352.500	3962.109	3014.648
28	Spectrogram 1	1	67.737506045	67.738503777	2392.800	6352.500	3962.109	3014.648
29	Spectrogram 1	1	67.738503777	67.739501509	2392.800	6352.500	3962.109	3014.648
30	Spectrogram 1	1	67.739501509	67.740499242	2392.800	6352.500	3962.109	3014.648
31	Spectrogram 1	1	67.740499242	67.741496974	2392.800	6352.500	3962.109	3014.648
32	Spectrogram 1	1	67.741496974	67.742494707	2392.800	6352.500	3100.781	3014.648
33	Spectrogram 1	1	67.742494707	67.743492439	2392.800	6352.500	3100.781	3014.648
34	Spectrogram 1	1	67.743492439	67.744490171	2392.800	6352.500	3100.781	3014.648
35	Spectrogram 1	1	67.744490171	67.745487904	2392.800	6352.500	3100.781	3014.648
36	Spectrogram 1	1	67.745487904	67.746485636	2392.800	6352.500	3100.781	3014.648
37	Spectrogram 1	1	67.746485636	67.747483369	2392.800	6352.500	3100.781	3014.648
38	Spectrogram 1	1	67.747483369	67.748481101	2392.800	6352.500	5857.031	5943.164
39	Spectrogram 1	1	67.748481101	67.749478834	2392.800	6352.500	5857.031	5943.164
40	Spectrogram 1	1	67.749478834	67.750476566	2392.800	6352.500	5857.031	5943.164
41	Spectrogram 1	1	67.750476566	67.751474298	2392.800	6352.500	5857.031	5943.164
42	Spectrogram 1	1	67.751474298	67.752472031	2392.800	6352.500	5857.031	5943.164
43	Spectrogram 1	1	67.752472031	67.753469763	2392.800	6352.500	5770.898	5770.898
44	Spectrogram 1	1	67.753469763	67.754467496	2392.800	6352.500	5770.898	5770.898
45	Spectrogram 1	1	67.754467496	67.755465228	2392.800	6352.500	5770.898	5770.898
46	Spectrogram 1	1	67.755465228	67.756462961	2392.800	6352.500	5770.898	5770.898
47	Spectrogram 1	1	67.756462961	67.757460693	2392.800	6352.500	5770.898	5770.898
48	Spectrogram 1	1	67.757460693	67.758458425	2392.800	6352.500	5770.898	5770.898
49	Spectrogram 1	1	67.758458425	67.759456158	2392.800	6352.500	5512.500	5512.500
50	Spectrogram 1	1	67.759456158	67.760453890	2392.800	6352.500	5512.500	5512.500
51	Spectrogram 1	1	67.760453890	67.761451623	2392.800	6352.500	5512.500	5512.500
52	Spectrogram 1	1	67.761451623	67.762449355	2392.800	6352.500	5512.500	5512.500
53	Spectrogram 1	1	67.762449355	67.763447088	2392.800	6352.500	5512.500	5512.500
54	Spectrogram 1	1	67.763447088	67.764444820	2392.800	6352.500	5512.500	5512.500
55	Spectrogram 1	1	67.764444820	67.765442552	2392.800	6352.500	5340.234	5340.234
56	Spectrogram 1	1	67.765442552	67.766440285	2392.800	6352.500	5340.234	5340.234
57	Spectrogram 1	1	67.766440285	67.767438017	2392.800	6352.500	5340.234	5340.234
58	Spectrogram 1	1	67.767438017	67.768435750	2392.800	6352.500	5340.234	5340.234
59	Spectrogram 1	1	67.768435750	67.769433482	2392.800	6352.500	5340.234	5340.234
60	Spectrogram 1	1	67.769433482	67.770431215	2392.800	6352.500	5340.234	5340.234
61	Spectrogram 1	1	67.770431215	67.771428947	2392.800	6352.500	5340.234	3100.781
62	Spectrogram 1	1	67.771428947	67.772426679	2392.800	6352.500	5340.234	3100.781
63	Spectrogram 1	1	67.772426679	67.773424412	2392.800	6352.500	5340.234	3100.781
64	Spectrogram 1	1	67.773424412	67.774422144	2392.800	6352.500	5340.234	3100.781
65	Spectrogram 1	1	67.774422144	67.775419877	2392.800	6352.500	5340.234	3100.781
66	Spectrogram 1	1	67.775419877	67.776417609	2392.800	6352.500	5340.234	3100.781
67	Spectrogram 1	1	67.776417609	67.777415342	2392.800	6352.500	3359.180	3273.047
68	Spectrogram 1	1	67.777415342	67.778413074	2392.800	6352.500	3359.180	3273.047
69	Spectrogram 1	1	67.778413074	67.779410806	2392.800	6352.500	3359.180	3273.047
70	Spectrogram 1	1	67.779410806	67.780408539	2392.800	6352.500	3359.180	3273.047
71	Spectrogram 1	1	67.780408539	67.781406271	2392.800	6352.500	3359.180	3273.047
72	Spectrogram 1	1	67.781406271	67.782404004	2392.800	6352.500	3359.180	3273.047
73	Spectrogram 1	1	67.782404004	67.783401736	2392.800	6352.500	3445.312	3445.312
74	Spectrogram 1	1	67.783401736	67.784399469	2392.800	6352.500	3445.312	3445.312
75	Spectrogram 1	1	67.784399469	67.785397201	2392.800	6352.500	3445.312	3445.312
76	Spectrogram 1	1	67.785397201	67.786394933	2392.800	6352.500	3445.312	3445.312
77	Spectrogram 1	1	67.786394933	67.787392666	2392.800	6352.500	3445.312	3445.312
78	Spectrogram 1	1	67.787392666	67.788390398	2392.800	6352.500	3703.711	3703.711
79	Spectrogram 1	1	67.788390398	67.789388131	2392.800	6352.500	3703.711	3703.711
80	Spectrogram 1	1	67.789388131	67.790385863	2392.800	6352.500	3703.711	3703.711
81	Spectrogram 1	1	67.790385863	67.791383596	2392.800	6352.500	3703.711	3703.711
82	Spectrogram 1	1	67.791383596	67.792381328	2392.800	6352.500	3703.711	3703.711
83	Spectrogram 1	1	67.792381328	67.793379060	2392.800	6352.500	3703.711	3703.711
84	Spectrogram 1	1	67.793379060	67.794376793	2392.800	6352.500	3875.977	3875.977
85	Spectrogram 1	1	67.794376793	67.795374525	2392.800	6352.500	3875.977	3875.977
86	Spectrogram 1	1	67.795374525	67.796372258	2392.800	6352.500	3875.977	3875.977
87	Spectrogram 1	1	67.796372258	67.797369990	2392.800	6352.500	3875.977	3875.977
88	Spectrogram 1	1	67.797369990	67.798367723	2392.800	6352.500	3875.977	3875.977
89	Spectrogram 1	1	67.798367723	67.799365455	2392.800	6352.500	3875.977	3875.977
90	Spectrogram 1	1	67.799365455	67.800363187	2392.800	6352.500	4048.242	4048.242
91	Spectrogram 1	1	67.800363187	67.801360920	2392.800	6352.500	4048.242	4048.242
92	Spectrogram 1	1	67.801360920	67.802358652	2392.800	6352.500	4048.242	4048.242
93	Spectrogram 1	1	67.802358652	67.803356385	2392.800	6352.500	4048.242	4048.242
94	Spectrogram 1	1	67.803356385	67.804354117	2392.800	6352.500	4048.242	4048.242
95	Spectrogram 1	1	67.804354117	67.805351849	2392.800	6352.500	4048.242	4048.242
96	Spectrogram 1	1	67.805351849	67.806349582	2392.800	6352.500	4306.641	4220.508
97	Spectrogram 1	1	67.806349582	67.807347314	2392.800	6352.500	4306.641	4220.508
98	Spectrogram 1	1	67.807347314	67.808345047	2392.800	6352.500	4306.641	4220.508
99	Spectrogram 1	1	67.808345047	67.809342779	2392.800	6352.500	4306.641	4220.508
100	Spectrogram 1	1	67.809342779	67.810340512	2392.800	6352.500	4306.641	4220.508
101	Spectrogram 1	1	67.810340512	67.811338244	2392.800	6352.500	4306.641	4220.508
102	Spectrogram 1	1	67.811338244	67.812335976	2392.800	6352.500	4392.773	4392.773
103	Spectrogram 1	1	67.812335976	67.813333709	2392.800	6352.500	4392.773	4392.773
104	Spectrogram 1	1	67.813333709	67.814331441	2392.800	6352.500	4392.773	4392.773
105	Spectrogram 1	1	67.814331441	67.815329174	2392.800	6352.500	4392.773	4392.773
106	Spectrogram 1	1	67.815329174	67.816326906	2392.800	6352.500	4392.773	4392.773
107	Spectrogram 1	1	67.816326906	67.817324639	2392.800	6352.500	4565.039	4565.039
108	Spectrogram 1	1	67.817324639	67.818322371	2392.800	6352.500	4565.039	4565.039
109	Spectrogram 1	1	67.818322371	67.819320103	2392.800	6352.500	4565.039	4565.039
110	Spectrogram 1	1	67.819320103	67.820317836	2392.800	6352.500	4565.039	4565.039
111	Spectrogram 1	1	67.820317836	67.821315568	2392.800	6352.500	4565.039	4565.039
112	Spectrogram 1	1	67.821315568	67.822313301	2392.800	6352.500	4565.039	4565.039
113	Spectrogram 1	1	67.822313301	67.823311033	2392.800	6352.500	4737.305	4737.305
114	Spectrogram 1	1	67.823311033	67.824308766	2392.800	6352.500	4737.305	4737.305
115	Spectrogram 1	1	67.824308766	67.825306498	2392.800	6352.500	4737.305	4737.305
116	Spectrogram 1	1	67.825306498	67.826304230	2392.800	6352.500	4737.305	4737.305
117	Spectrogram 1	1	67.826304230	67.827301963	2392.800	6352.500	4737.305	4737.305
118	Spectrogram 1	1	67.827301963	67.828299695	2392.800	6352.500	4737.305	4737.305
119	Spectrogram 1	1	67.828299695	67.829297428	2392.800	6352.500	4737.305	4737.305
120	Spectrogram 1	1	67.829297428	67.830295160	2392.800	6352.500	4737.305	4737.305
121	Spectrogram 1	1	67.830295160	67.831292893	2392.800	6352.500	4737.305	4737.305
122	Spectrogram 1	1	67.831292893	67.832290625	2392.800	6352.500	4737.305	4737.305
123	Spectrogram 1	1	67.832290625	67.833288357	2392.800	6352.500	4737.305	4737.305
124	Spectrogram 1	1	67.833288357	67.834286090	2392.800	6352.500	4737.305	4737.305
125	Spectrogram 1	1	67.834286090	67.835283822	2392.800	6352.500	4565.039	4565.039
126	Spectrogram 1	1	67.835283822	67.836281555	2392.800	6352.500	4565.039	4565.039
127	Spectrogram 1	1	67.836281555	67.837279287	2392.800	6352.500	4565.039	4565.039
128	Spectrogram 1	1	67.837279287	67.838277020	2392.800	6352.500	4565.039	4565.039
129	Spectrogram 1	1	67.838277020	67.839274752	2392.800	6352.500	4565.039	4565.039
130	Spectrogram 1	1	67.839274752	67.840272484	2392.800	6352.500	4565.039	4565.039
131	Spectrogram 1	1	67.840272484	67.841270217	2392.800	6352.500	4392.773	4392.773
132	Spectrogram 1	1	67.841270217	67.842267949	2392.800	6352.500	4392.773	4392.773
133	Spectrogram 1	1	67.842267949	67.843265682	2392.800	6352.500	4392.773	4392.773
134	Spectrogram 1	1	67.843265682	67.844263414	2392.800	6352.500	4392.773	4392.773
135	Spectrogram 1	1	67.844263414	67.845261147	2392.800	6352.500	4392.773	4392.773
136	Spectrogram 1	1	67.845261147	67.846258879	2392.800	6352.500	4392.773	4392.773
137	Spectrogram 1	1	67.846258879	67.847256611	2392.800	6352.500	3962.109	3962.109
138	Spectrogram 1	1	67.847256611	67.848254344	2392.800	6352.500	3962.109	3962.109
139	Spectrogram 1	1	67.848254344	67.849252076	2392.800	6352.500	3962.109	3962.109
140	Spectrogram 1	1	67.849252076	67.850249809	2392.800	6352.500	3962.109	3962.109
141	Spectrogram 1	1	67.850249809	67.851247541	2392.800	6352.500	3962.109	3962.109
142	Spectrogram 1	1	67.851247541	67.852245274	2392.800	6352.500	3875.977	3789.844
143	Spectrogram 1	1	67.852245274	67.853243006	2392.800	6352.500	3875.977	3789.844
144	Spectrogram 1	1	67.853243006	67.854240738	2392.800	6352.500	3875.977	3789.844
145	Spectrogram 1	1	67.854240738	67.855238471	2392.800	6352.500	3875.977	3789.844
146	Spectrogram 1	1	67.855238471	67.856236203	2392.800	6352.500	3875.977	3789.844
147	Spectrogram 1	1	67.856236203	67.857233936	2392.800	6352.500	3875.977	3789.844
148	Spectrogram 1	1	67.857233936	67.858231668	2392.800	6352.500	4048.242	3875.977
149	Spectrogram 1	1	67.858231668	67.859229401	2392.800	6352.500	4048.242	3875.977
150	Spectrogram 1	1	67.859229401	67.860227133	2392.800	6352.500	4048.242	3875.977
151	Spectrogram 1	1	67.860227133	67.861224865	2392.800	6352.500	4048.242	3875.977
152	Spectrogram 1	1	67.861224865	67.862222598	2392.800	6352.500	4048.242	3875.977
153	Spectrogram 1	1	67.862222598	67.863220330	2392.800	6352.500	4048.242	3875.977
154	Spectrogram 1	1	67.863220330	67.864218063	2392.800	6352.500	4909.570	6029.297
155	Spectrogram 1	1	67.864218063	67.865215795	2392.800	6352.500	4909.570	6029.297
156	Spectrogram 1	1	67.865215795	67.866213528	2392.800	6352.500	4909.570	6029.297
157	Spectrogram 1	1	67.866213528	67.867211260	2392.800	6352.500	4909.570	6029.297
158	Spectrogram 1	1	67.867211260	67.868208992	2392.800	6352.500	4909.570	6029.297
159	Spectrogram 1	1	67.868208992	67.869206725	2392.800	6352.500	4909.570	6029.297
160	Spectrogram 1	1	67.869206725	67.870204457	2392.800	6352.500	5943.164	6115.430
161	Spectrogram 1	1	67.870204457	67.871202190	2392.800	6352.500	5943.164	6115.430
162	Spectrogram 1	1	67.871202190	67.872199922	2392.800	6352.500	5943.164	6115.430
163	Spectrogram 1	1	67.872199922	67.873197654	2392.800	6352.500	5943.164	6115.430
164	Spectrogram 1	1	67.873197654	67.874195387	2392.800	6352.500	5943.164	6115.430
165	Spectrogram 1	1	67.874195387	67.875193119	2392.800	6352.500	5943.164	6115.430
166	Spectrogram 1	1	67.875193119	67.876190852	2392.800	6352.500	5426.367	5340.234
167	Spectrogram 1	1	67.876190852	67.877188584	2392.800	6352.500	5426.367	5340.234
168	Spectrogram 1	1	67.877188584	67.878186317	2392.800	6352.500	5426.367	5340.234
169	Spectrogram 1	1	67.878186317	67.879184049	2392.800	6352.500	5426.367	5340.234
170	Spectrogram 1	1	67.879184049	67.880181781	2392.800	6352.500	5426.367	5340.234
171	Spectrogram 1	1	67.880181781	67.881179514	2392.800	6352.500	4995.703	4995.703
172	Spectrogram 1	1	67.881179514	67.882177246	2392.800	6352.500	4995.703	4995.703
173	Spectrogram 1	1	67.882177246	67.883174979	2392.800	6352.500	4995.703	4995.703
174	Spectrogram 1	1	67.883174979	67.884172711	2392.800	6352.500	4995.703	4995.703
175	Spectrogram 1	1	67.884172711	67.885170444	2392.800	6352.500	4995.703	4995.703
176	Spectrogram 1	1	67.885170444	67.886168176	2392.800	6352.500	4995.703	4995.703
177	Spectrogram 1	1	67.886168176	67.887165908	2392.800	6352.500	4651.172	4565.039
178	Spectrogram 1	1	67.887165908	67.888163641	2392.800	6352.500	4651.172	4565.039
179	Spectrogram 1	1	67.888163641	67.889161373	2392.800	6352.500	4651.172	4565.039
180	Spectrogram 1	1	67.889161373	67.890159106	2392.800	6352.500	4651.172	4565.039
181	Spectrogram 1	1	67.890159106	67.891156838	2392.800	6352.500	4651.172	4565.039
182	Spectrogram 1	1	67.891156838	67.892154571	2392.800	6352.500	4651.172	4565.039
183	Spectrogram 1	1	67.892154571	67.893152303	2392.800	6352.500	4392.773	4392.773
184	Spectrogram 1	1	67.893152303	67.894150035	2392.800	6352.500	4392.773	4392.773
185	Spectrogram 1	1	67.894150035	67.895147768	2392.800	6352.500	4392.773	4392.773
186	Spectrogram 1	1	67.895147768	67.896145500	2392.800	6352.500	4392.773	4392.773
187	Spectrogram 1	1	67.896145500	67.897143233	2392.800	6352.500	4392.773	4392.773
188	Spectrogram 1	1	67.897143233	67.898140965	2392.800	6352.500	4392.773	4392.773
189	Spectrogram 1	1	67.898140965	67.899138698	2392.800	6352.500	4651.172	4306.641
190	Spectrogram 1	1	67.899138698	67.899475549	2392.800	6352.500	4651.172	4306.641
