Selection	View	Channel	Begin Time (s)	End Time (s)	Low Freq (Hz)	High Freq (Hz)	Center Freq (Hz)	Peak Freq (Hz)
1	Spectrogram 1	1	31.361554073	31.362554073	2503.900	5952.800	3000.000	2812.500
2	Spectrogram 1	1	31.362554073	31.363554073	2503.900	5952.800	3000.000	2812.500
3	Spectrogram 1	1	31.363554073	31.364554073	2503.900	5952.800	3000.000	3000.000
4	Spectrogram 1	1	31.364554073	31.365554073	2503.900	5952.800	3000.000	3000.000
5	Spectrogram 1	1	31.365554073	31.366554073	2503.900	5952.800	3000.000	3000.000
6	Spectrogram 1	1	31.366554073	31.367554073	2503.900	5952.800	3375.000	3375.000
7	Spectrogram 1	1	31.367554073	31.368554073	2503.900	5952.800	3375.000	3375.000
8	Spectrogram 1	1	31.368554073	31.369554073	2503.900	5952.800	3375.000	3375.000
9	Spectrogram 1	1	31.369554073	31.370554073	2503.900	5952.800	3562.500	3562.500
10	Spectrogram 1	1	31.370554073	31.371554073	2503.900	5952.800	3562.500	3562.500
11	Spectrogram 1	1	31.371554073	31.372554073	2503.900	5952.800	3750.000	3750.000
12	Spectrogram 1	1	31.372554073	31.373554073	2503.900	5952.800	3750.000	3750.000
13	Spectrogram 1	1	31.373554073	31.374554073	2503.900	5952.800	3750.000	3750.000
14	Spectrogram 1	1	31.374554073	31.375554073	2503.900	5952.800	3750.000	3937.500
15	Spectrogram 1	1	31.375554073	31.376554073	2503.900	5952.800	3750.000	3937.500
16	Spectrogram 1	1	31.376554073	31.377554073	2503.900	5952.800	3750.000	3937.500
17	Spectrogram 1	1	31.377554073	31.378554073	2503.900	5952.800	3937.500	3937.500
18	Spectrogram 1	1	31.378554073	31.379554073	2503.900	5952.800	3937.500	3937.500
19	Spectrogram 1	1	31.379554073	31.380554073	2503.900	5952.800	3937.500	3937.500
20	Spectrogram 1	1	31.380554073	31.381554073	2503.900	5952.800	3937.500	3937.500
21	Spectrogram 1	1	31.381554073	31.382554073	2503.900	5952.800	3937.500	3937.500
22	Spectrogram 1	1	31.382554073	31.383554073	2503.900	5952.800	3937.500	3937.500
23	Spectrogram 1	1	31.383554073	31.384554073	2503.900	5952.800	3937.500	3937.500
24	Spectrogram 1	1	31.384554073	31.385554073	2503.900	5952.800	3937.500	3937.500
25	Spectrogram 1	1	31.385554073	31.386554073	2503.900	5952.800	3937.500	3937.500
26	Spectrogram 1	1	31.386554073	31.387554073	2503.900	5952.800	3937.500	3937.500
27	Spectrogram 1	1	31.387554073	31.388554073	2503.900	5952.800	3937.500	3937.500
28	Spectrogram 1	1	31.388554073	31.389554073	2503.900	5952.800	3937.500	3937.500
29	Spectrogram 1	1	31.389554073	31.390554073	2503.900	5952.800	3937.500	3937.500
30	Spectrogram 1	1	31.390554073	31.391554073	2503.900	5952.800	4125.000	4125.000
31	Spectrogram 1	1	31.391554073	31.392554073	2503.900	5952.800	4125.000	4125.000
32	Spectrogram 1	1	31.392554073	31.393554073	2503.900	5952.800	4125.000	4125.000
33	Spectrogram 1	1	31.393554073	31.394554073	2503.900	5952.800	4125.000	4125.000
34	Spectrogram 1	1	31.394554073	31.395554073	2503.900	5952.800	4125.000	4125.000
35	Spectrogram 1	1	31.395554073	31.396554073	2503.900	5952.800	3937.500	3937.500
36	Spectrogram 1	1	31.396554073	31.397554073	2503.900	5952.800	3937.500	3937.500
37	Spectrogram 1	1	31.397554073	31.398554073	2503.900	5952.800	3937.500	3937.500
38	Spectrogram 1	1	31.398554073	31.399554073	2503.900	5952.800	4125.000	4125.000
39	Spectrogram 1	1	31.399554073	31.400554073	2503.900	5952.800	4125.000	4125.000
40	Spectrogram 1	1	31.400554073	31.401554073	2503.900	5952.800	4125.000	4125.000
41	Spectrogram 1	1	31.401554073	31.402554073	2503.900	5952.800	4125.000	4125.000
42	Spectrogram 1	1	31.402554073	31.403554073	2503.900	5952.800	4125.000	4125.000
43	Spectrogram 1	1	31.403554073	31.404554073	2503.900	5952.800	4312.500	4312.500
44	Spectrogram 1	1	31.404554073	31.405554073	2503.900	5952.800	4312.500	4312.500
45	Spectrogram 1	1	31.405554073	31.406554073	2503.900	5952.800	4312.500	4312.500
46	Spectrogram 1	1	31.406554073	31.407554073	2503.900	5952.800	4125.000	4125.000
47	Spectrogram 1	1	31.407554073	31.408554073	2503.900	5952.800	4125.000	4125.000
48	Spectrogram 1	1	31.408554073	31.409554073	2503.900	5952.800	4125.000	4125.000
49	Spectrogram 1	1	31.409554073	31.410554073	2503.900	5952.800	4312.500	4312.500
50	Spectrogram 1	1	31.410554073	31.411554073	2503.900	5952.800	4312.500	4312.500
51	Spectrogram 1	1	31.411554073	31.412554073	2503.900	5952.800	4312.500	4312.500
52	Spectrogram 1	1	31.412554073	31.413554073	2503.900	5952.800	4312.500	4312.500
53	Spectrogram 1	1	31.413554073	31.414554073	2503.900	5952.800	4312.500	4312.500
54	Spectrogram 1	1	31.414554073	31.415554073	2503.900	5952.800	4312.500	4312.500
55	Spectrogram 1	1	31.415554073	31.416554073	2503.900	5952.800	4312.500	4312.500
56	Spectrogram 1	1	31.416554073	31.417554073	2503.900	5952.800	4312.500	4312.500
57	Spectrogram 1	1	31.417554073	31.418554073	2503.900	5952.800	4312.500	4312.500
58	Spectrogram 1	1	31.418554073	31.419554073	2503.900	5952.800	4312.500	4312.500
59	Spectrogram 1	1	31.419554073	31.420554073	2503.900	5952.800	4312.500	4312.500
60	Spectrogram 1	1	31.420554073	31.421554073	2503.900	5952.800	4312.500	4312.500
61	Spectrogram 1	1	31.421554073	31.422554073	2503.900	5952.800	4312.500	4312.500
62	Spectrogram 1	1	31.422554073	31.423554073	2503.900	5952.800	4125.000	4125.000
63	Spectrogram 1	1	31.423554073	31.424554073	2503.900	5952.800	4125.000	4125.000
64	Spectrogram 1	1	31.424554073	31.425554073	2503.900	5952.800	4125.000	4125.000
65	Spectrogram 1	1	31.425554073	31.426554073	2503.900	5952.800	4500.000	4500.000
66	Spectrogram 1	1	31.426554073	31.427554073	2503.900	5952.800	4500.000	4500.000
67	Spectrogram 1	1	31.427554073	31.428554073	2503.900	5952.800	4500.000	4500.000
68	Spectrogram 1	1	31.428554073	31.429554073	2503.900	5952.800	4500.000	4500.000
69	Spectrogram 1	1	31.429554073	31.430554073	2503.900	5952.800	4500.000	4500.000
70	Spectrogram 1	1	31.430554073	31.431554073	2503.900	5952.800	4500.000	4500.000
71	Spectrogram 1	1	31.431554073	31.432554073	2503.900	5952.800	4500.000	4500.000
72	Spectrogram 1	1	31.432554073	31.433554073	2503.900	5952.800	4500.000	4500.000
73	Spectrogram 1	1	31.433554073	31.434554073	2503.900	5952.800	4687.500	4687.500
74	Spectrogram 1	1	31.434554073	31.435554073	2503.900	5952.800	4687.500	4687.500
75	Spectrogram 1	1	31.435554073	31.436554073	2503.900	5952.800	4875.000	4875.000
76	Spectrogram 1	1	31.436554073	31.437554073	2503.900	5952.800	4875.000	4875.000
77	Spectrogram 1	1	31.437554073	31.438554073	2503.900	5952.800	4875.000	4875.000
78	Spectrogram 1	1	31.438554073	31.439554073	2503.900	5952.800	4687.500	4875.000
79	Spectrogram 1	1	31.439554073	31.440554073	2503.900	5952.800	4687.500	4875.000
80	Spectrogram 1	1	31.440554073	31.441554073	2503.900	5952.800	4687.500	4875.000
81	Spectrogram 1	1	31.441554073	31.442554073	2503.900	5952.800	4875.000	4875.000
82	Spectrogram 1	1	31.442554073	31.443554073	2503.900	5952.800	4875.000	4875.000
83	Spectrogram 1	1	31.443554073	31.444554073	2503.900	5952.800	5062.500	5250.000
84	Spectrogram 1	1	31.444554073	31.445554073	2503.900	5952.800	5062.500	5250.000
85	Spectrogram 1	1	31.445554073	31.446554073	2503.900	5952.800	5062.500	5250.000
86	Spectrogram 1	1	31.446554073	31.447554073	2503.900	5952.800	4875.000	4875.000
87	Spectrogram 1	1	31.447554073	31.448554073	2503.900	5952.800	4875.000	4875.000
88	Spectrogram 1	1	31.448554073	31.449554073	2503.900	5952.800	4875.000	4875.000
89	Spectrogram 1	1	31.449554073	31.450554073	2503.900	5952.800	4500.000	4312.500
90	Spectrogram 1	1	31.450554073	31.451554073	2503.900	5952.800	4500.000	4312.500
91	Spectrogram 1	1	31.451554073	31.452554073	2503.900	5952.800	5062.500	5625.000
92	Spectrogram 1	1	31.452554073	31.453554073	2503.900	5952.800	5062.500	5625.000
93	Spectrogram 1	1	31.453554073	31.454554073	2503.900	5952.800	5062.500	5625.000
94	Spectrogram 1	1	31.454554073	31.455554073	2503.900	5952.800	4687.500	4500.000
95	Spectrogram 1	1	31.455554073	31.456554073	2503.900	5952.800	4687.500	4500.000
96	Spectrogram 1	1	31.456554073	31.457554073	2503.900	5952.800	4687.500	4500.000
97	Spectrogram 1	1	31.457554073	31.458554073	2503.900	5952.800	4500.000	4500.000
98	Spectrogram 1	1	31.458554073	31.459554073	2503.900	5952.800	4500.000	4500.000
99	Spectrogram 1	1	31.459554073	31.460554073	2503.900	5952.800	4687.500	4687.500
100	Spectrogram 1	1	31.460554073	31.461554073	2503.900	5952.800	4687.500	4687.500
101	Spectrogram 1	1	31.461554073	31.462554073	2503.900	5952.800	4687.500	4687.500
102	Spectrogram 1	1	31.462554073	31.463554073	2503.900	5952.800	4875.000	4875.000
103	Spectrogram 1	1	31.463554073	31.464554073	2503.900	5952.800	4875.000	4875.000
104	Spectrogram 1	1	31.464554073	31.465554073	2503.900	5952.800	4875.000	4875.000
105	Spectrogram 1	1	31.465554073	31.466554073	2503.900	5952.800	4875.000	4875.000
106	Spectrogram 1	1	31.466554073	31.467554073	2503.900	5952.800	4875.000	4875.000
107	Spectrogram 1	1	31.467554073	31.468554073	2503.900	5952.800	4687.500	5250.000
108	Spectrogram 1	1	31.468554073	31.469554073	2503.900	5952.800	4687.500	5250.000
109	Spectrogram 1	1	31.469554073	31.470554073	2503.900	5952.800	4687.500	5250.000
110	Spectrogram 1	1	31.470554073	31.471554073	2503.900	5952.800	4312.500	4875.000
111	Spectrogram 1	1	31.471554073	31.472554073	2503.900	5952.800	4312.500	4875.000
112	Spectrogram 1	1	31.472554073	31.473554073	2503.900	5952.800	4312.500	4875.000
113	Spectrogram 1	1	31.473554073	31.474554073	2503.900	5952.800	4125.000	3562.500
114	Spectrogram 1	1	31.474554073	31.475554073	2503.900	5952.800	4125.000	3562.500
115	Spectrogram 1	1	31.475554073	31.476554073	2503.900	5952.800	3562.500	3562.500
116	Spectrogram 1	1	31.476554073	31.477554073	2503.900	5952.800	3562.500	3562.500
117	Spectrogram 1	1	31.477554073	31.478554073	2503.900	5952.800	3562.500	3562.500
118	Spectrogram 1	1	31.478554073	31.479554073	2503.900	5952.800	4125.000	3562.500
119	Spectrogram 1	1	31.479554073	31.480554073	2503.900	5952.800	4125.000	3562.500
120	Spectrogram 1	1	31.480554073	31.481554073	2503.900	5952.800	4125.000	3562.500
121	Spectrogram 1	1	31.481554073	31.482554073	2503.900	5952.800	4687.500	3750.000
122	Spectrogram 1	1	31.482554073	31.483554073	2503.900	5952.800	4687.500	3750.000
123	Spectrogram 1	1	31.483554073	31.484554073	2503.900	5952.800	4125.000	3750.000
124	Spectrogram 1	1	31.484554073	31.485554073	2503.900	5952.800	4125.000	3750.000
125	Spectrogram 1	1	31.485554073	31.486554073	2503.900	5952.800	4125.000	3750.000
126	Spectrogram 1	1	31.486554073	31.487554073	2503.900	5952.800	4500.000	3750.000
127	Spectrogram 1	1	31.487554073	31.488554073	2503.900	5952.800	4500.000	3750.000
128	Spectrogram 1	1	31.488554073	31.489554073	2503.900	5952.800	4500.000	3750.000
129	Spectrogram 1	1	31.489554073	31.490554073	2503.900	5952.800	3937.500	3750.000
130	Spectrogram 1	1	31.490554073	31.491554073	2503.900	5952.800	3937.500	3750.000
131	Spectrogram 1	1	31.491554073	31.492554073	2503.900	5952.800	4312.500	3750.000
132	Spectrogram 1	1	31.492554073	31.493554073	2503.900	5952.800	4312.500	3750.000
133	Spectrogram 1	1	31.493554073	31.494554073	2503.900	5952.800	4312.500	3750.000
134	Spectrogram 1	1	31.494554073	31.495554073	2503.900	5952.800	3750.000	3750.000
135	Spectrogram 1	1	31.495554073	31.496554073	2503.900	5952.800	3750.000	3750.000
136	Spectrogram 1	1	31.496554073	31.497554073	2503.900	5952.800	3750.000	3750.000
137	Spectrogram 1	1	31.497554073	31.498554073	2503.900	5952.800	3750.000	3750.000
138	Spectrogram 1	1	31.498554073	31.499554073	2503.900	5952.800	3750.000	3750.000
139	Spectrogram 1	1	31.499554073	31.500554073	2503.900	5952.800	3937.500	3750.000
140	Spectrogram 1	1	31.500554073	31.501554073	2503.900	5952.800	3937.500	3750.000
141	Spectrogram 1	1	31.501554073	31.502554073	2503.900	5952.800	3937.500	3750.000
142	Spectrogram 1	1	31.502554073	31.503554073	2503.900	5952.800	4125.000	3750.000
143	Spectrogram 1	1	31.503554073	31.504554073	2503.900	5952.800	4125.000	3750.000
144	Spectrogram 1	1	31.504554073	31.505554073	2503.900	5952.800	4125.000	3750.000
145	Spectrogram 1	1	31.505554073	31.506554073	2503.900	5952.800	4312.500	3937.500
146	Spectrogram 1	1	31.506554073	31.507554073	2503.900	5952.800	4312.500	3937.500
147	Spectrogram 1	1	31.507554073	31.508554073	2503.900	5952.800	4687.500	4500.000
148	Spectrogram 1	1	31.508554073	31.509554073	2503.900	5952.800	4687.500	4500.000
149	Spectrogram 1	1	31.509554073	31.510554073	2503.900	5952.800	4687.500	4500.000
150	Spectrogram 1	1	31.510554073	31.511554073	2503.900	5952.800	4125.000	3750.000
151	Spectrogram 1	1	31.511554073	31.512554073	2503.900	5952.800	4125.000	3750.000
152	Spectrogram 1	1	31.512554073	31.513554073	2503.900	5952.800	4125.000	3750.000
153	Spectrogram 1	1	31.513554073	31.514554073	2503.900	5952.800	4875.000	5250.000
154	Spectrogram 1	1	31.514554073	31.515554073	2503.900	5952.800	4875.000	5250.000
155	Spectrogram 1	1	31.515554073	31.516554073	2503.900	5952.800	4312.500	4312.500
156	Spectrogram 1	1	31.516554073	31.517554073	2503.900	5952.800	4312.500	4312.500
157	Spectrogram 1	1	31.517554073	31.518554073	2503.900	5952.800	4312.500	4312.500
158	Spectrogram 1	1	31.518554073	31.519554073	2503.900	5952.800	4687.500	4687.500
159	Spectrogram 1	1	31.519554073	31.520554073	2503.900	5952.800	4687.500	4687.500
160	Spectrogram 1	1	31.520554073	31.521554073	2503.900	5952.800	4687.500	4687.500
161	Spectrogram 1	1	31.521554073	31.522554073	2503.900	5952.800	4500.000	4312.500
162	Spectrogram 1	1	31.522554073	31.523554073	2503.900	5952.800	4500.000	4312.500
163	Spectrogram 1	1	31.523554073	31.524554073	2503.900	5952.800	4125.000	3750.000
164	Spectrogram 1	1	31.524554073	31.525554073	2503.900	5952.800	4125.000	3750.000
165	Spectrogram 1	1	31.525554073	31.526554073	2503.900	5952.800	4125.000	3750.000
166	Spectrogram 1	1	31.526554073	31.527554073	2503.900	5952.800	5062.500	5625.000
167	Spectrogram 1	1	31.527554073	31.528554073	2503.900	5952.800	5062.500	5625.000
168	Spectrogram 1	1	31.528554073	31.529554073	2503.900	5952.800	5062.500	5625.000
169	Spectrogram 1	1	31.529554073	31.530554073	2503.900	5952.800	3562.500	3562.500
170	Spectrogram 1	1	31.530554073	31.531554073	2503.900	5952.800	3562.500	3562.500
171	Spectrogram 1	1	31.531554073	31.532554073	2503.900	5952.800	3750.000	3750.000
172	Spectrogram 1	1	31.532554073	31.533554073	2503.900	5952.800	3750.000	3750.000
173	Spectrogram 1	1	31.533554073	31.534554073	2503.900	5952.800	3750.000	3750.000
174	Spectrogram 1	1	31.534554073	31.535554073	2503.900	5952.800	3937.500	3937.500
175	Spectrogram 1	1	31.535554073	31.536554073	2503.900	5952.800	3937.500	3937.500
176	Spectrogram 1	1	31.536554073	31.537554073	2503.900	5952.800	3937.500	3937.500
177	Spectrogram 1	1	31.537554073	31.538554073	2503.900	5952.800	4125.000	4125.000
178	Spectrogram 1	1	31.538554073	31.539554073	2503.900	5952.800	4125.000	4125.000
179	Spectrogram 1	1	31.539554073	31.540554073	2503.900	5952.800	4312.500	4312.500
180	Spectrogram 1	1	31.540554073	31.541554073	2503.900	5952.800	4312.500	4312.500
181	Spectrogram 1	1	31.541554073	31.542554073	2503.900	5952.800	4312.500	4312.500
182	Spectrogram 1	1	31.542554073	31.543554073	2503.900	5952.800	4312.500	4312.500
183	Spectrogram 1	1	31.543554073	31.544554073	2503.900	5952.800	4312.500	4312.500
184	Spectrogram 1	1	31.544554073	31.545554073	2503.900	5952.800	4312.500	4312.500
185	Spectrogram 1	1	31.545554073	31.546554073	2503.900	5952.800	4125.000	4125.000
186	Spectrogram 1	1	31.546554073	31.547554073	2503.900	5952.800	4125.000	4125.000
187	Spectrogram 1	1	31.547554073	31.548554073	2503.900	5952.800	4125.000	4125.000
188	Spectrogram 1	1	31.548554073	31.549554073	2503.900	5952.800	4125.000	4125.000
189	Spectrogram 1	1	31.549554073	31.550554073	2503.900	5952.800	4125.000	4125.000
190	Spectrogram 1	1	31.550554073	31.551554073	2503.900	5952.800	3937.500	3937.500
191	Spectrogram 1	1	31.551554073	31.552554073	2503.900	5952.800	3937.500	3937.500
192	Spectrogram 1	1	31.552554073	31.553554073	2503.900	5952.800	3937.500	3937.500
193	Spectrogram 1	1	31.553554073	31.554554073	2503.900	5952.800	4125.000	4125.000
194	Spectrogram 1	1	31.554554073	31.555554073	2503.900	5952.800	4125.000	4125.000
195	Spectrogram 1	1	31.555554073	31.556554073	2503.900	5952.800	3750.000	3750.000
196	Spectrogram 1	1	31.556554073	31.557554073	2503.900	5952.800	3750.000	3750.000
197	Spectrogram 1	1	31.557554073	31.558554073	2503.900	5952.800	3750.000	3750.000
198	Spectrogram 1	1	31.558554073	31.559554073	2503.900	5952.800	3937.500	3937.500
199	Spectrogram 1	1	31.559554073	31.560554073	2503.900	5952.800	3937.500	3937.500
200	Spectrogram 1	1	31.560554073	31.561554073	2503.900	5952.800	3937.500	3937.500
201	Spectrogram 1	1	31.561554073	31.562554073	2503.900	5952.800	4125.000	3937.500
202	Spectrogram 1	1	31.562554073	31.563554073	2503.900	5952.800	4125.000	3937.500
203	Spectrogram 1	1	31.563554073	31.564246791	2503.900	5952.800	4125.000	3937.500
