Selection	View	Channel	Begin Time (s)	End Time (s)	Low Freq (Hz)	High Freq (Hz)	Center Freq (Hz)	Peak Freq (Hz)
1	Spectrogram 1	1	37.082592419	37.083592419	2484.600	5481.500	3187.500	3187.500
2	Spectrogram 1	1	37.083592419	37.084592419	2484.600	5481.500	3000.000	3000.000
3	Spectrogram 1	1	37.084592419	37.085592419	2484.600	5481.500	3000.000	3000.000
4	Spectrogram 1	1	37.085592419	37.086592419	2484.600	5481.500	3000.000	3000.000
5	Spectrogram 1	1	37.086592419	37.087592419	2484.600	5481.500	3187.500	3187.500
6	Spectrogram 1	1	37.087592419	37.088592419	2484.600	5481.500	3187.500	3187.500
7	Spectrogram 1	1	37.088592419	37.089592419	2484.600	5481.500	3187.500	3187.500
8	Spectrogram 1	1	37.089592419	37.090592419	2484.600	5481.500	3375.000	3187.500
9	Spectrogram 1	1	37.090592419	37.091592419	2484.600	5481.500	3375.000	3187.500
10	Spectrogram 1	1	37.091592419	37.092592419	2484.600	5481.500	3375.000	3375.000
11	Spectrogram 1	1	37.092592419	37.093592419	2484.600	5481.500	3375.000	3375.000
12	Spectrogram 1	1	37.093592419	37.094592419	2484.600	5481.500	3375.000	3375.000
13	Spectrogram 1	1	37.094592419	37.095592419	2484.600	5481.500	3187.500	3187.500
14	Spectrogram 1	1	37.095592419	37.096592419	2484.600	5481.500	3187.500	3187.500
15	Spectrogram 1	1	37.096592419	37.097592419	2484.600	5481.500	3187.500	3187.500
16	Spectrogram 1	1	37.097592419	37.098592419	2484.600	5481.500	3375.000	3375.000
17	Spectrogram 1	1	37.098592419	37.099592419	2484.600	5481.500	3375.000	3375.000
18	Spectrogram 1	1	37.099592419	37.100592419	2484.600	5481.500	3562.500	3562.500
19	Spectrogram 1	1	37.100592419	37.101592419	2484.600	5481.500	3562.500	3562.500
20	Spectrogram 1	1	37.101592419	37.102592419	2484.600	5481.500	3562.500	3562.500
21	Spectrogram 1	1	37.102592419	37.103592419	2484.600	5481.500	3562.500	3562.500
22	Spectrogram 1	1	37.103592419	37.104592419	2484.600	5481.500	3562.500	3562.500
23	Spectrogram 1	1	37.104592419	37.105592419	2484.600	5481.500	3562.500	3562.500
24	Spectrogram 1	1	37.105592419	37.106592419	2484.600	5481.500	3750.000	3750.000
25	Spectrogram 1	1	37.106592419	37.107592419	2484.600	5481.500	3750.000	3750.000
26	Spectrogram 1	1	37.107592419	37.108592419	2484.600	5481.500	3750.000	3750.000
27	Spectrogram 1	1	37.108592419	37.109592419	2484.600	5481.500	3750.000	3750.000
28	Spectrogram 1	1	37.109592419	37.110592419	2484.600	5481.500	3750.000	3750.000
29	Spectrogram 1	1	37.110592419	37.111592419	2484.600	5481.500	3750.000	3750.000
30	Spectrogram 1	1	37.111592419	37.112592419	2484.600	5481.500	3750.000	3750.000
31	Spectrogram 1	1	37.112592419	37.113592419	2484.600	5481.500	3750.000	3750.000
32	Spectrogram 1	1	37.113592419	37.114592419	2484.600	5481.500	3937.500	3937.500
33	Spectrogram 1	1	37.114592419	37.115592419	2484.600	5481.500	3937.500	3937.500
34	Spectrogram 1	1	37.115592419	37.116592419	2484.600	5481.500	3937.500	3937.500
35	Spectrogram 1	1	37.116592419	37.117592419	2484.600	5481.500	3937.500	3937.500
36	Spectrogram 1	1	37.117592419	37.118592419	2484.600	5481.500	3937.500	3937.500
37	Spectrogram 1	1	37.118592419	37.119592419	2484.600	5481.500	3937.500	3937.500
38	Spectrogram 1	1	37.119592419	37.120592419	2484.600	5481.500	3937.500	3937.500
39	Spectrogram 1	1	37.120592419	37.121592419	2484.600	5481.500	3937.500	3937.500
40	Spectrogram 1	1	37.121592419	37.122592419	2484.600	5481.500	3937.500	3937.500
41	Spectrogram 1	1	37.122592419	37.123592419	2484.600	5481.500	3937.500	3937.500
42	Spectrogram 1	1	37.123592419	37.124592419	2484.600	5481.500	4125.000	4125.000
43	Spectrogram 1	1	37.124592419	37.125592419	2484.600	5481.500	4125.000	4125.000
44	Spectrogram 1	1	37.125592419	37.126592419	2484.600	5481.500	4125.000	4125.000
45	Spectrogram 1	1	37.126592419	37.127592419	2484.600	5481.500	4125.000	4125.000
46	Spectrogram 1	1	37.127592419	37.128592419	2484.600	5481.500	4125.000	4125.000
47	Spectrogram 1	1	37.128592419	37.129592419	2484.600	5481.500	4125.000	4125.000
48	Spectrogram 1	1	37.129592419	37.130592419	2484.600	5481.500	4125.000	4125.000
49	Spectrogram 1	1	37.130592419	37.131592419	2484.600	5481.500	4125.000	4125.000
50	Spectrogram 1	1	37.131592419	37.132592419	2484.600	5481.500	4125.000	4125.000
51	Spectrogram 1	1	37.132592419	37.133592419	2484.600	5481.500	4125.000	4125.000
52	Spectrogram 1	1	37.133592419	37.134592419	2484.600	5481.500	4125.000	4125.000
53	Spectrogram 1	1	37.134592419	37.135592419	2484.600	5481.500	4125.000	4125.000
54	Spectrogram 1	1	37.135592419	37.136592419	2484.600	5481.500	4125.000	4125.000
55	Spectrogram 1	1	37.136592419	37.137592419	2484.600	5481.500	4125.000	4125.000
56	Spectrogram 1	1	37.137592419	37.138592419	2484.600	5481.500	4125.000	4125.000
57	Spectrogram 1	1	37.138592419	37.139592419	2484.600	5481.500	4125.000	4125.000
58	Spectrogram 1	1	37.139592419	37.140592419	2484.600	5481.500	4125.000	4125.000
59	Spectrogram 1	1	37.140592419	37.141592419	2484.600	5481.500	4125.000	4125.000
60	Spectrogram 1	1	37.141592419	37.142592419	2484.600	5481.500	4125.000	4125.000
61	Spectrogram 1	1	37.142592419	37.143592419	2484.600	5481.500	4125.000	4125.000
62	Spectrogram 1	1	37.143592419	37.144592419	2484.600	5481.500	4125.000	4125.000
63	Spectrogram 1	1	37.144592419	37.145592419	2484.600	5481.500	4125.000	4125.000
64	Spectrogram 1	1	37.145592419	37.146592419	2484.600	5481.500	4312.500	4312.500
65	Spectrogram 1	1	37.146592419	37.147592419	2484.600	5481.500	4312.500	4312.500
66	Spectrogram 1	1	37.147592419	37.148592419	2484.600	5481.500	4312.500	4312.500
67	Spectrogram 1	1	37.148592419	37.149592419	2484.600	5481.500	4312.500	4312.500
68	Spectrogram 1	1	37.149592419	37.150592419	2484.600	5481.500	4312.500	4312.500
69	Spectrogram 1	1	37.150592419	37.151592419	2484.600	5481.500	4312.500	4312.500
70	Spectrogram 1	1	37.151592419	37.152592419	2484.600	5481.500	4312.500	4312.500
71	Spectrogram 1	1	37.152592419	37.153592419	2484.600	5481.500	4312.500	4312.500
72	Spectrogram 1	1	37.153592419	37.154592419	2484.600	5481.500	4312.500	4312.500
73	Spectrogram 1	1	37.154592419	37.155592419	2484.600	5481.500	4312.500	4312.500
74	Spectrogram 1	1	37.155592419	37.156592419	2484.600	5481.500	4312.500	4312.500
75	Spectrogram 1	1	37.156592419	37.157592419	2484.600	5481.500	4312.500	4312.500
76	Spectrogram 1	1	37.157592419	37.158592419	2484.600	5481.500	4312.500	4312.500
77	Spectrogram 1	1	37.158592419	37.159592419	2484.600	5481.500	4500.000	4500.000
78	Spectrogram 1	1	37.159592419	37.160592419	2484.600	5481.500	4500.000	4500.000
79	Spectrogram 1	1	37.160592419	37.161592419	2484.600	5481.500	4500.000	4500.000
80	Spectrogram 1	1	37.161592419	37.162592419	2484.600	5481.500	4500.000	4500.000
81	Spectrogram 1	1	37.162592419	37.163592419	2484.600	5481.500	4500.000	4500.000
82	Spectrogram 1	1	37.163592419	37.164592419	2484.600	5481.500	4500.000	4500.000
83	Spectrogram 1	1	37.164592419	37.165592419	2484.600	5481.500	4500.000	4500.000
84	Spectrogram 1	1	37.165592419	37.166592419	2484.600	5481.500	4500.000	4500.000
85	Spectrogram 1	1	37.166592419	37.167592419	2484.600	5481.500	4500.000	4500.000
86	Spectrogram 1	1	37.167592419	37.168592419	2484.600	5481.500	4500.000	4500.000
87	Spectrogram 1	1	37.168592419	37.169592419	2484.600	5481.500	4500.000	4500.000
88	Spectrogram 1	1	37.169592419	37.170592419	2484.600	5481.500	4687.500	4687.500
89	Spectrogram 1	1	37.170592419	37.171592419	2484.600	5481.500	4687.500	4687.500
90	Spectrogram 1	1	37.171592419	37.172592419	2484.600	5481.500	4687.500	4687.500
91	Spectrogram 1	1	37.172592419	37.173592419	2484.600	5481.500	4687.500	4687.500
92	Spectrogram 1	1	37.173592419	37.174592419	2484.600	5481.500	4687.500	4687.500
93	Spectrogram 1	1	37.174592419	37.175592419	2484.600	5481.500	4687.500	4687.500
94	Spectrogram 1	1	37.175592419	37.176592419	2484.600	5481.500	4687.500	4687.500
95	Spectrogram 1	1	37.176592419	37.177592419	2484.600	5481.500	4687.500	4687.500
96	Spectrogram 1	1	37.177592419	37.178592419	2484.600	5481.500	4875.000	4875.000
97	Spectrogram 1	1	37.178592419	37.179592419	2484.600	5481.500	4875.000	4875.000
98	Spectrogram 1	1	37.179592419	37.180592419	2484.600	5481.500	4875.000	4875.000
99	Spectrogram 1	1	37.180592419	37.181592419	2484.600	5481.500	4875.000	4875.000
100	Spectrogram 1	1	37.181592419	37.182592419	2484.600	5481.500	4875.000	4875.000
101	Spectrogram 1	1	37.182592419	37.183592419	2484.600	5481.500	5062.500	5062.500
102	Spectrogram 1	1	37.183592419	37.184592419	2484.600	5481.500	5062.500	5062.500
103	Spectrogram 1	1	37.184592419	37.185592419	2484.600	5481.500	5062.500	5062.500
104	Spectrogram 1	1	37.185592419	37.186592419	2484.600	5481.500	5062.500	5062.500
105	Spectrogram 1	1	37.186592419	37.187592419	2484.600	5481.500	5062.500	5062.500
106	Spectrogram 1	1	37.187592419	37.188592419	2484.600	5481.500	4875.000	4875.000
107	Spectrogram 1	1	37.188592419	37.189592419	2484.600	5481.500	4875.000	4875.000
108	Spectrogram 1	1	37.189592419	37.190592419	2484.600	5481.500	4875.000	4875.000
109	Spectrogram 1	1	37.190592419	37.191592419	2484.600	5481.500	4500.000	4500.000
110	Spectrogram 1	1	37.191592419	37.192592419	2484.600	5481.500	4500.000	4500.000
111	Spectrogram 1	1	37.192592419	37.193592419	2484.600	5481.500	4500.000	4500.000
112	Spectrogram 1	1	37.193592419	37.194592419	2484.600	5481.500	4125.000	4125.000
113	Spectrogram 1	1	37.194592419	37.195592419	2484.600	5481.500	4125.000	4125.000
114	Spectrogram 1	1	37.195592419	37.196592419	2484.600	5481.500	3937.500	3937.500
115	Spectrogram 1	1	37.196592419	37.197592419	2484.600	5481.500	3937.500	3937.500
116	Spectrogram 1	1	37.197592419	37.198592419	2484.600	5481.500	3937.500	3937.500
117	Spectrogram 1	1	37.198592419	37.199592419	2484.600	5481.500	3750.000	3750.000
118	Spectrogram 1	1	37.199592419	37.200592419	2484.600	5481.500	3750.000	3750.000
119	Spectrogram 1	1	37.200592419	37.201592419	2484.600	5481.500	3750.000	3750.000
120	Spectrogram 1	1	37.201592419	37.202592419	2484.600	5481.500	3562.500	3562.500
121	Spectrogram 1	1	37.202592419	37.203592419	2484.600	5481.500	3562.500	3562.500
122	Spectrogram 1	1	37.203592419	37.204592419	2484.600	5481.500	3562.500	3562.500
123	Spectrogram 1	1	37.204592419	37.205592419	2484.600	5481.500	3562.500	3562.500
124	Spectrogram 1	1	37.205592419	37.206592419	2484.600	5481.500	3562.500	3562.500
125	Spectrogram 1	1	37.206592419	37.207592419	2484.600	5481.500	3562.500	3562.500
126	Spectrogram 1	1	37.207592419	37.208592419	2484.600	5481.500	3562.500	3562.500
127	Spectrogram 1	1	37.208592419	37.209592419	2484.600	5481.500	3562.500	3562.500
128	Spectrogram 1	1	37.209592419	37.210592419	2484.600	5481.500	3375.000	3375.000
129	Spectrogram 1	1	37.210592419	37.211592419	2484.600	5481.500	3375.000	3375.000
130	Spectrogram 1	1	37.211592419	37.212592419	2484.600	5481.500	3375.000	3375.000
131	Spectrogram 1	1	37.212592419	37.213592419	2484.600	5481.500	3375.000	3375.000
132	Spectrogram 1	1	37.213592419	37.214592419	2484.600	5481.500	3375.000	3375.000
133	Spectrogram 1	1	37.214592419	37.215592419	2484.600	5481.500	3375.000	3375.000
134	Spectrogram 1	1	37.215592419	37.216592419	2484.600	5481.500	3375.000	3375.000
135	Spectrogram 1	1	37.216592419	37.217430441	2484.600	5481.500	3375.000	3375.000
