Selection	View	Channel	Begin Time (s)	End Time (s)	Low Freq (Hz)	High Freq (Hz)	Center Freq (Hz)	Peak Freq (Hz)
1	Spectrogram 1	1	59.178189482	59.179187214	2214.700	6910.000	3703.711	2411.719
2	Spectrogram 1	1	59.179187214	59.180184947	2214.700	6910.000	4134.375	3445.312
3	Spectrogram 1	1	59.180184947	59.181182679	2214.700	6910.000	4134.375	3445.312
4	Spectrogram 1	1	59.181182679	59.182180412	2214.700	6910.000	4134.375	3445.312
5	Spectrogram 1	1	59.182180412	59.183178144	2214.700	6910.000	4134.375	3445.312
6	Spectrogram 1	1	59.183178144	59.184175877	2214.700	6910.000	4134.375	3445.312
7	Spectrogram 1	1	59.184175877	59.185173609	2214.700	6910.000	4134.375	3445.312
8	Spectrogram 1	1	59.185173609	59.186171341	2214.700	6910.000	4306.641	4306.641
9	Spectrogram 1	1	59.186171341	59.187169074	2214.700	6910.000	4306.641	4306.641
10	Spectrogram 1	1	59.187169074	59.188166806	2214.700	6910.000	4306.641	4306.641
11	Spectrogram 1	1	59.188166806	59.189164539	2214.700	6910.000	4306.641	4306.641
12	Spectrogram 1	1	59.189164539	59.190162271	2214.700	6910.000	4306.641	4306.641
13	Spectrogram 1	1	59.190162271	59.191160004	2214.700	6910.000	4134.375	4220.508
14	Spectrogram 1	1	59.191160004	59.192157736	2214.700	6910.000	4134.375	4220.508
15	Spectrogram 1	1	59.192157736	59.193155468	2214.700	6910.000	4134.375	4220.508
16	Spectrogram 1	1	59.193155468	59.194153201	2214.700	6910.000	4134.375	4220.508
17	Spectrogram 1	1	59.194153201	59.195150933	2214.700	6910.000	4134.375	4220.508
18	Spectrogram 1	1	59.195150933	59.196148666	2214.700	6910.000	4134.375	4220.508
19	Spectrogram 1	1	59.196148666	59.197146398	2214.700	6910.000	3531.445	3531.445
20	Spectrogram 1	1	59.197146398	59.198144131	2214.700	6910.000	3531.445	3531.445
21	Spectrogram 1	1	59.198144131	59.199141863	2214.700	6910.000	3531.445	3531.445
22	Spectrogram 1	1	59.199141863	59.200139595	2214.700	6910.000	3531.445	3531.445
23	Spectrogram 1	1	59.200139595	59.201137328	2214.700	6910.000	3531.445	3531.445
24	Spectrogram 1	1	59.201137328	59.202135060	2214.700	6910.000	3531.445	3531.445
25	Spectrogram 1	1	59.202135060	59.203132793	2214.700	6910.000	3445.312	3100.781
26	Spectrogram 1	1	59.203132793	59.204130525	2214.700	6910.000	3445.312	3100.781
27	Spectrogram 1	1	59.204130525	59.205128258	2214.700	6910.000	3445.312	3100.781
28	Spectrogram 1	1	59.205128258	59.206125990	2214.700	6910.000	3445.312	3100.781
29	Spectrogram 1	1	59.206125990	59.207123722	2214.700	6910.000	3445.312	3100.781
30	Spectrogram 1	1	59.207123722	59.208121455	2214.700	6910.000	3445.312	3100.781
31	Spectrogram 1	1	59.208121455	59.209119187	2214.700	6910.000	3100.781	3100.781
32	Spectrogram 1	1	59.209119187	59.210116920	2214.700	6910.000	3100.781	3100.781
33	Spectrogram 1	1	59.210116920	59.211114652	2214.700	6910.000	3100.781	3100.781
34	Spectrogram 1	1	59.211114652	59.212112384	2214.700	6910.000	3100.781	3100.781
35	Spectrogram 1	1	59.212112384	59.213110117	2214.700	6910.000	3100.781	3100.781
36	Spectrogram 1	1	59.213110117	59.214107849	2214.700	6910.000	3100.781	3100.781
37	Spectrogram 1	1	59.214107849	59.215105582	2214.700	6910.000	3186.914	3100.781
38	Spectrogram 1	1	59.215105582	59.216103314	2214.700	6910.000	3186.914	3100.781
39	Spectrogram 1	1	59.216103314	59.217101047	2214.700	6910.000	3186.914	3100.781
40	Spectrogram 1	1	59.217101047	59.218098779	2214.700	6910.000	3186.914	3100.781
41	Spectrogram 1	1	59.218098779	59.219096511	2214.700	6910.000	3186.914	3100.781
42	Spectrogram 1	1	59.219096511	59.220094244	2214.700	6910.000	3100.781	3100.781
43	Spectrogram 1	1	59.220094244	59.221091976	2214.700	6910.000	3100.781	3100.781
44	Spectrogram 1	1	59.221091976	59.222089709	2214.700	6910.000	3100.781	3100.781
45	Spectrogram 1	1	59.222089709	59.223087441	2214.700	6910.000	3100.781	3100.781
46	Spectrogram 1	1	59.223087441	59.224085174	2214.700	6910.000	3100.781	3100.781
47	Spectrogram 1	1	59.224085174	59.225082906	2214.700	6910.000	3100.781	3100.781
48	Spectrogram 1	1	59.225082906	59.226080638	2214.700	6910.000	3014.648	3014.648
49	Spectrogram 1	1	59.226080638	59.227078371	2214.700	6910.000	3014.648	3014.648
50	Spectrogram 1	1	59.227078371	59.228076103	2214.700	6910.000	3014.648	3014.648
51	Spectrogram 1	1	59.228076103	59.229073836	2214.700	6910.000	3014.648	3014.648
52	Spectrogram 1	1	59.229073836	59.230071568	2214.700	6910.000	3014.648	3014.648
53	Spectrogram 1	1	59.230071568	59.231069301	2214.700	6910.000	3014.648	3014.648
54	Spectrogram 1	1	59.231069301	59.232067033	2214.700	6910.000	5770.898	5943.164
55	Spectrogram 1	1	59.232067033	59.233064765	2214.700	6910.000	5770.898	5943.164
56	Spectrogram 1	1	59.233064765	59.234062498	2214.700	6910.000	5770.898	5943.164
57	Spectrogram 1	1	59.234062498	59.235060230	2214.700	6910.000	5770.898	5943.164
58	Spectrogram 1	1	59.235060230	59.236057963	2214.700	6910.000	5770.898	5943.164
59	Spectrogram 1	1	59.236057963	59.237055695	2214.700	6910.000	5770.898	5943.164
60	Spectrogram 1	1	59.237055695	59.238053428	2214.700	6910.000	5512.500	5512.500
61	Spectrogram 1	1	59.238053428	59.239051160	2214.700	6910.000	5512.500	5512.500
62	Spectrogram 1	1	59.239051160	59.240048892	2214.700	6910.000	5512.500	5512.500
63	Spectrogram 1	1	59.240048892	59.241046625	2214.700	6910.000	5512.500	5512.500
64	Spectrogram 1	1	59.241046625	59.242044357	2214.700	6910.000	5512.500	5512.500
65	Spectrogram 1	1	59.242044357	59.243042090	2214.700	6910.000	5512.500	5512.500
66	Spectrogram 1	1	59.243042090	59.244039822	2214.700	6910.000	5426.367	5684.766
67	Spectrogram 1	1	59.244039822	59.245037555	2214.700	6910.000	5426.367	5684.766
68	Spectrogram 1	1	59.245037555	59.246035287	2214.700	6910.000	5426.367	5684.766
69	Spectrogram 1	1	59.246035287	59.247033019	2214.700	6910.000	5426.367	5684.766
70	Spectrogram 1	1	59.247033019	59.248030752	2214.700	6910.000	5426.367	5684.766
71	Spectrogram 1	1	59.248030752	59.249028484	2214.700	6910.000	5426.367	5684.766
72	Spectrogram 1	1	59.249028484	59.250026217	2214.700	6910.000	3445.312	3014.648
73	Spectrogram 1	1	59.250026217	59.251023949	2214.700	6910.000	3445.312	3014.648
74	Spectrogram 1	1	59.251023949	59.252021682	2214.700	6910.000	3445.312	3014.648
75	Spectrogram 1	1	59.252021682	59.253019414	2214.700	6910.000	3445.312	3014.648
76	Spectrogram 1	1	59.253019414	59.254017146	2214.700	6910.000	3445.312	3014.648
77	Spectrogram 1	1	59.254017146	59.255014879	2214.700	6910.000	3186.914	3100.781
78	Spectrogram 1	1	59.255014879	59.256012611	2214.700	6910.000	3186.914	3100.781
79	Spectrogram 1	1	59.256012611	59.257010344	2214.700	6910.000	3186.914	3100.781
80	Spectrogram 1	1	59.257010344	59.258008076	2214.700	6910.000	3186.914	3100.781
81	Spectrogram 1	1	59.258008076	59.259005809	2214.700	6910.000	3186.914	3100.781
82	Spectrogram 1	1	59.259005809	59.260003541	2214.700	6910.000	3186.914	3100.781
83	Spectrogram 1	1	59.260003541	59.261001273	2214.700	6910.000	3273.047	3273.047
84	Spectrogram 1	1	59.261001273	59.261999006	2214.700	6910.000	3273.047	3273.047
85	Spectrogram 1	1	59.261999006	59.262996738	2214.700	6910.000	3273.047	3273.047
86	Spectrogram 1	1	59.262996738	59.263994471	2214.700	6910.000	3273.047	3273.047
87	Spectrogram 1	1	59.263994471	59.264992203	2214.700	6910.000	3273.047	3273.047
88	Spectrogram 1	1	59.264992203	59.265989936	2214.700	6910.000	3273.047	3273.047
89	Spectrogram 1	1	59.265989936	59.266987668	2214.700	6910.000	3273.047	3273.047
90	Spectrogram 1	1	59.266987668	59.267985400	2214.700	6910.000	3273.047	3273.047
91	Spectrogram 1	1	59.267985400	59.268983133	2214.700	6910.000	3273.047	3273.047
92	Spectrogram 1	1	59.268983133	59.269980865	2214.700	6910.000	3273.047	3273.047
93	Spectrogram 1	1	59.269980865	59.270978598	2214.700	6910.000	3273.047	3273.047
94	Spectrogram 1	1	59.270978598	59.271976330	2214.700	6910.000	3273.047	3273.047
95	Spectrogram 1	1	59.271976330	59.272974062	2214.700	6910.000	3445.312	3445.312
96	Spectrogram 1	1	59.272974062	59.273971795	2214.700	6910.000	3445.312	3445.312
97	Spectrogram 1	1	59.273971795	59.274969527	2214.700	6910.000	3445.312	3445.312
98	Spectrogram 1	1	59.274969527	59.275967260	2214.700	6910.000	3445.312	3445.312
99	Spectrogram 1	1	59.275967260	59.276964992	2214.700	6910.000	3445.312	3445.312
100	Spectrogram 1	1	59.276964992	59.277962725	2214.700	6910.000	3445.312	3445.312
101	Spectrogram 1	1	59.277962725	59.278960457	2214.700	6910.000	3531.445	3531.445
102	Spectrogram 1	1	59.278960457	59.279958189	2214.700	6910.000	3531.445	3531.445
103	Spectrogram 1	1	59.279958189	59.280955922	2214.700	6910.000	3531.445	3531.445
104	Spectrogram 1	1	59.280955922	59.281953654	2214.700	6910.000	3531.445	3531.445
105	Spectrogram 1	1	59.281953654	59.282951387	2214.700	6910.000	3531.445	3531.445
106	Spectrogram 1	1	59.282951387	59.283949119	2214.700	6910.000	3789.844	3789.844
107	Spectrogram 1	1	59.283949119	59.284946852	2214.700	6910.000	3789.844	3789.844
108	Spectrogram 1	1	59.284946852	59.285944584	2214.700	6910.000	3789.844	3789.844
109	Spectrogram 1	1	59.285944584	59.286942316	2214.700	6910.000	3789.844	3789.844
110	Spectrogram 1	1	59.286942316	59.287940049	2214.700	6910.000	3789.844	3789.844
111	Spectrogram 1	1	59.287940049	59.288937781	2214.700	6910.000	3789.844	3789.844
112	Spectrogram 1	1	59.288937781	59.289935514	2214.700	6910.000	3962.109	3962.109
113	Spectrogram 1	1	59.289935514	59.290933246	2214.700	6910.000	3962.109	3962.109
114	Spectrogram 1	1	59.290933246	59.291930979	2214.700	6910.000	3962.109	3962.109
115	Spectrogram 1	1	59.291930979	59.292928711	2214.700	6910.000	3962.109	3962.109
116	Spectrogram 1	1	59.292928711	59.293926443	2214.700	6910.000	3962.109	3962.109
117	Spectrogram 1	1	59.293926443	59.294924176	2214.700	6910.000	3962.109	3962.109
118	Spectrogram 1	1	59.294924176	59.295921908	2214.700	6910.000	4134.375	4134.375
119	Spectrogram 1	1	59.295921908	59.296919641	2214.700	6910.000	4134.375	4134.375
120	Spectrogram 1	1	59.296919641	59.297917373	2214.700	6910.000	4134.375	4134.375
121	Spectrogram 1	1	59.297917373	59.298915106	2214.700	6910.000	4134.375	4134.375
122	Spectrogram 1	1	59.298915106	59.299912838	2214.700	6910.000	4134.375	4134.375
123	Spectrogram 1	1	59.299912838	59.300910570	2214.700	6910.000	4134.375	4134.375
124	Spectrogram 1	1	59.300910570	59.301908303	2214.700	6910.000	4220.508	4220.508
125	Spectrogram 1	1	59.301908303	59.302906035	2214.700	6910.000	4220.508	4220.508
126	Spectrogram 1	1	59.302906035	59.303903768	2214.700	6910.000	4220.508	4220.508
127	Spectrogram 1	1	59.303903768	59.304901500	2214.700	6910.000	4220.508	4220.508
128	Spectrogram 1	1	59.304901500	59.305899233	2214.700	6910.000	4220.508	4220.508
129	Spectrogram 1	1	59.305899233	59.306896965	2214.700	6910.000	4220.508	4220.508
130	Spectrogram 1	1	59.306896965	59.307894697	2214.700	6910.000	4392.773	4306.641
131	Spectrogram 1	1	59.307894697	59.308892430	2214.700	6910.000	4392.773	4306.641
132	Spectrogram 1	1	59.308892430	59.309890162	2214.700	6910.000	4392.773	4306.641
133	Spectrogram 1	1	59.309890162	59.310887895	2214.700	6910.000	4392.773	4306.641
134	Spectrogram 1	1	59.310887895	59.311885627	2214.700	6910.000	4392.773	4306.641
135	Spectrogram 1	1	59.311885627	59.312883360	2214.700	6910.000	4392.773	4306.641
136	Spectrogram 1	1	59.312883360	59.313881092	2214.700	6910.000	4478.906	4478.906
137	Spectrogram 1	1	59.313881092	59.314878824	2214.700	6910.000	4478.906	4478.906
138	Spectrogram 1	1	59.314878824	59.315876557	2214.700	6910.000	4478.906	4478.906
139	Spectrogram 1	1	59.315876557	59.316874289	2214.700	6910.000	4478.906	4478.906
140	Spectrogram 1	1	59.316874289	59.317872022	2214.700	6910.000	4478.906	4478.906
141	Spectrogram 1	1	59.317872022	59.318869754	2214.700	6910.000	4478.906	4478.906
142	Spectrogram 1	1	59.318869754	59.319867487	2214.700	6910.000	4478.906	4478.906
143	Spectrogram 1	1	59.319867487	59.320865219	2214.700	6910.000	4478.906	4478.906
144	Spectrogram 1	1	59.320865219	59.321862951	2214.700	6910.000	4478.906	4478.906
145	Spectrogram 1	1	59.321862951	59.322860684	2214.700	6910.000	4478.906	4478.906
146	Spectrogram 1	1	59.322860684	59.323858416	2214.700	6910.000	4478.906	4478.906
147	Spectrogram 1	1	59.323858416	59.324856149	2214.700	6910.000	4651.172	4651.172
148	Spectrogram 1	1	59.324856149	59.325853881	2214.700	6910.000	4651.172	4651.172
149	Spectrogram 1	1	59.325853881	59.326851614	2214.700	6910.000	4651.172	4651.172
150	Spectrogram 1	1	59.326851614	59.327849346	2214.700	6910.000	4651.172	4651.172
151	Spectrogram 1	1	59.327849346	59.328847078	2214.700	6910.000	4651.172	4651.172
152	Spectrogram 1	1	59.328847078	59.329844811	2214.700	6910.000	4651.172	4651.172
153	Spectrogram 1	1	59.329844811	59.330842543	2214.700	6910.000	4823.438	4823.438
154	Spectrogram 1	1	59.330842543	59.331840276	2214.700	6910.000	4823.438	4823.438
155	Spectrogram 1	1	59.331840276	59.332838008	2214.700	6910.000	4823.438	4823.438
156	Spectrogram 1	1	59.332838008	59.333835741	2214.700	6910.000	4823.438	4823.438
157	Spectrogram 1	1	59.333835741	59.334833473	2214.700	6910.000	4823.438	4823.438
158	Spectrogram 1	1	59.334833473	59.335831205	2214.700	6910.000	4823.438	4823.438
159	Spectrogram 1	1	59.335831205	59.336828938	2214.700	6910.000	4909.570	4909.570
160	Spectrogram 1	1	59.336828938	59.337826670	2214.700	6910.000	4909.570	4909.570
161	Spectrogram 1	1	59.337826670	59.338824403	2214.700	6910.000	4909.570	4909.570
162	Spectrogram 1	1	59.338824403	59.339822135	2214.700	6910.000	4909.570	4909.570
163	Spectrogram 1	1	59.339822135	59.340819867	2214.700	6910.000	4909.570	4909.570
164	Spectrogram 1	1	59.340819867	59.341817600	2214.700	6910.000	4909.570	4909.570
165	Spectrogram 1	1	59.341817600	59.342815332	2214.700	6910.000	4737.305	4823.438
166	Spectrogram 1	1	59.342815332	59.343813065	2214.700	6910.000	4737.305	4823.438
167	Spectrogram 1	1	59.343813065	59.344810797	2214.700	6910.000	4737.305	4823.438
168	Spectrogram 1	1	59.344810797	59.345808530	2214.700	6910.000	4737.305	4823.438
169	Spectrogram 1	1	59.345808530	59.346806262	2214.700	6910.000	4737.305	4823.438
170	Spectrogram 1	1	59.346806262	59.347803994	2214.700	6910.000	4565.039	4478.906
171	Spectrogram 1	1	59.347803994	59.348801727	2214.700	6910.000	4565.039	4478.906
172	Spectrogram 1	1	59.348801727	59.349799459	2214.700	6910.000	4565.039	4478.906
173	Spectrogram 1	1	59.349799459	59.350797192	2214.700	6910.000	4565.039	4478.906
174	Spectrogram 1	1	59.350797192	59.351794924	2214.700	6910.000	4565.039	4478.906
175	Spectrogram 1	1	59.351794924	59.352792657	2214.700	6910.000	4565.039	4478.906
176	Spectrogram 1	1	59.352792657	59.353790389	2214.700	6910.000	4737.305	4823.438
177	Spectrogram 1	1	59.353790389	59.354788121	2214.700	6910.000	4737.305	4823.438
178	Spectrogram 1	1	59.354788121	59.355785854	2214.700	6910.000	4737.305	4823.438
179	Spectrogram 1	1	59.355785854	59.356783586	2214.700	6910.000	4737.305	4823.438
180	Spectrogram 1	1	59.356783586	59.357781319	2214.700	6910.000	4737.305	4823.438
181	Spectrogram 1	1	59.357781319	59.358779051	2214.700	6910.000	4737.305	4823.438
182	Spectrogram 1	1	59.358779051	59.359776784	2214.700	6910.000	5340.234	4823.438
183	Spectrogram 1	1	59.359776784	59.360774516	2214.700	6910.000	5340.234	4823.438
184	Spectrogram 1	1	59.360774516	59.361772248	2214.700	6910.000	5340.234	4823.438
185	Spectrogram 1	1	59.361772248	59.362769981	2214.700	6910.000	5340.234	4823.438
186	Spectrogram 1	1	59.362769981	59.363767713	2214.700	6910.000	5340.234	4823.438
187	Spectrogram 1	1	59.363767713	59.364765446	2214.700	6910.000	5340.234	4823.438
188	Spectrogram 1	1	59.364765446	59.365763178	2214.700	6910.000	6632.227	6718.359
189	Spectrogram 1	1	59.365763178	59.366760911	2214.700	6910.000	6632.227	6718.359
190	Spectrogram 1	1	59.366760911	59.367758643	2214.700	6910.000	6632.227	6718.359
191	Spectrogram 1	1	59.367758643	59.368756375	2214.700	6910.000	6632.227	6718.359
192	Spectrogram 1	1	59.368756375	59.369754108	2214.700	6910.000	6632.227	6718.359
193	Spectrogram 1	1	59.369754108	59.370751840	2214.700	6910.000	6632.227	6718.359
194	Spectrogram 1	1	59.370751840	59.371749573	2214.700	6910.000	6632.227	6718.359
195	Spectrogram 1	1	59.371749573	59.372747305	2214.700	6910.000	6632.227	6718.359
196	Spectrogram 1	1	59.372747305	59.373745038	2214.700	6910.000	6632.227	6718.359
197	Spectrogram 1	1	59.373745038	59.374742770	2214.700	6910.000	6632.227	6718.359
198	Spectrogram 1	1	59.374742770	59.375740502	2214.700	6910.000	6632.227	6718.359
199	Spectrogram 1	1	59.375740502	59.376738235	2214.700	6910.000	6632.227	6718.359
200	Spectrogram 1	1	59.376738235	59.377735967	2214.700	6910.000	5598.633	5512.500
201	Spectrogram 1	1	59.377735967	59.378733700	2214.700	6910.000	5598.633	5512.500
202	Spectrogram 1	1	59.378733700	59.379731432	2214.700	6910.000	5598.633	5512.500
203	Spectrogram 1	1	59.379731432	59.380729165	2214.700	6910.000	5598.633	5512.500
204	Spectrogram 1	1	59.380729165	59.381726897	2214.700	6910.000	5598.633	5512.500
205	Spectrogram 1	1	59.381726897	59.382724629	2214.700	6910.000	5254.102	5254.102
206	Spectrogram 1	1	59.382724629	59.383722362	2214.700	6910.000	5254.102	5254.102
207	Spectrogram 1	1	59.383722362	59.384720094	2214.700	6910.000	5254.102	5254.102
208	Spectrogram 1	1	59.384720094	59.385717827	2214.700	6910.000	5254.102	5254.102
209	Spectrogram 1	1	59.385717827	59.386715559	2214.700	6910.000	5254.102	5254.102
210	Spectrogram 1	1	59.386715559	59.387713292	2214.700	6910.000	5254.102	5254.102
211	Spectrogram 1	1	59.387713292	59.388711024	2214.700	6910.000	4995.703	4909.570
212	Spectrogram 1	1	59.388711024	59.389708756	2214.700	6910.000	4995.703	4909.570
213	Spectrogram 1	1	59.389708756	59.390706489	2214.700	6910.000	4995.703	4909.570
214	Spectrogram 1	1	59.390706489	59.391704221	2214.700	6910.000	4995.703	4909.570
215	Spectrogram 1	1	59.391704221	59.392701954	2214.700	6910.000	4995.703	4909.570
216	Spectrogram 1	1	59.392701954	59.393699686	2214.700	6910.000	4995.703	4909.570
217	Spectrogram 1	1	59.393699686	59.394697419	2214.700	6910.000	4823.438	4823.438
218	Spectrogram 1	1	59.394697419	59.395695151	2214.700	6910.000	4823.438	4823.438
219	Spectrogram 1	1	59.395695151	59.396692883	2214.700	6910.000	4823.438	4823.438
220	Spectrogram 1	1	59.396692883	59.397690616	2214.700	6910.000	4823.438	4823.438
221	Spectrogram 1	1	59.397690616	59.398516014	2214.700	6910.000	4823.438	4823.438
