Selection	View	Channel	Begin Time (s)	End Time (s)	Low Freq (Hz)	High Freq (Hz)	Center Freq (Hz)	Peak Freq (Hz)
1	Spectrogram 1	1	29.114499347	29.115499347	1825.095	5657.795	3937.500	4125.000
2	Spectrogram 1	1	29.115499347	29.116499347	1825.095	5657.795	3937.500	4125.000
3	Spectrogram 1	1	29.116499347	29.117499347	1825.095	5657.795	3937.500	4125.000
4	Spectrogram 1	1	29.117499347	29.118499347	1825.095	5657.795	4312.500	4312.500
5	Spectrogram 1	1	29.118499347	29.119499347	1825.095	5657.795	4312.500	4312.500
6	Spectrogram 1	1	29.119499347	29.120499347	1825.095	5657.795	4312.500	4312.500
7	Spectrogram 1	1	29.120499347	29.121499347	1825.095	5657.795	4312.500	4312.500
8	Spectrogram 1	1	29.121499347	29.122499347	1825.095	5657.795	4312.500	4312.500
9	Spectrogram 1	1	29.122499347	29.123499347	1825.095	5657.795	4500.000	4593.750
10	Spectrogram 1	1	29.123499347	29.124499347	1825.095	5657.795	4500.000	4593.750
11	Spectrogram 1	1	29.124499347	29.125499347	1825.095	5657.795	4500.000	4593.750
12	Spectrogram 1	1	29.125499347	29.126499347	1825.095	5657.795	4500.000	4593.750
13	Spectrogram 1	1	29.126499347	29.127499347	1825.095	5657.795	4500.000	4593.750
14	Spectrogram 1	1	29.127499347	29.128499347	1825.095	5657.795	5250.000	5437.500
15	Spectrogram 1	1	29.128499347	29.129499347	1825.095	5657.795	5250.000	5437.500
16	Spectrogram 1	1	29.129499347	29.130499347	1825.095	5657.795	5250.000	5437.500
17	Spectrogram 1	1	29.130499347	29.131499347	1825.095	5657.795	5250.000	5437.500
18	Spectrogram 1	1	29.131499347	29.132499347	1825.095	5657.795	5250.000	5437.500
19	Spectrogram 1	1	29.132499347	29.133499347	1825.095	5657.795	5250.000	5437.500
20	Spectrogram 1	1	29.133499347	29.134499347	1825.095	5657.795	3281.250	3281.250
21	Spectrogram 1	1	29.134499347	29.135499347	1825.095	5657.795	3281.250	3281.250
22	Spectrogram 1	1	29.135499347	29.136499347	1825.095	5657.795	3281.250	3281.250
23	Spectrogram 1	1	29.136499347	29.137499347	1825.095	5657.795	3281.250	3281.250
24	Spectrogram 1	1	29.137499347	29.138499347	1825.095	5657.795	3281.250	3281.250
25	Spectrogram 1	1	29.138499347	29.139499347	1825.095	5657.795	3468.750	3468.750
26	Spectrogram 1	1	29.139499347	29.140499347	1825.095	5657.795	3468.750	3468.750
27	Spectrogram 1	1	29.140499347	29.141499347	1825.095	5657.795	3468.750	3468.750
28	Spectrogram 1	1	29.141499347	29.142499347	1825.095	5657.795	3468.750	3468.750
29	Spectrogram 1	1	29.142499347	29.143499347	1825.095	5657.795	3468.750	3468.750
30	Spectrogram 1	1	29.143499347	29.144499347	1825.095	5657.795	3562.500	3562.500
31	Spectrogram 1	1	29.144499347	29.145499347	1825.095	5657.795	3562.500	3562.500
32	Spectrogram 1	1	29.145499347	29.146499347	1825.095	5657.795	3562.500	3562.500
33	Spectrogram 1	1	29.146499347	29.147499347	1825.095	5657.795	3562.500	3562.500
34	Spectrogram 1	1	29.147499347	29.148499347	1825.095	5657.795	3562.500	3562.500
35	Spectrogram 1	1	29.148499347	29.149499347	1825.095	5657.795	3562.500	3562.500
36	Spectrogram 1	1	29.149499347	29.150499347	1825.095	5657.795	3656.250	3656.250
37	Spectrogram 1	1	29.150499347	29.151499347	1825.095	5657.795	3656.250	3656.250
38	Spectrogram 1	1	29.151499347	29.152499347	1825.095	5657.795	3656.250	3656.250
39	Spectrogram 1	1	29.152499347	29.153499347	1825.095	5657.795	3656.250	3656.250
40	Spectrogram 1	1	29.153499347	29.154499347	1825.095	5657.795	3656.250	3656.250
41	Spectrogram 1	1	29.154499347	29.155499347	1825.095	5657.795	3750.000	3750.000
42	Spectrogram 1	1	29.155499347	29.156499347	1825.095	5657.795	3750.000	3750.000
43	Spectrogram 1	1	29.156499347	29.157499347	1825.095	5657.795	3750.000	3750.000
44	Spectrogram 1	1	29.157499347	29.158499347	1825.095	5657.795	3750.000	3750.000
45	Spectrogram 1	1	29.158499347	29.159499347	1825.095	5657.795	3750.000	3750.000
46	Spectrogram 1	1	29.159499347	29.160499347	1825.095	5657.795	3843.750	3843.750
47	Spectrogram 1	1	29.160499347	29.161499347	1825.095	5657.795	3843.750	3843.750
48	Spectrogram 1	1	29.161499347	29.162499347	1825.095	5657.795	3843.750	3843.750
49	Spectrogram 1	1	29.162499347	29.163499347	1825.095	5657.795	3843.750	3843.750
50	Spectrogram 1	1	29.163499347	29.164499347	1825.095	5657.795	3843.750	3843.750
51	Spectrogram 1	1	29.164499347	29.165499347	1825.095	5657.795	3843.750	3843.750
52	Spectrogram 1	1	29.165499347	29.166499347	1825.095	5657.795	3937.500	3937.500
53	Spectrogram 1	1	29.166499347	29.167499347	1825.095	5657.795	3937.500	3937.500
54	Spectrogram 1	1	29.167499347	29.168499347	1825.095	5657.795	3937.500	3937.500
55	Spectrogram 1	1	29.168499347	29.169499347	1825.095	5657.795	3937.500	3937.500
56	Spectrogram 1	1	29.169499347	29.170499347	1825.095	5657.795	3937.500	3937.500
57	Spectrogram 1	1	29.170499347	29.171499347	1825.095	5657.795	4031.250	4031.250
58	Spectrogram 1	1	29.171499347	29.172499347	1825.095	5657.795	4031.250	4031.250
59	Spectrogram 1	1	29.172499347	29.173499347	1825.095	5657.795	4031.250	4031.250
60	Spectrogram 1	1	29.173499347	29.174499347	1825.095	5657.795	4031.250	4031.250
61	Spectrogram 1	1	29.174499347	29.175499347	1825.095	5657.795	4031.250	4031.250
62	Spectrogram 1	1	29.175499347	29.176499347	1825.095	5657.795	4125.000	4125.000
63	Spectrogram 1	1	29.176499347	29.177499347	1825.095	5657.795	4125.000	4125.000
64	Spectrogram 1	1	29.177499347	29.178499347	1825.095	5657.795	4125.000	4125.000
65	Spectrogram 1	1	29.178499347	29.179499347	1825.095	5657.795	4125.000	4125.000
66	Spectrogram 1	1	29.179499347	29.180499347	1825.095	5657.795	4125.000	4125.000
67	Spectrogram 1	1	29.180499347	29.181499347	1825.095	5657.795	4125.000	4125.000
68	Spectrogram 1	1	29.181499347	29.182499347	1825.095	5657.795	4125.000	4125.000
69	Spectrogram 1	1	29.182499347	29.183499347	1825.095	5657.795	4125.000	4125.000
70	Spectrogram 1	1	29.183499347	29.184499347	1825.095	5657.795	4125.000	4125.000
71	Spectrogram 1	1	29.184499347	29.185499347	1825.095	5657.795	4125.000	4125.000
72	Spectrogram 1	1	29.185499347	29.186499347	1825.095	5657.795	4125.000	4125.000
73	Spectrogram 1	1	29.186499347	29.187499347	1825.095	5657.795	4218.750	4218.750
74	Spectrogram 1	1	29.187499347	29.188499347	1825.095	5657.795	4218.750	4218.750
75	Spectrogram 1	1	29.188499347	29.189499347	1825.095	5657.795	4218.750	4218.750
76	Spectrogram 1	1	29.189499347	29.190499347	1825.095	5657.795	4218.750	4218.750
77	Spectrogram 1	1	29.190499347	29.191499347	1825.095	5657.795	4218.750	4218.750
78	Spectrogram 1	1	29.191499347	29.192499347	1825.095	5657.795	4218.750	4218.750
79	Spectrogram 1	1	29.192499347	29.193499347	1825.095	5657.795	4218.750	4218.750
80	Spectrogram 1	1	29.193499347	29.194499347	1825.095	5657.795	4218.750	4218.750
81	Spectrogram 1	1	29.194499347	29.195499347	1825.095	5657.795	4218.750	4218.750
82	Spectrogram 1	1	29.195499347	29.196499347	1825.095	5657.795	4218.750	4218.750
83	Spectrogram 1	1	29.196499347	29.197499347	1825.095	5657.795	4218.750	4218.750
84	Spectrogram 1	1	29.197499347	29.198499347	1825.095	5657.795	4312.500	4312.500
85	Spectrogram 1	1	29.198499347	29.199499347	1825.095	5657.795	4312.500	4312.500
86	Spectrogram 1	1	29.199499347	29.200499347	1825.095	5657.795	4312.500	4312.500
87	Spectrogram 1	1	29.200499347	29.201499347	1825.095	5657.795	4312.500	4312.500
88	Spectrogram 1	1	29.201499347	29.202499347	1825.095	5657.795	4312.500	4312.500
89	Spectrogram 1	1	29.202499347	29.203499347	1825.095	5657.795	4406.250	4406.250
90	Spectrogram 1	1	29.203499347	29.204499347	1825.095	5657.795	4406.250	4406.250
91	Spectrogram 1	1	29.204499347	29.205499347	1825.095	5657.795	4406.250	4406.250
92	Spectrogram 1	1	29.205499347	29.206499347	1825.095	5657.795	4406.250	4406.250
93	Spectrogram 1	1	29.206499347	29.207499347	1825.095	5657.795	4406.250	4406.250
94	Spectrogram 1	1	29.207499347	29.208499347	1825.095	5657.795	4781.250	4781.250
95	Spectrogram 1	1	29.208499347	29.209499347	1825.095	5657.795	4781.250	4781.250
96	Spectrogram 1	1	29.209499347	29.210499347	1825.095	5657.795	4781.250	4781.250
97	Spectrogram 1	1	29.210499347	29.211499347	1825.095	5657.795	4781.250	4781.250
98	Spectrogram 1	1	29.211499347	29.212499347	1825.095	5657.795	4781.250	4781.250
99	Spectrogram 1	1	29.212499347	29.213499347	1825.095	5657.795	4781.250	4781.250
100	Spectrogram 1	1	29.213499347	29.214499347	1825.095	5657.795	5156.250	5156.250
101	Spectrogram 1	1	29.214499347	29.215499347	1825.095	5657.795	5156.250	5156.250
102	Spectrogram 1	1	29.215499347	29.216499347	1825.095	5657.795	5156.250	5156.250
103	Spectrogram 1	1	29.216499347	29.217499347	1825.095	5657.795	5156.250	5156.250
104	Spectrogram 1	1	29.217499347	29.218499347	1825.095	5657.795	5156.250	5156.250
105	Spectrogram 1	1	29.218499347	29.219499347	1825.095	5657.795	5437.500	5437.500
106	Spectrogram 1	1	29.219499347	29.220499347	1825.095	5657.795	5437.500	5437.500
107	Spectrogram 1	1	29.220499347	29.221499347	1825.095	5657.795	5437.500	5437.500
108	Spectrogram 1	1	29.221499347	29.222499347	1825.095	5657.795	5437.500	5437.500
109	Spectrogram 1	1	29.222499347	29.223499347	1825.095	5657.795	5437.500	5437.500
110	Spectrogram 1	1	29.223499347	29.224499347	1825.095	5657.795	5343.750	5343.750
111	Spectrogram 1	1	29.224499347	29.225499347	1825.095	5657.795	5343.750	5343.750
112	Spectrogram 1	1	29.225499347	29.226499347	1825.095	5657.795	5343.750	5343.750
113	Spectrogram 1	1	29.226499347	29.227499347	1825.095	5657.795	5343.750	5343.750
114	Spectrogram 1	1	29.227499347	29.228499347	1825.095	5657.795	5343.750	5343.750
115	Spectrogram 1	1	29.228499347	29.229499347	1825.095	5657.795	5343.750	5343.750
116	Spectrogram 1	1	29.229499347	29.230499347	1825.095	5657.795	5156.250	5156.250
117	Spectrogram 1	1	29.230499347	29.231499347	1825.095	5657.795	5156.250	5156.250
118	Spectrogram 1	1	29.231499347	29.232499347	1825.095	5657.795	5156.250	5156.250
119	Spectrogram 1	1	29.232499347	29.233499347	1825.095	5657.795	5156.250	5156.250
120	Spectrogram 1	1	29.233499347	29.234499347	1825.095	5657.795	5156.250	5156.250
121	Spectrogram 1	1	29.234499347	29.235499347	1825.095	5657.795	4687.500	4781.250
122	Spectrogram 1	1	29.235499347	29.236499347	1825.095	5657.795	4687.500	4781.250
123	Spectrogram 1	1	29.236499347	29.237499347	1825.095	5657.795	4687.500	4781.250
124	Spectrogram 1	1	29.237499347	29.238499347	1825.095	5657.795	4687.500	4781.250
125	Spectrogram 1	1	29.238499347	29.239499347	1825.095	5657.795	4687.500	4781.250
126	Spectrogram 1	1	29.239499347	29.240499347	1825.095	5657.795	4218.750	4218.750
127	Spectrogram 1	1	29.240499347	29.241499347	1825.095	5657.795	4218.750	4218.750
128	Spectrogram 1	1	29.241499347	29.242499347	1825.095	5657.795	4218.750	4218.750
129	Spectrogram 1	1	29.242499347	29.243499347	1825.095	5657.795	4218.750	4218.750
130	Spectrogram 1	1	29.243499347	29.244499347	1825.095	5657.795	4218.750	4218.750
131	Spectrogram 1	1	29.244499347	29.245499347	1825.095	5657.795	4218.750	4218.750
132	Spectrogram 1	1	29.245499347	29.246499347	1825.095	5657.795	4406.250	4312.500
133	Spectrogram 1	1	29.246499347	29.247499347	1825.095	5657.795	4406.250	4312.500
134	Spectrogram 1	1	29.247499347	29.248499347	1825.095	5657.795	4406.250	4312.500
135	Spectrogram 1	1	29.248499347	29.249499347	1825.095	5657.795	4406.250	4312.500
136	Spectrogram 1	1	29.249499347	29.250499347	1825.095	5657.795	4406.250	4312.500
137	Spectrogram 1	1	29.250499347	29.251499347	1825.095	5657.795	5156.250	5531.250
138	Spectrogram 1	1	29.251499347	29.252499347	1825.095	5657.795	5156.250	5531.250
139	Spectrogram 1	1	29.252499347	29.253499347	1825.095	5657.795	5156.250	5531.250
140	Spectrogram 1	1	29.253499347	29.254499347	1825.095	5657.795	5156.250	5531.250
141	Spectrogram 1	1	29.254499347	29.255499347	1825.095	5657.795	5156.250	5531.250
142	Spectrogram 1	1	29.255499347	29.256499347	1825.095	5657.795	5343.750	5343.750
143	Spectrogram 1	1	29.256499347	29.257499347	1825.095	5657.795	5343.750	5343.750
144	Spectrogram 1	1	29.257499347	29.258499347	1825.095	5657.795	5343.750	5343.750
145	Spectrogram 1	1	29.258499347	29.259499347	1825.095	5657.795	5343.750	5343.750
146	Spectrogram 1	1	29.259499347	29.260499347	1825.095	5657.795	5343.750	5343.750
147	Spectrogram 1	1	29.260499347	29.261499347	1825.095	5657.795	5343.750	5343.750
148	Spectrogram 1	1	29.261499347	29.262499347	1825.095	5657.795	4875.000	4875.000
149	Spectrogram 1	1	29.262499347	29.263499347	1825.095	5657.795	4875.000	4875.000
150	Spectrogram 1	1	29.263499347	29.264499347	1825.095	5657.795	4875.000	4875.000
151	Spectrogram 1	1	29.264499347	29.265499347	1825.095	5657.795	4875.000	4875.000
152	Spectrogram 1	1	29.265499347	29.266499347	1825.095	5657.795	4875.000	4875.000
153	Spectrogram 1	1	29.266499347	29.267499347	1825.095	5657.795	4406.250	4406.250
154	Spectrogram 1	1	29.267499347	29.268499347	1825.095	5657.795	4406.250	4406.250
155	Spectrogram 1	1	29.268499347	29.269499347	1825.095	5657.795	4406.250	4406.250
156	Spectrogram 1	1	29.269499347	29.270499347	1825.095	5657.795	4406.250	4406.250
157	Spectrogram 1	1	29.270499347	29.271499347	1825.095	5657.795	4406.250	4406.250
158	Spectrogram 1	1	29.271499347	29.272499347	1825.095	5657.795	4218.750	4218.750
159	Spectrogram 1	1	29.272499347	29.273499347	1825.095	5657.795	4218.750	4218.750
160	Spectrogram 1	1	29.273499347	29.274499347	1825.095	5657.795	4218.750	4218.750
161	Spectrogram 1	1	29.274499347	29.275499347	1825.095	5657.795	4218.750	4218.750
162	Spectrogram 1	1	29.275499347	29.276499347	1825.095	5657.795	4218.750	4218.750
163	Spectrogram 1	1	29.276499347	29.277499347	1825.095	5657.795	4218.750	4218.750
164	Spectrogram 1	1	29.277499347	29.278499347	1825.095	5657.795	4031.250	4125.000
165	Spectrogram 1	1	29.278499347	29.279035688	1825.095	5657.795	4031.250	4125.000
