Selection	View	Channel	Begin Time (s)	End Time (s)	Low Freq (Hz)	High Freq (Hz)	Center Freq (Hz)	Peak Freq (Hz)
1	Spectrogram 1	1	50.568353035	50.569350767	2841.495	6674.000	4909.570	3703.711
2	Spectrogram 1	1	50.569350767	50.570348500	2841.495	6674.000	4909.570	3703.711
3	Spectrogram 1	1	50.570348500	50.571346232	2841.495	6674.000	5426.367	5426.367
4	Spectrogram 1	1	50.571346232	50.572343965	2841.495	6674.000	5426.367	5426.367
5	Spectrogram 1	1	50.572343965	50.573341697	2841.495	6674.000	5426.367	5426.367
6	Spectrogram 1	1	50.573341697	50.574339430	2841.495	6674.000	5426.367	5426.367
7	Spectrogram 1	1	50.574339430	50.575337162	2841.495	6674.000	5426.367	5426.367
8	Spectrogram 1	1	50.575337162	50.576334894	2841.495	6674.000	5426.367	5426.367
9	Spectrogram 1	1	50.576334894	50.577332627	2841.495	6674.000	5167.969	5167.969
10	Spectrogram 1	1	50.577332627	50.578330359	2841.495	6674.000	5167.969	5167.969
11	Spectrogram 1	1	50.578330359	50.579328092	2841.495	6674.000	5167.969	5167.969
12	Spectrogram 1	1	50.579328092	50.580325824	2841.495	6674.000	5167.969	5167.969
13	Spectrogram 1	1	50.580325824	50.581323557	2841.495	6674.000	5167.969	5167.969
14	Spectrogram 1	1	50.581323557	50.582321289	2841.495	6674.000	3789.844	3703.711
15	Spectrogram 1	1	50.582321289	50.583319021	2841.495	6674.000	3789.844	3703.711
16	Spectrogram 1	1	50.583319021	50.584316754	2841.495	6674.000	3789.844	3703.711
17	Spectrogram 1	1	50.584316754	50.585314486	2841.495	6674.000	3789.844	3703.711
18	Spectrogram 1	1	50.585314486	50.586312219	2841.495	6674.000	3789.844	3703.711
19	Spectrogram 1	1	50.586312219	50.587309951	2841.495	6674.000	3789.844	3703.711
20	Spectrogram 1	1	50.587309951	50.588307684	2841.495	6674.000	3359.180	3273.047
21	Spectrogram 1	1	50.588307684	50.589305416	2841.495	6674.000	3359.180	3273.047
22	Spectrogram 1	1	50.589305416	50.590303148	2841.495	6674.000	3359.180	3273.047
23	Spectrogram 1	1	50.590303148	50.591300881	2841.495	6674.000	3359.180	3273.047
24	Spectrogram 1	1	50.591300881	50.592298613	2841.495	6674.000	3359.180	3273.047
25	Spectrogram 1	1	50.592298613	50.593296346	2841.495	6674.000	3359.180	3273.047
26	Spectrogram 1	1	50.593296346	50.594294078	2841.495	6674.000	3186.914	3100.781
27	Spectrogram 1	1	50.594294078	50.595291811	2841.495	6674.000	3186.914	3100.781
28	Spectrogram 1	1	50.595291811	50.596289543	2841.495	6674.000	3186.914	3100.781
29	Spectrogram 1	1	50.596289543	50.597287275	2841.495	6674.000	3186.914	3100.781
30	Spectrogram 1	1	50.597287275	50.598285008	2841.495	6674.000	3186.914	3100.781
31	Spectrogram 1	1	50.598285008	50.599282740	2841.495	6674.000	3186.914	3100.781
32	Spectrogram 1	1	50.599282740	50.600280473	2841.495	6674.000	3100.781	3100.781
33	Spectrogram 1	1	50.600280473	50.601278205	2841.495	6674.000	3100.781	3100.781
34	Spectrogram 1	1	50.601278205	50.602275937	2841.495	6674.000	3100.781	3100.781
35	Spectrogram 1	1	50.602275937	50.603273670	2841.495	6674.000	3100.781	3100.781
36	Spectrogram 1	1	50.603273670	50.604271402	2841.495	6674.000	3100.781	3100.781
37	Spectrogram 1	1	50.604271402	50.605269135	2841.495	6674.000	3100.781	3100.781
38	Spectrogram 1	1	50.605269135	50.606266867	2841.495	6674.000	3100.781	3100.781
39	Spectrogram 1	1	50.606266867	50.607264600	2841.495	6674.000	3100.781	3100.781
40	Spectrogram 1	1	50.607264600	50.608262332	2841.495	6674.000	3100.781	3100.781
41	Spectrogram 1	1	50.608262332	50.609260064	2841.495	6674.000	3100.781	3100.781
42	Spectrogram 1	1	50.609260064	50.610257797	2841.495	6674.000	3100.781	3100.781
43	Spectrogram 1	1	50.610257797	50.611255529	2841.495	6674.000	3100.781	3100.781
44	Spectrogram 1	1	50.611255529	50.612253262	2841.495	6674.000	5426.367	3100.781
45	Spectrogram 1	1	50.612253262	50.613250994	2841.495	6674.000	5426.367	3100.781
46	Spectrogram 1	1	50.613250994	50.614248727	2841.495	6674.000	5426.367	3100.781
47	Spectrogram 1	1	50.614248727	50.615246459	2841.495	6674.000	5426.367	3100.781
48	Spectrogram 1	1	50.615246459	50.616244191	2841.495	6674.000	5426.367	3100.781
49	Spectrogram 1	1	50.616244191	50.617241924	2841.495	6674.000	3789.844	3703.711
50	Spectrogram 1	1	50.617241924	50.618239656	2841.495	6674.000	3789.844	3703.711
51	Spectrogram 1	1	50.618239656	50.619237389	2841.495	6674.000	3789.844	3703.711
52	Spectrogram 1	1	50.619237389	50.620235121	2841.495	6674.000	3789.844	3703.711
53	Spectrogram 1	1	50.620235121	50.621232854	2841.495	6674.000	3789.844	3703.711
54	Spectrogram 1	1	50.621232854	50.622230586	2841.495	6674.000	3789.844	3703.711
55	Spectrogram 1	1	50.622230586	50.623228318	2841.495	6674.000	3617.578	3359.180
56	Spectrogram 1	1	50.623228318	50.624226051	2841.495	6674.000	3617.578	3359.180
57	Spectrogram 1	1	50.624226051	50.625223783	2841.495	6674.000	3617.578	3359.180
58	Spectrogram 1	1	50.625223783	50.626221516	2841.495	6674.000	3617.578	3359.180
59	Spectrogram 1	1	50.626221516	50.627219248	2841.495	6674.000	3617.578	3359.180
60	Spectrogram 1	1	50.627219248	50.628216981	2841.495	6674.000	3617.578	3359.180
61	Spectrogram 1	1	50.628216981	50.629214713	2841.495	6674.000	5426.367	5512.500
62	Spectrogram 1	1	50.629214713	50.630212445	2841.495	6674.000	5426.367	5512.500
63	Spectrogram 1	1	50.630212445	50.631210178	2841.495	6674.000	5426.367	5512.500
64	Spectrogram 1	1	50.631210178	50.632207910	2841.495	6674.000	5426.367	5512.500
65	Spectrogram 1	1	50.632207910	50.633205643	2841.495	6674.000	5426.367	5512.500
66	Spectrogram 1	1	50.633205643	50.634203375	2841.495	6674.000	5426.367	5512.500
67	Spectrogram 1	1	50.634203375	50.635201108	2841.495	6674.000	5512.500	5512.500
68	Spectrogram 1	1	50.635201108	50.636198840	2841.495	6674.000	5512.500	5512.500
69	Spectrogram 1	1	50.636198840	50.637196572	2841.495	6674.000	5512.500	5512.500
70	Spectrogram 1	1	50.637196572	50.638194305	2841.495	6674.000	5512.500	5512.500
71	Spectrogram 1	1	50.638194305	50.639192037	2841.495	6674.000	5512.500	5512.500
72	Spectrogram 1	1	50.639192037	50.640189770	2841.495	6674.000	5512.500	5512.500
73	Spectrogram 1	1	50.640189770	50.641187502	2841.495	6674.000	3962.109	3014.648
74	Spectrogram 1	1	50.641187502	50.642185235	2841.495	6674.000	3962.109	3014.648
75	Spectrogram 1	1	50.642185235	50.643182967	2841.495	6674.000	3962.109	3014.648
76	Spectrogram 1	1	50.643182967	50.644180699	2841.495	6674.000	3962.109	3014.648
77	Spectrogram 1	1	50.644180699	50.645178432	2841.495	6674.000	3962.109	3014.648
78	Spectrogram 1	1	50.645178432	50.646176164	2841.495	6674.000	3186.914	3100.781
79	Spectrogram 1	1	50.646176164	50.647173897	2841.495	6674.000	3186.914	3100.781
80	Spectrogram 1	1	50.647173897	50.648171629	2841.495	6674.000	3186.914	3100.781
81	Spectrogram 1	1	50.648171629	50.649169362	2841.495	6674.000	3186.914	3100.781
82	Spectrogram 1	1	50.649169362	50.650167094	2841.495	6674.000	3186.914	3100.781
83	Spectrogram 1	1	50.650167094	50.651164826	2841.495	6674.000	3186.914	3100.781
84	Spectrogram 1	1	50.651164826	50.652162559	2841.495	6674.000	3273.047	3273.047
85	Spectrogram 1	1	50.652162559	50.653160291	2841.495	6674.000	3273.047	3273.047
86	Spectrogram 1	1	50.653160291	50.654158024	2841.495	6674.000	3273.047	3273.047
87	Spectrogram 1	1	50.654158024	50.655155756	2841.495	6674.000	3273.047	3273.047
88	Spectrogram 1	1	50.655155756	50.656153489	2841.495	6674.000	3273.047	3273.047
89	Spectrogram 1	1	50.656153489	50.657151221	2841.495	6674.000	3273.047	3273.047
90	Spectrogram 1	1	50.657151221	50.658148953	2841.495	6674.000	3359.180	3359.180
91	Spectrogram 1	1	50.658148953	50.659146686	2841.495	6674.000	3359.180	3359.180
92	Spectrogram 1	1	50.659146686	50.660144418	2841.495	6674.000	3359.180	3359.180
93	Spectrogram 1	1	50.660144418	50.661142151	2841.495	6674.000	3359.180	3359.180
94	Spectrogram 1	1	50.661142151	50.662139883	2841.495	6674.000	3359.180	3359.180
95	Spectrogram 1	1	50.662139883	50.663137615	2841.495	6674.000	3359.180	3359.180
96	Spectrogram 1	1	50.663137615	50.664135348	2841.495	6674.000	3531.445	3531.445
97	Spectrogram 1	1	50.664135348	50.665133080	2841.495	6674.000	3531.445	3531.445
98	Spectrogram 1	1	50.665133080	50.666130813	2841.495	6674.000	3531.445	3531.445
99	Spectrogram 1	1	50.666130813	50.667128545	2841.495	6674.000	3531.445	3531.445
100	Spectrogram 1	1	50.667128545	50.668126278	2841.495	6674.000	3531.445	3531.445
101	Spectrogram 1	1	50.668126278	50.669124010	2841.495	6674.000	3531.445	3531.445
102	Spectrogram 1	1	50.669124010	50.670121742	2841.495	6674.000	3703.711	3703.711
103	Spectrogram 1	1	50.670121742	50.671119475	2841.495	6674.000	3703.711	3703.711
104	Spectrogram 1	1	50.671119475	50.672117207	2841.495	6674.000	3703.711	3703.711
105	Spectrogram 1	1	50.672117207	50.673114940	2841.495	6674.000	3703.711	3703.711
106	Spectrogram 1	1	50.673114940	50.674112672	2841.495	6674.000	3703.711	3703.711
107	Spectrogram 1	1	50.674112672	50.675110405	2841.495	6674.000	3703.711	3703.711
108	Spectrogram 1	1	50.675110405	50.676108137	2841.495	6674.000	4220.508	4220.508
109	Spectrogram 1	1	50.676108137	50.677105869	2841.495	6674.000	4220.508	4220.508
110	Spectrogram 1	1	50.677105869	50.678103602	2841.495	6674.000	4220.508	4220.508
111	Spectrogram 1	1	50.678103602	50.679101334	2841.495	6674.000	4220.508	4220.508
112	Spectrogram 1	1	50.679101334	50.680099067	2841.495	6674.000	4220.508	4220.508
113	Spectrogram 1	1	50.680099067	50.681096799	2841.495	6674.000	4306.641	4306.641
114	Spectrogram 1	1	50.681096799	50.682094532	2841.495	6674.000	4306.641	4306.641
115	Spectrogram 1	1	50.682094532	50.683092264	2841.495	6674.000	4306.641	4306.641
116	Spectrogram 1	1	50.683092264	50.684089996	2841.495	6674.000	4306.641	4306.641
117	Spectrogram 1	1	50.684089996	50.685087729	2841.495	6674.000	4306.641	4306.641
118	Spectrogram 1	1	50.685087729	50.686085461	2841.495	6674.000	4306.641	4306.641
119	Spectrogram 1	1	50.686085461	50.687083194	2841.495	6674.000	4306.641	4306.641
120	Spectrogram 1	1	50.687083194	50.688080926	2841.495	6674.000	4306.641	4306.641
121	Spectrogram 1	1	50.688080926	50.689078659	2841.495	6674.000	4306.641	4306.641
122	Spectrogram 1	1	50.689078659	50.690076391	2841.495	6674.000	4306.641	4306.641
123	Spectrogram 1	1	50.690076391	50.691074123	2841.495	6674.000	4306.641	4306.641
124	Spectrogram 1	1	50.691074123	50.692071856	2841.495	6674.000	4306.641	4306.641
125	Spectrogram 1	1	50.692071856	50.693069588	2841.495	6674.000	4306.641	4306.641
126	Spectrogram 1	1	50.693069588	50.694067321	2841.495	6674.000	4306.641	4306.641
127	Spectrogram 1	1	50.694067321	50.695065053	2841.495	6674.000	4306.641	4306.641
128	Spectrogram 1	1	50.695065053	50.696062786	2841.495	6674.000	4306.641	4306.641
129	Spectrogram 1	1	50.696062786	50.697060518	2841.495	6674.000	4306.641	4306.641
130	Spectrogram 1	1	50.697060518	50.698058250	2841.495	6674.000	4306.641	4306.641
131	Spectrogram 1	1	50.698058250	50.699055983	2841.495	6674.000	4478.906	4478.906
132	Spectrogram 1	1	50.699055983	50.700053715	2841.495	6674.000	4478.906	4478.906
133	Spectrogram 1	1	50.700053715	50.701051448	2841.495	6674.000	4478.906	4478.906
134	Spectrogram 1	1	50.701051448	50.702049180	2841.495	6674.000	4478.906	4478.906
135	Spectrogram 1	1	50.702049180	50.703046913	2841.495	6674.000	4478.906	4478.906
136	Spectrogram 1	1	50.703046913	50.704044645	2841.495	6674.000	4478.906	4478.906
137	Spectrogram 1	1	50.704044645	50.705042377	2841.495	6674.000	4478.906	4478.906
138	Spectrogram 1	1	50.705042377	50.706040110	2841.495	6674.000	4478.906	4478.906
139	Spectrogram 1	1	50.706040110	50.707037842	2841.495	6674.000	4478.906	4478.906
140	Spectrogram 1	1	50.707037842	50.708035575	2841.495	6674.000	4478.906	4478.906
141	Spectrogram 1	1	50.708035575	50.709033307	2841.495	6674.000	4478.906	4478.906
142	Spectrogram 1	1	50.709033307	50.710031040	2841.495	6674.000	4651.172	4651.172
143	Spectrogram 1	1	50.710031040	50.711028772	2841.495	6674.000	4651.172	4651.172
144	Spectrogram 1	1	50.711028772	50.712026504	2841.495	6674.000	4651.172	4651.172
145	Spectrogram 1	1	50.712026504	50.713024237	2841.495	6674.000	4651.172	4651.172
146	Spectrogram 1	1	50.713024237	50.714021969	2841.495	6674.000	4651.172	4651.172
147	Spectrogram 1	1	50.714021969	50.715019702	2841.495	6674.000	4651.172	4651.172
148	Spectrogram 1	1	50.715019702	50.716017434	2841.495	6674.000	4737.305	4737.305
149	Spectrogram 1	1	50.716017434	50.717015167	2841.495	6674.000	4737.305	4737.305
150	Spectrogram 1	1	50.717015167	50.718012899	2841.495	6674.000	4737.305	4737.305
151	Spectrogram 1	1	50.718012899	50.719010631	2841.495	6674.000	4737.305	4737.305
152	Spectrogram 1	1	50.719010631	50.720008364	2841.495	6674.000	4737.305	4737.305
153	Spectrogram 1	1	50.720008364	50.721006096	2841.495	6674.000	4737.305	4737.305
154	Spectrogram 1	1	50.721006096	50.722003829	2841.495	6674.000	4823.438	4823.438
155	Spectrogram 1	1	50.722003829	50.723001561	2841.495	6674.000	4823.438	4823.438
156	Spectrogram 1	1	50.723001561	50.723999294	2841.495	6674.000	4823.438	4823.438
157	Spectrogram 1	1	50.723999294	50.724997026	2841.495	6674.000	4823.438	4823.438
158	Spectrogram 1	1	50.724997026	50.725994758	2841.495	6674.000	4823.438	4823.438
159	Spectrogram 1	1	50.725994758	50.726992491	2841.495	6674.000	4823.438	4823.438
160	Spectrogram 1	1	50.726992491	50.727990223	2841.495	6674.000	4737.305	4737.305
161	Spectrogram 1	1	50.727990223	50.728987956	2841.495	6674.000	4737.305	4737.305
162	Spectrogram 1	1	50.728987956	50.729985688	2841.495	6674.000	4737.305	4737.305
163	Spectrogram 1	1	50.729985688	50.730983420	2841.495	6674.000	4737.305	4737.305
164	Spectrogram 1	1	50.730983420	50.731981153	2841.495	6674.000	4737.305	4737.305
165	Spectrogram 1	1	50.731981153	50.732978885	2841.495	6674.000	4737.305	4737.305
166	Spectrogram 1	1	50.732978885	50.733976618	2841.495	6674.000	4737.305	4737.305
167	Spectrogram 1	1	50.733976618	50.734974350	2841.495	6674.000	4737.305	4737.305
168	Spectrogram 1	1	50.734974350	50.735972083	2841.495	6674.000	4737.305	4737.305
169	Spectrogram 1	1	50.735972083	50.736969815	2841.495	6674.000	4737.305	4737.305
170	Spectrogram 1	1	50.736969815	50.737967547	2841.495	6674.000	4737.305	4737.305
171	Spectrogram 1	1	50.737967547	50.738965280	2841.495	6674.000	4737.305	4737.305
172	Spectrogram 1	1	50.738965280	50.739963012	2841.495	6674.000	4565.039	4478.906
173	Spectrogram 1	1	50.739963012	50.740960745	2841.495	6674.000	4565.039	4478.906
174	Spectrogram 1	1	50.740960745	50.741958477	2841.495	6674.000	4565.039	4478.906
175	Spectrogram 1	1	50.741958477	50.742956210	2841.495	6674.000	4565.039	4478.906
176	Spectrogram 1	1	50.742956210	50.743953942	2841.495	6674.000	4565.039	4478.906
177	Spectrogram 1	1	50.743953942	50.744951674	2841.495	6674.000	6115.430	6201.562
178	Spectrogram 1	1	50.744951674	50.745949407	2841.495	6674.000	6115.430	6201.562
179	Spectrogram 1	1	50.745949407	50.746947139	2841.495	6674.000	6115.430	6201.562
180	Spectrogram 1	1	50.746947139	50.747944872	2841.495	6674.000	6115.430	6201.562
181	Spectrogram 1	1	50.747944872	50.748942604	2841.495	6674.000	6115.430	6201.562
182	Spectrogram 1	1	50.748942604	50.749940337	2841.495	6674.000	6115.430	6201.562
183	Spectrogram 1	1	50.749940337	50.750938069	2841.495	6674.000	6459.961	6459.961
184	Spectrogram 1	1	50.750938069	50.751935801	2841.495	6674.000	6459.961	6459.961
185	Spectrogram 1	1	50.751935801	50.752933534	2841.495	6674.000	6459.961	6459.961
186	Spectrogram 1	1	50.752933534	50.753931266	2841.495	6674.000	6459.961	6459.961
187	Spectrogram 1	1	50.753931266	50.754928999	2841.495	6674.000	6459.961	6459.961
188	Spectrogram 1	1	50.754928999	50.755926731	2841.495	6674.000	6459.961	6459.961
189	Spectrogram 1	1	50.755926731	50.756924464	2841.495	6674.000	6373.828	6459.961
190	Spectrogram 1	1	50.756924464	50.757922196	2841.495	6674.000	6373.828	6459.961
191	Spectrogram 1	1	50.757922196	50.758919928	2841.495	6674.000	6373.828	6459.961
192	Spectrogram 1	1	50.758919928	50.759917661	2841.495	6674.000	6373.828	6459.961
193	Spectrogram 1	1	50.759917661	50.760915393	2841.495	6674.000	6373.828	6459.961
194	Spectrogram 1	1	50.760915393	50.761913126	2841.495	6674.000	6373.828	6459.961
195	Spectrogram 1	1	50.761913126	50.762910858	2841.495	6674.000	5770.898	5943.164
196	Spectrogram 1	1	50.762910858	50.763908591	2841.495	6674.000	5770.898	5943.164
197	Spectrogram 1	1	50.763908591	50.764906323	2841.495	6674.000	5770.898	5943.164
198	Spectrogram 1	1	50.764906323	50.765904055	2841.495	6674.000	5770.898	5943.164
199	Spectrogram 1	1	50.765904055	50.766901788	2841.495	6674.000	5770.898	5943.164
200	Spectrogram 1	1	50.766901788	50.767899520	2841.495	6674.000	5770.898	5943.164
201	Spectrogram 1	1	50.767899520	50.768897253	2841.495	6674.000	4995.703	4909.570
202	Spectrogram 1	1	50.768897253	50.769894985	2841.495	6674.000	4995.703	4909.570
203	Spectrogram 1	1	50.769894985	50.770892718	2841.495	6674.000	4995.703	4909.570
204	Spectrogram 1	1	50.770892718	50.771890450	2841.495	6674.000	4995.703	4909.570
205	Spectrogram 1	1	50.771890450	50.772888182	2841.495	6674.000	4995.703	4909.570
206	Spectrogram 1	1	50.772888182	50.773885915	2841.495	6674.000	4478.906	4392.773
207	Spectrogram 1	1	50.773885915	50.774883647	2841.495	6674.000	4478.906	4392.773
208	Spectrogram 1	1	50.774883647	50.775881380	2841.495	6674.000	4478.906	4392.773
209	Spectrogram 1	1	50.775881380	50.776879112	2841.495	6674.000	4478.906	4392.773
210	Spectrogram 1	1	50.776879112	50.777876845	2841.495	6674.000	4478.906	4392.773
211	Spectrogram 1	1	50.777876845	50.778874577	2841.495	6674.000	4478.906	4392.773
212	Spectrogram 1	1	50.778874577	50.779872309	2841.495	6674.000	4306.641	4306.641
213	Spectrogram 1	1	50.779872309	50.780870042	2841.495	6674.000	4306.641	4306.641
214	Spectrogram 1	1	50.780870042	50.781867774	2841.495	6674.000	4306.641	4306.641
215	Spectrogram 1	1	50.781867774	50.782865507	2841.495	6674.000	4306.641	4306.641
216	Spectrogram 1	1	50.782865507	50.783863239	2841.495	6674.000	4306.641	4306.641
217	Spectrogram 1	1	50.783863239	50.784860972	2841.495	6674.000	4306.641	4306.641
218	Spectrogram 1	1	50.784860972	50.785858704	2841.495	6674.000	4306.641	4306.641
219	Spectrogram 1	1	50.785858704	50.786856436	2841.495	6674.000	4306.641	4306.641
220	Spectrogram 1	1	50.786856436	50.787854169	2841.495	6674.000	4306.641	4306.641
221	Spectrogram 1	1	50.787854169	50.788000000	2841.495	6674.000	4306.641	4306.641
