Selection	View	Channel	Begin Time (s)	End Time (s)	Low Freq (Hz)	High Freq (Hz)	Center Freq (Hz)	Peak Freq (Hz)
1	Spectrogram 1	1	0.805452270	0.806450002	1655.200	6827.800	5340.234	5426.367
2	Spectrogram 1	1	0.806450002	0.807447735	1655.200	6827.800	5340.234	5426.367
3	Spectrogram 1	1	0.807447735	0.808445467	1655.200	6827.800	5340.234	5426.367
4	Spectrogram 1	1	0.808445467	0.809443200	1655.200	6827.800	5340.234	5426.367
5	Spectrogram 1	1	0.809443200	0.810440932	1655.200	6827.800	5254.102	5340.234
6	Spectrogram 1	1	0.810440932	0.811438665	1655.200	6827.800	5254.102	5340.234
7	Spectrogram 1	1	0.811438665	0.812436397	1655.200	6827.800	5254.102	5340.234
8	Spectrogram 1	1	0.812436397	0.813434129	1655.200	6827.800	5254.102	5340.234
9	Spectrogram 1	1	0.813434129	0.814431862	1655.200	6827.800	5254.102	5340.234
10	Spectrogram 1	1	0.814431862	0.815429594	1655.200	6827.800	5254.102	5340.234
11	Spectrogram 1	1	0.815429594	0.816427327	1655.200	6827.800	6115.430	6287.695
12	Spectrogram 1	1	0.816427327	0.817425059	1655.200	6827.800	6115.430	6287.695
13	Spectrogram 1	1	0.817425059	0.818422792	1655.200	6827.800	6115.430	6287.695
14	Spectrogram 1	1	0.818422792	0.819420524	1655.200	6827.800	6115.430	6287.695
15	Spectrogram 1	1	0.819420524	0.820418256	1655.200	6827.800	6115.430	6287.695
16	Spectrogram 1	1	0.820418256	0.821415989	1655.200	6827.800	6115.430	6287.695
17	Spectrogram 1	1	0.821415989	0.822413721	1655.200	6827.800	3531.445	3445.312
18	Spectrogram 1	1	0.822413721	0.823411454	1655.200	6827.800	3531.445	3445.312
19	Spectrogram 1	1	0.823411454	0.824409186	1655.200	6827.800	3531.445	3445.312
20	Spectrogram 1	1	0.824409186	0.825406919	1655.200	6827.800	3531.445	3445.312
21	Spectrogram 1	1	0.825406919	0.826404651	1655.200	6827.800	3531.445	3445.312
22	Spectrogram 1	1	0.826404651	0.827402383	1655.200	6827.800	3531.445	3445.312
23	Spectrogram 1	1	0.827402383	0.828400116	1655.200	6827.800	3273.047	3273.047
24	Spectrogram 1	1	0.828400116	0.829397848	1655.200	6827.800	3273.047	3273.047
25	Spectrogram 1	1	0.829397848	0.830395581	1655.200	6827.800	3273.047	3273.047
26	Spectrogram 1	1	0.830395581	0.831393313	1655.200	6827.800	3273.047	3273.047
27	Spectrogram 1	1	0.831393313	0.832391046	1655.200	6827.800	3273.047	3273.047
28	Spectrogram 1	1	0.832391046	0.833388778	1655.200	6827.800	3273.047	3273.047
29	Spectrogram 1	1	0.833388778	0.834386510	1655.200	6827.800	3100.781	3100.781
30	Spectrogram 1	1	0.834386510	0.835384243	1655.200	6827.800	3100.781	3100.781
31	Spectrogram 1	1	0.835384243	0.836381975	1655.200	6827.800	3100.781	3100.781
32	Spectrogram 1	1	0.836381975	0.837379708	1655.200	6827.800	3100.781	3100.781
33	Spectrogram 1	1	0.837379708	0.838377440	1655.200	6827.800	3100.781	3100.781
34	Spectrogram 1	1	0.838377440	0.839375172	1655.200	6827.800	3100.781	3100.781
35	Spectrogram 1	1	0.839375172	0.840372905	1655.200	6827.800	3100.781	3100.781
36	Spectrogram 1	1	0.840372905	0.841370637	1655.200	6827.800	3100.781	3100.781
37	Spectrogram 1	1	0.841370637	0.842368370	1655.200	6827.800	3100.781	3100.781
38	Spectrogram 1	1	0.842368370	0.843366102	1655.200	6827.800	3100.781	3100.781
39	Spectrogram 1	1	0.843366102	0.844363835	1655.200	6827.800	3100.781	3100.781
40	Spectrogram 1	1	0.844363835	0.845361567	1655.200	6827.800	3014.648	3014.648
41	Spectrogram 1	1	0.845361567	0.846359299	1655.200	6827.800	3014.648	3014.648
42	Spectrogram 1	1	0.846359299	0.847357032	1655.200	6827.800	3014.648	3014.648
43	Spectrogram 1	1	0.847357032	0.848354764	1655.200	6827.800	3014.648	3014.648
44	Spectrogram 1	1	0.848354764	0.849352497	1655.200	6827.800	3014.648	3014.648
45	Spectrogram 1	1	0.849352497	0.850350229	1655.200	6827.800	3014.648	3014.648
46	Spectrogram 1	1	0.850350229	0.851347962	1655.200	6827.800	3014.648	3014.648
47	Spectrogram 1	1	0.851347962	0.852345694	1655.200	6827.800	3014.648	3014.648
48	Spectrogram 1	1	0.852345694	0.853343426	1655.200	6827.800	3014.648	3014.648
49	Spectrogram 1	1	0.853343426	0.854341159	1655.200	6827.800	3014.648	3014.648
50	Spectrogram 1	1	0.854341159	0.855338891	1655.200	6827.800	3014.648	3014.648
51	Spectrogram 1	1	0.855338891	0.856336624	1655.200	6827.800	3014.648	3014.648
52	Spectrogram 1	1	0.856336624	0.857334356	1655.200	6827.800	3014.648	3014.648
53	Spectrogram 1	1	0.857334356	0.858332089	1655.200	6827.800	3014.648	3014.648
54	Spectrogram 1	1	0.858332089	0.859329821	1655.200	6827.800	3014.648	3014.648
55	Spectrogram 1	1	0.859329821	0.860327553	1655.200	6827.800	3014.648	3014.648
56	Spectrogram 1	1	0.860327553	0.861325286	1655.200	6827.800	3014.648	3014.648
57	Spectrogram 1	1	0.861325286	0.862323018	1655.200	6827.800	3014.648	3014.648
58	Spectrogram 1	1	0.862323018	0.863320751	1655.200	6827.800	3014.648	3014.648
59	Spectrogram 1	1	0.863320751	0.864318483	1655.200	6827.800	3014.648	3014.648
60	Spectrogram 1	1	0.864318483	0.865316216	1655.200	6827.800	3014.648	3014.648
61	Spectrogram 1	1	0.865316216	0.866313948	1655.200	6827.800	3014.648	3014.648
62	Spectrogram 1	1	0.866313948	0.867311680	1655.200	6827.800	3014.648	3014.648
63	Spectrogram 1	1	0.867311680	0.868309413	1655.200	6827.800	3014.648	3014.648
64	Spectrogram 1	1	0.868309413	0.869307145	1655.200	6827.800	3100.781	3100.781
65	Spectrogram 1	1	0.869307145	0.870304878	1655.200	6827.800	3100.781	3100.781
66	Spectrogram 1	1	0.870304878	0.871302610	1655.200	6827.800	3100.781	3100.781
67	Spectrogram 1	1	0.871302610	0.872300343	1655.200	6827.800	3100.781	3100.781
68	Spectrogram 1	1	0.872300343	0.873298075	1655.200	6827.800	3100.781	3100.781
69	Spectrogram 1	1	0.873298075	0.874295807	1655.200	6827.800	3100.781	3100.781
70	Spectrogram 1	1	0.874295807	0.875293540	1655.200	6827.800	3100.781	3100.781
71	Spectrogram 1	1	0.875293540	0.876291272	1655.200	6827.800	3100.781	3100.781
72	Spectrogram 1	1	0.876291272	0.877289005	1655.200	6827.800	3100.781	3100.781
73	Spectrogram 1	1	0.877289005	0.878286737	1655.200	6827.800	3100.781	3100.781
74	Spectrogram 1	1	0.878286737	0.879284470	1655.200	6827.800	3100.781	3100.781
75	Spectrogram 1	1	0.879284470	0.880282202	1655.200	6827.800	3186.914	3186.914
76	Spectrogram 1	1	0.880282202	0.881279934	1655.200	6827.800	3186.914	3186.914
77	Spectrogram 1	1	0.881279934	0.882277667	1655.200	6827.800	3186.914	3186.914
78	Spectrogram 1	1	0.882277667	0.883275399	1655.200	6827.800	3186.914	3186.914
79	Spectrogram 1	1	0.883275399	0.884273132	1655.200	6827.800	3186.914	3186.914
80	Spectrogram 1	1	0.884273132	0.885270864	1655.200	6827.800	3186.914	3186.914
81	Spectrogram 1	1	0.885270864	0.886268597	1655.200	6827.800	3359.180	3359.180
82	Spectrogram 1	1	0.886268597	0.887266329	1655.200	6827.800	3359.180	3359.180
83	Spectrogram 1	1	0.887266329	0.888264061	1655.200	6827.800	3359.180	3359.180
84	Spectrogram 1	1	0.888264061	0.889261794	1655.200	6827.800	3359.180	3359.180
85	Spectrogram 1	1	0.889261794	0.890259526	1655.200	6827.800	3359.180	3359.180
86	Spectrogram 1	1	0.890259526	0.891257259	1655.200	6827.800	3359.180	3359.180
87	Spectrogram 1	1	0.891257259	0.892254991	1655.200	6827.800	3531.445	3531.445
88	Spectrogram 1	1	0.892254991	0.893252724	1655.200	6827.800	3531.445	3531.445
89	Spectrogram 1	1	0.893252724	0.894250456	1655.200	6827.800	3531.445	3531.445
90	Spectrogram 1	1	0.894250456	0.895248188	1655.200	6827.800	3531.445	3531.445
91	Spectrogram 1	1	0.895248188	0.896245921	1655.200	6827.800	3531.445	3531.445
92	Spectrogram 1	1	0.896245921	0.897243653	1655.200	6827.800	3531.445	3531.445
93	Spectrogram 1	1	0.897243653	0.898241386	1655.200	6827.800	3703.711	3703.711
94	Spectrogram 1	1	0.898241386	0.899239118	1655.200	6827.800	3703.711	3703.711
95	Spectrogram 1	1	0.899239118	0.900236850	1655.200	6827.800	3703.711	3703.711
96	Spectrogram 1	1	0.900236850	0.901234583	1655.200	6827.800	3703.711	3703.711
97	Spectrogram 1	1	0.901234583	0.902232315	1655.200	6827.800	3703.711	3703.711
98	Spectrogram 1	1	0.902232315	0.903230048	1655.200	6827.800	3962.109	3962.109
99	Spectrogram 1	1	0.903230048	0.904227780	1655.200	6827.800	3962.109	3962.109
100	Spectrogram 1	1	0.904227780	0.905225513	1655.200	6827.800	3962.109	3962.109
101	Spectrogram 1	1	0.905225513	0.906223245	1655.200	6827.800	3962.109	3962.109
102	Spectrogram 1	1	0.906223245	0.907220977	1655.200	6827.800	3962.109	3962.109
103	Spectrogram 1	1	0.907220977	0.908218710	1655.200	6827.800	3962.109	3962.109
104	Spectrogram 1	1	0.908218710	0.909216442	1655.200	6827.800	4134.375	4134.375
105	Spectrogram 1	1	0.909216442	0.910214175	1655.200	6827.800	4134.375	4134.375
106	Spectrogram 1	1	0.910214175	0.911211907	1655.200	6827.800	4134.375	4134.375
107	Spectrogram 1	1	0.911211907	0.912209640	1655.200	6827.800	4134.375	4134.375
108	Spectrogram 1	1	0.912209640	0.913207372	1655.200	6827.800	4134.375	4134.375
109	Spectrogram 1	1	0.913207372	0.914205104	1655.200	6827.800	4134.375	4134.375
110	Spectrogram 1	1	0.914205104	0.915202837	1655.200	6827.800	4134.375	4134.375
111	Spectrogram 1	1	0.915202837	0.916200569	1655.200	6827.800	4134.375	4134.375
112	Spectrogram 1	1	0.916200569	0.917198302	1655.200	6827.800	4134.375	4134.375
113	Spectrogram 1	1	0.917198302	0.918196034	1655.200	6827.800	4134.375	4134.375
114	Spectrogram 1	1	0.918196034	0.919193767	1655.200	6827.800	4134.375	4134.375
115	Spectrogram 1	1	0.919193767	0.920191499	1655.200	6827.800	4134.375	4134.375
116	Spectrogram 1	1	0.920191499	0.921189231	1655.200	6827.800	4220.508	4220.508
117	Spectrogram 1	1	0.921189231	0.922186964	1655.200	6827.800	4220.508	4220.508
118	Spectrogram 1	1	0.922186964	0.923184696	1655.200	6827.800	4220.508	4220.508
119	Spectrogram 1	1	0.923184696	0.924182429	1655.200	6827.800	4220.508	4220.508
120	Spectrogram 1	1	0.924182429	0.925180161	1655.200	6827.800	4220.508	4220.508
121	Spectrogram 1	1	0.925180161	0.926177894	1655.200	6827.800	4220.508	4220.508
122	Spectrogram 1	1	0.926177894	0.927175626	1655.200	6827.800	4306.641	4306.641
123	Spectrogram 1	1	0.927175626	0.928173358	1655.200	6827.800	4306.641	4306.641
124	Spectrogram 1	1	0.928173358	0.929171091	1655.200	6827.800	4306.641	4306.641
125	Spectrogram 1	1	0.929171091	0.930168823	1655.200	6827.800	4306.641	4306.641
126	Spectrogram 1	1	0.930168823	0.931166556	1655.200	6827.800	4306.641	4306.641
127	Spectrogram 1	1	0.931166556	0.932164288	1655.200	6827.800	4306.641	4306.641
128	Spectrogram 1	1	0.932164288	0.933162021	1655.200	6827.800	4392.773	4392.773
129	Spectrogram 1	1	0.933162021	0.934159753	1655.200	6827.800	4392.773	4392.773
130	Spectrogram 1	1	0.934159753	0.935157485	1655.200	6827.800	4392.773	4392.773
131	Spectrogram 1	1	0.935157485	0.936155218	1655.200	6827.800	4392.773	4392.773
132	Spectrogram 1	1	0.936155218	0.937152950	1655.200	6827.800	4392.773	4392.773
133	Spectrogram 1	1	0.937152950	0.938150683	1655.200	6827.800	4478.906	4478.906
134	Spectrogram 1	1	0.938150683	0.939148415	1655.200	6827.800	4478.906	4478.906
135	Spectrogram 1	1	0.939148415	0.940146148	1655.200	6827.800	4478.906	4478.906
136	Spectrogram 1	1	0.940146148	0.941143880	1655.200	6827.800	4478.906	4478.906
137	Spectrogram 1	1	0.941143880	0.942141612	1655.200	6827.800	4478.906	4478.906
138	Spectrogram 1	1	0.942141612	0.943139345	1655.200	6827.800	4478.906	4478.906
139	Spectrogram 1	1	0.943139345	0.944137077	1655.200	6827.800	4478.906	4478.906
140	Spectrogram 1	1	0.944137077	0.945134810	1655.200	6827.800	4478.906	4478.906
141	Spectrogram 1	1	0.945134810	0.946132542	1655.200	6827.800	4478.906	4478.906
142	Spectrogram 1	1	0.946132542	0.947130275	1655.200	6827.800	4478.906	4478.906
143	Spectrogram 1	1	0.947130275	0.948128007	1655.200	6827.800	4478.906	4478.906
144	Spectrogram 1	1	0.948128007	0.949125739	1655.200	6827.800	4478.906	4478.906
145	Spectrogram 1	1	0.949125739	0.950123472	1655.200	6827.800	4306.641	4306.641
146	Spectrogram 1	1	0.950123472	0.951121204	1655.200	6827.800	4306.641	4306.641
147	Spectrogram 1	1	0.951121204	0.952118937	1655.200	6827.800	4306.641	4306.641
148	Spectrogram 1	1	0.952118937	0.953116669	1655.200	6827.800	4306.641	4306.641
149	Spectrogram 1	1	0.953116669	0.954114402	1655.200	6827.800	4306.641	4306.641
150	Spectrogram 1	1	0.954114402	0.955112134	1655.200	6827.800	4306.641	4306.641
151	Spectrogram 1	1	0.955112134	0.956109866	1655.200	6827.800	4220.508	4220.508
152	Spectrogram 1	1	0.956109866	0.957107599	1655.200	6827.800	4220.508	4220.508
153	Spectrogram 1	1	0.957107599	0.958105331	1655.200	6827.800	4220.508	4220.508
154	Spectrogram 1	1	0.958105331	0.959103064	1655.200	6827.800	4220.508	4220.508
155	Spectrogram 1	1	0.959103064	0.960100796	1655.200	6827.800	4220.508	4220.508
156	Spectrogram 1	1	0.960100796	0.961098529	1655.200	6827.800	4220.508	4220.508
157	Spectrogram 1	1	0.961098529	0.962096261	1655.200	6827.800	4478.906	4306.641
158	Spectrogram 1	1	0.962096261	0.963093993	1655.200	6827.800	4478.906	4306.641
159	Spectrogram 1	1	0.963093993	0.964091726	1655.200	6827.800	4478.906	4306.641
160	Spectrogram 1	1	0.964091726	0.965089458	1655.200	6827.800	4478.906	4306.641
161	Spectrogram 1	1	0.965089458	0.966087191	1655.200	6827.800	4478.906	4306.641
162	Spectrogram 1	1	0.966087191	0.967084923	1655.200	6827.800	6115.430	6201.562
163	Spectrogram 1	1	0.967084923	0.968082655	1655.200	6827.800	6115.430	6201.562
164	Spectrogram 1	1	0.968082655	0.969080388	1655.200	6827.800	6115.430	6201.562
165	Spectrogram 1	1	0.969080388	0.970078120	1655.200	6827.800	6115.430	6201.562
166	Spectrogram 1	1	0.970078120	0.971075853	1655.200	6827.800	6115.430	6201.562
167	Spectrogram 1	1	0.971075853	0.972073585	1655.200	6827.800	6115.430	6201.562
168	Spectrogram 1	1	0.972073585	0.973071318	1655.200	6827.800	6373.828	6373.828
169	Spectrogram 1	1	0.973071318	0.974069050	1655.200	6827.800	6373.828	6373.828
170	Spectrogram 1	1	0.974069050	0.975066782	1655.200	6827.800	6373.828	6373.828
171	Spectrogram 1	1	0.975066782	0.976064515	1655.200	6827.800	6373.828	6373.828
172	Spectrogram 1	1	0.976064515	0.977062247	1655.200	6827.800	6373.828	6373.828
173	Spectrogram 1	1	0.977062247	0.978059980	1655.200	6827.800	6373.828	6373.828
174	Spectrogram 1	1	0.978059980	0.979057712	1655.200	6827.800	5081.836	4995.703
175	Spectrogram 1	1	0.979057712	0.980055445	1655.200	6827.800	5081.836	4995.703
176	Spectrogram 1	1	0.980055445	0.981053177	1655.200	6827.800	5081.836	4995.703
177	Spectrogram 1	1	0.981053177	0.982050909	1655.200	6827.800	5081.836	4995.703
178	Spectrogram 1	1	0.982050909	0.983048642	1655.200	6827.800	5081.836	4995.703
179	Spectrogram 1	1	0.983048642	0.984046374	1655.200	6827.800	5081.836	4995.703
180	Spectrogram 1	1	0.984046374	0.985044107	1655.200	6827.800	4392.773	4392.773
181	Spectrogram 1	1	0.985044107	0.986041839	1655.200	6827.800	4392.773	4392.773
182	Spectrogram 1	1	0.986041839	0.987039572	1655.200	6827.800	4392.773	4392.773
183	Spectrogram 1	1	0.987039572	0.988037304	1655.200	6827.800	4392.773	4392.773
184	Spectrogram 1	1	0.988037304	0.989035036	1655.200	6827.800	4392.773	4392.773
185	Spectrogram 1	1	0.989035036	0.990032769	1655.200	6827.800	4392.773	4392.773
186	Spectrogram 1	1	0.990032769	0.991030501	1655.200	6827.800	4048.242	4048.242
187	Spectrogram 1	1	0.991030501	0.992028234	1655.200	6827.800	4048.242	4048.242
188	Spectrogram 1	1	0.992028234	0.993025966	1655.200	6827.800	4048.242	4048.242
189	Spectrogram 1	1	0.993025966	0.994023699	1655.200	6827.800	4048.242	4048.242
190	Spectrogram 1	1	0.994023699	0.995021431	1655.200	6827.800	4048.242	4048.242
191	Spectrogram 1	1	0.995021431	0.996019163	1655.200	6827.800	4048.242	4048.242
192	Spectrogram 1	1	0.996019163	0.997016896	1655.200	6827.800	3875.977	3875.977
193	Spectrogram 1	1	0.997016896	0.998014628	1655.200	6827.800	3875.977	3875.977
194	Spectrogram 1	1	0.998014628	0.999012361	1655.200	6827.800	3875.977	3875.977
195	Spectrogram 1	1	0.999012361	1.000010093	1655.200	6827.800	3875.977	3875.977
196	Spectrogram 1	1	1.000010093	1.001007826	1655.200	6827.800	3875.977	3875.977
197	Spectrogram 1	1	1.001007826	1.002005558	1655.200	6827.800	4048.242	4134.375
198	Spectrogram 1	1	1.002005558	1.003003290	1655.200	6827.800	4048.242	4134.375
199	Spectrogram 1	1	1.003003290	1.004001023	1655.200	6827.800	4048.242	4134.375
200	Spectrogram 1	1	1.004001023	1.004998755	1655.200	6827.800	4048.242	4134.375
201	Spectrogram 1	1	1.004998755	1.005996488	1655.200	6827.800	4048.242	4134.375
202	Spectrogram 1	1	1.005996488	1.006673480	1655.200	6827.800	4048.242	4134.375
