Selection	View	Channel	Begin Time (s)	End Time (s)	Low Freq (Hz)	High Freq (Hz)	Center Freq (Hz)	Peak Freq (Hz)
1	Spectrogram 1	1	45.914399288	45.915397020	1528.218	7615.750	5770.898	5857.031
2	Spectrogram 1	1	45.915397020	45.916394753	1528.218	7615.750	5770.898	5857.031
3	Spectrogram 1	1	45.916394753	45.917392485	1528.218	7615.750	5770.898	5857.031
4	Spectrogram 1	1	45.917392485	45.918390218	1528.218	7615.750	5770.898	5857.031
5	Spectrogram 1	1	45.918390218	45.919387950	1528.218	7615.750	5770.898	5857.031
6	Spectrogram 1	1	45.919387950	45.920385683	1528.218	7615.750	5770.898	5857.031
7	Spectrogram 1	1	45.920385683	45.921383415	1528.218	7615.750	5770.898	5857.031
8	Spectrogram 1	1	45.921383415	45.922381147	1528.218	7615.750	5770.898	5857.031
9	Spectrogram 1	1	45.922381147	45.923378880	1528.218	7615.750	5770.898	5857.031
10	Spectrogram 1	1	45.923378880	45.924376612	1528.218	7615.750	5770.898	5857.031
11	Spectrogram 1	1	45.924376612	45.925374345	1528.218	7615.750	5770.898	5857.031
12	Spectrogram 1	1	45.925374345	45.926372077	1528.218	7615.750	5770.898	5857.031
13	Spectrogram 1	1	45.926372077	45.927369810	1528.218	7615.750	5857.031	5857.031
14	Spectrogram 1	1	45.927369810	45.928367542	1528.218	7615.750	5857.031	5857.031
15	Spectrogram 1	1	45.928367542	45.929365274	1528.218	7615.750	5857.031	5857.031
16	Spectrogram 1	1	45.929365274	45.930363007	1528.218	7615.750	5857.031	5857.031
17	Spectrogram 1	1	45.930363007	45.931360739	1528.218	7615.750	5857.031	5857.031
18	Spectrogram 1	1	45.931360739	45.932358472	1528.218	7615.750	5857.031	5857.031
19	Spectrogram 1	1	45.932358472	45.933356204	1528.218	7615.750	3617.578	3617.578
20	Spectrogram 1	1	45.933356204	45.934353937	1528.218	7615.750	3617.578	3617.578
21	Spectrogram 1	1	45.934353937	45.935351669	1528.218	7615.750	3617.578	3617.578
22	Spectrogram 1	1	45.935351669	45.936349401	1528.218	7615.750	3617.578	3617.578
23	Spectrogram 1	1	45.936349401	45.937347134	1528.218	7615.750	3617.578	3617.578
24	Spectrogram 1	1	45.937347134	45.938344866	1528.218	7615.750	3359.180	3273.047
25	Spectrogram 1	1	45.938344866	45.939342599	1528.218	7615.750	3359.180	3273.047
26	Spectrogram 1	1	45.939342599	45.940340331	1528.218	7615.750	3359.180	3273.047
27	Spectrogram 1	1	45.940340331	45.941338064	1528.218	7615.750	3359.180	3273.047
28	Spectrogram 1	1	45.941338064	45.942335796	1528.218	7615.750	3359.180	3273.047
29	Spectrogram 1	1	45.942335796	45.943333528	1528.218	7615.750	3359.180	3273.047
30	Spectrogram 1	1	45.943333528	45.944331261	1528.218	7615.750	5943.164	5943.164
31	Spectrogram 1	1	45.944331261	45.945328993	1528.218	7615.750	5943.164	5943.164
32	Spectrogram 1	1	45.945328993	45.946326726	1528.218	7615.750	5943.164	5943.164
33	Spectrogram 1	1	45.946326726	45.947324458	1528.218	7615.750	5943.164	5943.164
34	Spectrogram 1	1	45.947324458	45.948322190	1528.218	7615.750	5943.164	5943.164
35	Spectrogram 1	1	45.948322190	45.949319923	1528.218	7615.750	5943.164	5943.164
36	Spectrogram 1	1	45.949319923	45.950317655	1528.218	7615.750	5857.031	5857.031
37	Spectrogram 1	1	45.950317655	45.951315388	1528.218	7615.750	5857.031	5857.031
38	Spectrogram 1	1	45.951315388	45.952313120	1528.218	7615.750	5857.031	5857.031
39	Spectrogram 1	1	45.952313120	45.953310853	1528.218	7615.750	5857.031	5857.031
40	Spectrogram 1	1	45.953310853	45.954308585	1528.218	7615.750	5857.031	5857.031
41	Spectrogram 1	1	45.954308585	45.955306317	1528.218	7615.750	5857.031	5857.031
42	Spectrogram 1	1	45.955306317	45.956304050	1528.218	7615.750	5684.766	5684.766
43	Spectrogram 1	1	45.956304050	45.957301782	1528.218	7615.750	5684.766	5684.766
44	Spectrogram 1	1	45.957301782	45.958299515	1528.218	7615.750	5684.766	5684.766
45	Spectrogram 1	1	45.958299515	45.959297247	1528.218	7615.750	5684.766	5684.766
46	Spectrogram 1	1	45.959297247	45.960294980	1528.218	7615.750	5684.766	5684.766
47	Spectrogram 1	1	45.960294980	45.961292712	1528.218	7615.750	5684.766	5684.766
48	Spectrogram 1	1	45.961292712	45.962290444	1528.218	7615.750	5598.633	5598.633
49	Spectrogram 1	1	45.962290444	45.963288177	1528.218	7615.750	5598.633	5598.633
50	Spectrogram 1	1	45.963288177	45.964285909	1528.218	7615.750	5598.633	5598.633
51	Spectrogram 1	1	45.964285909	45.965283642	1528.218	7615.750	5598.633	5598.633
52	Spectrogram 1	1	45.965283642	45.966281374	1528.218	7615.750	5598.633	5598.633
53	Spectrogram 1	1	45.966281374	45.967279107	1528.218	7615.750	5598.633	5598.633
54	Spectrogram 1	1	45.967279107	45.968276839	1528.218	7615.750	5598.633	5598.633
55	Spectrogram 1	1	45.968276839	45.969274571	1528.218	7615.750	5598.633	5598.633
56	Spectrogram 1	1	45.969274571	45.970272304	1528.218	7615.750	5598.633	5598.633
57	Spectrogram 1	1	45.970272304	45.971270036	1528.218	7615.750	5598.633	5598.633
58	Spectrogram 1	1	45.971270036	45.972267769	1528.218	7615.750	5598.633	5598.633
59	Spectrogram 1	1	45.972267769	45.973265501	1528.218	7615.750	5426.367	5426.367
60	Spectrogram 1	1	45.973265501	45.974263234	1528.218	7615.750	5426.367	5426.367
61	Spectrogram 1	1	45.974263234	45.975260966	1528.218	7615.750	5426.367	5426.367
62	Spectrogram 1	1	45.975260966	45.976258698	1528.218	7615.750	5426.367	5426.367
63	Spectrogram 1	1	45.976258698	45.977256431	1528.218	7615.750	5426.367	5426.367
64	Spectrogram 1	1	45.977256431	45.978254163	1528.218	7615.750	5426.367	5426.367
65	Spectrogram 1	1	45.978254163	45.979251896	1528.218	7615.750	5426.367	5512.500
66	Spectrogram 1	1	45.979251896	45.980249628	1528.218	7615.750	5426.367	5512.500
67	Spectrogram 1	1	45.980249628	45.981247361	1528.218	7615.750	5426.367	5512.500
68	Spectrogram 1	1	45.981247361	45.982245093	1528.218	7615.750	5426.367	5512.500
69	Spectrogram 1	1	45.982245093	45.983242825	1528.218	7615.750	5426.367	5512.500
70	Spectrogram 1	1	45.983242825	45.984240558	1528.218	7615.750	5426.367	5512.500
71	Spectrogram 1	1	45.984240558	45.985238290	1528.218	7615.750	5512.500	5598.633
72	Spectrogram 1	1	45.985238290	45.986236023	1528.218	7615.750	5512.500	5598.633
73	Spectrogram 1	1	45.986236023	45.987233755	1528.218	7615.750	5512.500	5598.633
74	Spectrogram 1	1	45.987233755	45.988231488	1528.218	7615.750	5512.500	5598.633
75	Spectrogram 1	1	45.988231488	45.989229220	1528.218	7615.750	5512.500	5598.633
76	Spectrogram 1	1	45.989229220	45.990226952	1528.218	7615.750	5512.500	5598.633
77	Spectrogram 1	1	45.990226952	45.991224685	1528.218	7615.750	5684.766	2928.516
78	Spectrogram 1	1	45.991224685	45.992222417	1528.218	7615.750	5684.766	2928.516
79	Spectrogram 1	1	45.992222417	45.993220150	1528.218	7615.750	5684.766	2928.516
80	Spectrogram 1	1	45.993220150	45.994217882	1528.218	7615.750	5684.766	2928.516
81	Spectrogram 1	1	45.994217882	45.995215615	1528.218	7615.750	5684.766	2928.516
82	Spectrogram 1	1	45.995215615	45.996213347	1528.218	7615.750	5684.766	2928.516
83	Spectrogram 1	1	45.996213347	45.997211079	1528.218	7615.750	3100.781	3014.648
84	Spectrogram 1	1	45.997211079	45.998208812	1528.218	7615.750	3100.781	3014.648
85	Spectrogram 1	1	45.998208812	45.999206544	1528.218	7615.750	3100.781	3014.648
86	Spectrogram 1	1	45.999206544	46.000204277	1528.218	7615.750	3100.781	3014.648
87	Spectrogram 1	1	46.000204277	46.001202009	1528.218	7615.750	3100.781	3014.648
88	Spectrogram 1	1	46.001202009	46.002199742	1528.218	7615.750	3273.047	3273.047
89	Spectrogram 1	1	46.002199742	46.003197474	1528.218	7615.750	3273.047	3273.047
90	Spectrogram 1	1	46.003197474	46.004195206	1528.218	7615.750	3273.047	3273.047
91	Spectrogram 1	1	46.004195206	46.005192939	1528.218	7615.750	3273.047	3273.047
92	Spectrogram 1	1	46.005192939	46.006190671	1528.218	7615.750	3273.047	3273.047
93	Spectrogram 1	1	46.006190671	46.007188404	1528.218	7615.750	3273.047	3273.047
94	Spectrogram 1	1	46.007188404	46.008186136	1528.218	7615.750	3445.312	3445.312
95	Spectrogram 1	1	46.008186136	46.009183868	1528.218	7615.750	3445.312	3445.312
96	Spectrogram 1	1	46.009183868	46.010181601	1528.218	7615.750	3445.312	3445.312
97	Spectrogram 1	1	46.010181601	46.011179333	1528.218	7615.750	3445.312	3445.312
98	Spectrogram 1	1	46.011179333	46.012177066	1528.218	7615.750	3445.312	3445.312
99	Spectrogram 1	1	46.012177066	46.013174798	1528.218	7615.750	3445.312	3445.312
100	Spectrogram 1	1	46.013174798	46.014172531	1528.218	7615.750	3617.578	3617.578
101	Spectrogram 1	1	46.014172531	46.015170263	1528.218	7615.750	3617.578	3617.578
102	Spectrogram 1	1	46.015170263	46.016167995	1528.218	7615.750	3617.578	3617.578
103	Spectrogram 1	1	46.016167995	46.017165728	1528.218	7615.750	3617.578	3617.578
104	Spectrogram 1	1	46.017165728	46.018163460	1528.218	7615.750	3617.578	3617.578
105	Spectrogram 1	1	46.018163460	46.019161193	1528.218	7615.750	3617.578	3617.578
106	Spectrogram 1	1	46.019161193	46.020158925	1528.218	7615.750	3789.844	3789.844
107	Spectrogram 1	1	46.020158925	46.021156658	1528.218	7615.750	3789.844	3789.844
108	Spectrogram 1	1	46.021156658	46.022154390	1528.218	7615.750	3789.844	3789.844
109	Spectrogram 1	1	46.022154390	46.023152122	1528.218	7615.750	3789.844	3789.844
110	Spectrogram 1	1	46.023152122	46.024149855	1528.218	7615.750	3789.844	3789.844
111	Spectrogram 1	1	46.024149855	46.025147587	1528.218	7615.750	3789.844	3789.844
112	Spectrogram 1	1	46.025147587	46.026145320	1528.218	7615.750	3875.977	3875.977
113	Spectrogram 1	1	46.026145320	46.027143052	1528.218	7615.750	3875.977	3875.977
114	Spectrogram 1	1	46.027143052	46.028140785	1528.218	7615.750	3875.977	3875.977
115	Spectrogram 1	1	46.028140785	46.029138517	1528.218	7615.750	3875.977	3875.977
116	Spectrogram 1	1	46.029138517	46.030136249	1528.218	7615.750	3875.977	3875.977
117	Spectrogram 1	1	46.030136249	46.031133982	1528.218	7615.750	3875.977	3875.977
118	Spectrogram 1	1	46.031133982	46.032131714	1528.218	7615.750	3962.109	3962.109
119	Spectrogram 1	1	46.032131714	46.033129447	1528.218	7615.750	3962.109	3962.109
120	Spectrogram 1	1	46.033129447	46.034127179	1528.218	7615.750	3962.109	3962.109
121	Spectrogram 1	1	46.034127179	46.035124912	1528.218	7615.750	3962.109	3962.109
122	Spectrogram 1	1	46.035124912	46.036122644	1528.218	7615.750	3962.109	3962.109
123	Spectrogram 1	1	46.036122644	46.037120376	1528.218	7615.750	3962.109	3962.109
124	Spectrogram 1	1	46.037120376	46.038118109	1528.218	7615.750	3962.109	3962.109
125	Spectrogram 1	1	46.038118109	46.039115841	1528.218	7615.750	3962.109	3962.109
126	Spectrogram 1	1	46.039115841	46.040113574	1528.218	7615.750	3962.109	3962.109
127	Spectrogram 1	1	46.040113574	46.041111306	1528.218	7615.750	3962.109	3962.109
128	Spectrogram 1	1	46.041111306	46.042109039	1528.218	7615.750	3962.109	3962.109
129	Spectrogram 1	1	46.042109039	46.043106771	1528.218	7615.750	4048.242	4048.242
130	Spectrogram 1	1	46.043106771	46.044104503	1528.218	7615.750	4048.242	4048.242
131	Spectrogram 1	1	46.044104503	46.045102236	1528.218	7615.750	4048.242	4048.242
132	Spectrogram 1	1	46.045102236	46.046099968	1528.218	7615.750	4048.242	4048.242
133	Spectrogram 1	1	46.046099968	46.047097701	1528.218	7615.750	4048.242	4048.242
134	Spectrogram 1	1	46.047097701	46.048095433	1528.218	7615.750	4048.242	4048.242
135	Spectrogram 1	1	46.048095433	46.049093166	1528.218	7615.750	4048.242	4048.242
136	Spectrogram 1	1	46.049093166	46.050090898	1528.218	7615.750	4048.242	4048.242
137	Spectrogram 1	1	46.050090898	46.051088630	1528.218	7615.750	4048.242	4048.242
138	Spectrogram 1	1	46.051088630	46.052086363	1528.218	7615.750	4048.242	4048.242
139	Spectrogram 1	1	46.052086363	46.053084095	1528.218	7615.750	4048.242	4048.242
140	Spectrogram 1	1	46.053084095	46.054081828	1528.218	7615.750	4048.242	4048.242
141	Spectrogram 1	1	46.054081828	46.055079560	1528.218	7615.750	4134.375	4134.375
142	Spectrogram 1	1	46.055079560	46.056077293	1528.218	7615.750	4134.375	4134.375
143	Spectrogram 1	1	46.056077293	46.057075025	1528.218	7615.750	4134.375	4134.375
144	Spectrogram 1	1	46.057075025	46.058072757	1528.218	7615.750	4134.375	4134.375
145	Spectrogram 1	1	46.058072757	46.059070490	1528.218	7615.750	4134.375	4134.375
146	Spectrogram 1	1	46.059070490	46.060068222	1528.218	7615.750	4134.375	4134.375
147	Spectrogram 1	1	46.060068222	46.061065955	1528.218	7615.750	4134.375	4134.375
148	Spectrogram 1	1	46.061065955	46.062063687	1528.218	7615.750	4134.375	4134.375
149	Spectrogram 1	1	46.062063687	46.063061420	1528.218	7615.750	4134.375	4134.375
150	Spectrogram 1	1	46.063061420	46.064059152	1528.218	7615.750	4134.375	4134.375
151	Spectrogram 1	1	46.064059152	46.065056884	1528.218	7615.750	4134.375	4134.375
152	Spectrogram 1	1	46.065056884	46.066054617	1528.218	7615.750	4220.508	4220.508
153	Spectrogram 1	1	46.066054617	46.067052349	1528.218	7615.750	4220.508	4220.508
154	Spectrogram 1	1	46.067052349	46.068050082	1528.218	7615.750	4220.508	4220.508
155	Spectrogram 1	1	46.068050082	46.069047814	1528.218	7615.750	4220.508	4220.508
156	Spectrogram 1	1	46.069047814	46.070045547	1528.218	7615.750	4220.508	4220.508
157	Spectrogram 1	1	46.070045547	46.071043279	1528.218	7615.750	4220.508	4220.508
158	Spectrogram 1	1	46.071043279	46.072041011	1528.218	7615.750	4134.375	4134.375
159	Spectrogram 1	1	46.072041011	46.073038744	1528.218	7615.750	4134.375	4134.375
160	Spectrogram 1	1	46.073038744	46.074036476	1528.218	7615.750	4134.375	4134.375
161	Spectrogram 1	1	46.074036476	46.075034209	1528.218	7615.750	4134.375	4134.375
162	Spectrogram 1	1	46.075034209	46.076031941	1528.218	7615.750	4134.375	4134.375
163	Spectrogram 1	1	46.076031941	46.077029673	1528.218	7615.750	4134.375	4134.375
164	Spectrogram 1	1	46.077029673	46.078027406	1528.218	7615.750	4048.242	4048.242
165	Spectrogram 1	1	46.078027406	46.079025138	1528.218	7615.750	4048.242	4048.242
166	Spectrogram 1	1	46.079025138	46.080022871	1528.218	7615.750	4048.242	4048.242
167	Spectrogram 1	1	46.080022871	46.081020603	1528.218	7615.750	4048.242	4048.242
168	Spectrogram 1	1	46.081020603	46.082018336	1528.218	7615.750	4048.242	4048.242
169	Spectrogram 1	1	46.082018336	46.083016068	1528.218	7615.750	4048.242	4048.242
170	Spectrogram 1	1	46.083016068	46.084013800	1528.218	7615.750	4306.641	4134.375
171	Spectrogram 1	1	46.084013800	46.085011533	1528.218	7615.750	4306.641	4134.375
172	Spectrogram 1	1	46.085011533	46.086009265	1528.218	7615.750	4306.641	4134.375
173	Spectrogram 1	1	46.086009265	46.087006998	1528.218	7615.750	4306.641	4134.375
174	Spectrogram 1	1	46.087006998	46.088004730	1528.218	7615.750	4306.641	4134.375
175	Spectrogram 1	1	46.088004730	46.089002463	1528.218	7615.750	4306.641	4134.375
176	Spectrogram 1	1	46.089002463	46.090000195	1528.218	7615.750	5426.367	5512.500
177	Spectrogram 1	1	46.090000195	46.090997927	1528.218	7615.750	5426.367	5512.500
178	Spectrogram 1	1	46.090997927	46.091995660	1528.218	7615.750	5426.367	5512.500
179	Spectrogram 1	1	46.091995660	46.092993392	1528.218	7615.750	5426.367	5512.500
180	Spectrogram 1	1	46.092993392	46.093991125	1528.218	7615.750	5426.367	5512.500
181	Spectrogram 1	1	46.093991125	46.094988857	1528.218	7615.750	5426.367	5512.500
182	Spectrogram 1	1	46.094988857	46.095986590	1528.218	7615.750	5857.031	5857.031
183	Spectrogram 1	1	46.095986590	46.096984322	1528.218	7615.750	5857.031	5857.031
184	Spectrogram 1	1	46.096984322	46.097982054	1528.218	7615.750	5857.031	5857.031
185	Spectrogram 1	1	46.097982054	46.098979787	1528.218	7615.750	5857.031	5857.031
186	Spectrogram 1	1	46.098979787	46.099977519	1528.218	7615.750	5857.031	5857.031
187	Spectrogram 1	1	46.099977519	46.100975252	1528.218	7615.750	5598.633	5857.031
188	Spectrogram 1	1	46.100975252	46.101972984	1528.218	7615.750	5598.633	5857.031
189	Spectrogram 1	1	46.101972984	46.102970717	1528.218	7615.750	5598.633	5857.031
190	Spectrogram 1	1	46.102970717	46.103968449	1528.218	7615.750	5598.633	5857.031
191	Spectrogram 1	1	46.103968449	46.104966181	1528.218	7615.750	5598.633	5857.031
192	Spectrogram 1	1	46.104966181	46.105963914	1528.218	7615.750	5598.633	5857.031
193	Spectrogram 1	1	46.105963914	46.106961646	1528.218	7615.750	4565.039	4478.906
194	Spectrogram 1	1	46.106961646	46.107959379	1528.218	7615.750	4565.039	4478.906
195	Spectrogram 1	1	46.107959379	46.108957111	1528.218	7615.750	4565.039	4478.906
196	Spectrogram 1	1	46.108957111	46.109954844	1528.218	7615.750	4565.039	4478.906
197	Spectrogram 1	1	46.109954844	46.110952576	1528.218	7615.750	4565.039	4478.906
198	Spectrogram 1	1	46.110952576	46.111950308	1528.218	7615.750	4565.039	4478.906
199	Spectrogram 1	1	46.111950308	46.112948041	1528.218	7615.750	3962.109	3962.109
200	Spectrogram 1	1	46.112948041	46.113945773	1528.218	7615.750	3962.109	3962.109
201	Spectrogram 1	1	46.113945773	46.114943506	1528.218	7615.750	3962.109	3962.109
202	Spectrogram 1	1	46.114943506	46.115941238	1528.218	7615.750	3962.109	3962.109
203	Spectrogram 1	1	46.115941238	46.116938971	1528.218	7615.750	3962.109	3962.109
204	Spectrogram 1	1	46.116938971	46.117936703	1528.218	7615.750	3962.109	3962.109
205	Spectrogram 1	1	46.117936703	46.118934435	1528.218	7615.750	3789.844	3789.844
206	Spectrogram 1	1	46.118934435	46.119932168	1528.218	7615.750	3789.844	3789.844
207	Spectrogram 1	1	46.119932168	46.120929900	1528.218	7615.750	3789.844	3789.844
208	Spectrogram 1	1	46.120929900	46.121927633	1528.218	7615.750	3789.844	3789.844
209	Spectrogram 1	1	46.121927633	46.122925365	1528.218	7615.750	3789.844	3789.844
210	Spectrogram 1	1	46.122925365	46.123923098	1528.218	7615.750	3789.844	3789.844
211	Spectrogram 1	1	46.123923098	46.124920830	1528.218	7615.750	3617.578	3617.578
212	Spectrogram 1	1	46.124920830	46.125918562	1528.218	7615.750	3617.578	3617.578
213	Spectrogram 1	1	46.125918562	46.126916295	1528.218	7615.750	3617.578	3617.578
214	Spectrogram 1	1	46.126916295	46.127914027	1528.218	7615.750	3617.578	3617.578
215	Spectrogram 1	1	46.127914027	46.128911760	1528.218	7615.750	3617.578	3617.578
216	Spectrogram 1	1	46.128911760	46.129909492	1528.218	7615.750	3445.312	3445.312
217	Spectrogram 1	1	46.129909492	46.130907225	1528.218	7615.750	3445.312	3445.312
218	Spectrogram 1	1	46.130907225	46.131904957	1528.218	7615.750	3445.312	3445.312
219	Spectrogram 1	1	46.131904957	46.132902689	1528.218	7615.750	3445.312	3445.312
220	Spectrogram 1	1	46.132902689	46.133900422	1528.218	7615.750	3445.312	3445.312
221	Spectrogram 1	1	46.133900422	46.134898154	1528.218	7615.750	3445.312	3445.312
222	Spectrogram 1	1	46.134898154	46.135895887	1528.218	7615.750	4306.641	3789.844
223	Spectrogram 1	1	46.135895887	46.136580609	1528.218	7615.750	4306.641	3789.844
