Selection	View	Channel	Begin Time (s)	End Time (s)	Low Freq (Hz)	High Freq (Hz)	Center Freq (Hz)	Peak Freq (Hz)
1	Spectrogram 1	1	15.423735618	15.424735618	2756.168	5016.845	3000.000	3000.000
2	Spectrogram 1	1	15.424735618	15.425735618	2756.168	5016.845	3000.000	3000.000
3	Spectrogram 1	1	15.425735618	15.426735618	2756.168	5016.845	3000.000	3000.000
4	Spectrogram 1	1	15.426735618	15.427735618	2756.168	5016.845	3000.000	3000.000
5	Spectrogram 1	1	15.427735618	15.428735618	2756.168	5016.845	3187.500	3187.500
6	Spectrogram 1	1	15.428735618	15.429735618	2756.168	5016.845	3187.500	3187.500
7	Spectrogram 1	1	15.429735618	15.430735618	2756.168	5016.845	3187.500	3187.500
8	Spectrogram 1	1	15.430735618	15.431735618	2756.168	5016.845	3375.000	3375.000
9	Spectrogram 1	1	15.431735618	15.432735618	2756.168	5016.845	3375.000	3375.000
10	Spectrogram 1	1	15.432735618	15.433735618	2756.168	5016.845	3375.000	3375.000
11	Spectrogram 1	1	15.433735618	15.434735618	2756.168	5016.845	3562.500	3562.500
12	Spectrogram 1	1	15.434735618	15.435735618	2756.168	5016.845	3562.500	3562.500
13	Spectrogram 1	1	15.435735618	15.436735618	2756.168	5016.845	3562.500	3562.500
14	Spectrogram 1	1	15.436735618	15.437735618	2756.168	5016.845	3562.500	3562.500
15	Spectrogram 1	1	15.437735618	15.438735618	2756.168	5016.845	3562.500	3562.500
16	Spectrogram 1	1	15.438735618	15.439735618	2756.168	5016.845	3562.500	3562.500
17	Spectrogram 1	1	15.439735618	15.440735618	2756.168	5016.845	3562.500	3562.500
18	Spectrogram 1	1	15.440735618	15.441735618	2756.168	5016.845	3562.500	3562.500
19	Spectrogram 1	1	15.441735618	15.442735618	2756.168	5016.845	3750.000	3750.000
20	Spectrogram 1	1	15.442735618	15.443735618	2756.168	5016.845	3750.000	3750.000
21	Spectrogram 1	1	15.443735618	15.444735618	2756.168	5016.845	3750.000	3750.000
22	Spectrogram 1	1	15.444735618	15.445735618	2756.168	5016.845	3750.000	3750.000
23	Spectrogram 1	1	15.445735618	15.446735618	2756.168	5016.845	3750.000	3750.000
24	Spectrogram 1	1	15.446735618	15.447735618	2756.168	5016.845	3750.000	3750.000
25	Spectrogram 1	1	15.447735618	15.448735618	2756.168	5016.845	3750.000	3750.000
26	Spectrogram 1	1	15.448735618	15.449735618	2756.168	5016.845	3750.000	3750.000
27	Spectrogram 1	1	15.449735618	15.450735618	2756.168	5016.845	3750.000	3750.000
28	Spectrogram 1	1	15.450735618	15.451735618	2756.168	5016.845	3750.000	3750.000
29	Spectrogram 1	1	15.451735618	15.452735618	2756.168	5016.845	3750.000	3750.000
30	Spectrogram 1	1	15.452735618	15.453735618	2756.168	5016.845	3750.000	3750.000
31	Spectrogram 1	1	15.453735618	15.454735618	2756.168	5016.845	3750.000	3750.000
32	Spectrogram 1	1	15.454735618	15.455735618	2756.168	5016.845	3750.000	3750.000
33	Spectrogram 1	1	15.455735618	15.456735618	2756.168	5016.845	3750.000	3750.000
34	Spectrogram 1	1	15.456735618	15.457735618	2756.168	5016.845	3750.000	3750.000
35	Spectrogram 1	1	15.457735618	15.458735618	2756.168	5016.845	3750.000	3750.000
36	Spectrogram 1	1	15.458735618	15.459735618	2756.168	5016.845	3750.000	3750.000
37	Spectrogram 1	1	15.459735618	15.460735618	2756.168	5016.845	3937.500	3937.500
38	Spectrogram 1	1	15.460735618	15.461735618	2756.168	5016.845	3937.500	3937.500
39	Spectrogram 1	1	15.461735618	15.462735618	2756.168	5016.845	3937.500	3937.500
40	Spectrogram 1	1	15.462735618	15.463735618	2756.168	5016.845	3937.500	3937.500
41	Spectrogram 1	1	15.463735618	15.464735618	2756.168	5016.845	3937.500	3937.500
42	Spectrogram 1	1	15.464735618	15.465735618	2756.168	5016.845	3937.500	3937.500
43	Spectrogram 1	1	15.465735618	15.466735618	2756.168	5016.845	3937.500	3937.500
44	Spectrogram 1	1	15.466735618	15.467735618	2756.168	5016.845	3937.500	3937.500
45	Spectrogram 1	1	15.467735618	15.468735618	2756.168	5016.845	3937.500	3937.500
46	Spectrogram 1	1	15.468735618	15.469735618	2756.168	5016.845	3937.500	3937.500
47	Spectrogram 1	1	15.469735618	15.470735618	2756.168	5016.845	3937.500	3937.500
48	Spectrogram 1	1	15.470735618	15.471735618	2756.168	5016.845	3937.500	3937.500
49	Spectrogram 1	1	15.471735618	15.472735618	2756.168	5016.845	3937.500	3937.500
50	Spectrogram 1	1	15.472735618	15.473735618	2756.168	5016.845	3937.500	3937.500
51	Spectrogram 1	1	15.473735618	15.474735618	2756.168	5016.845	4125.000	4125.000
52	Spectrogram 1	1	15.474735618	15.475735618	2756.168	5016.845	4125.000	4125.000
53	Spectrogram 1	1	15.475735618	15.476735618	2756.168	5016.845	4125.000	4125.000
54	Spectrogram 1	1	15.476735618	15.477735618	2756.168	5016.845	4125.000	4125.000
55	Spectrogram 1	1	15.477735618	15.478735618	2756.168	5016.845	4125.000	4125.000
56	Spectrogram 1	1	15.478735618	15.479735618	2756.168	5016.845	4125.000	4125.000
57	Spectrogram 1	1	15.479735618	15.480735618	2756.168	5016.845	4125.000	4125.000
58	Spectrogram 1	1	15.480735618	15.481735618	2756.168	5016.845	4125.000	4125.000
59	Spectrogram 1	1	15.481735618	15.482735618	2756.168	5016.845	4125.000	4125.000
60	Spectrogram 1	1	15.482735618	15.483735618	2756.168	5016.845	4125.000	4125.000
61	Spectrogram 1	1	15.483735618	15.484735618	2756.168	5016.845	4125.000	4125.000
62	Spectrogram 1	1	15.484735618	15.485735618	2756.168	5016.845	4125.000	4125.000
63	Spectrogram 1	1	15.485735618	15.486735618	2756.168	5016.845	4125.000	4125.000
64	Spectrogram 1	1	15.486735618	15.487735618	2756.168	5016.845	4125.000	4125.000
65	Spectrogram 1	1	15.487735618	15.488735618	2756.168	5016.845	4125.000	4125.000
66	Spectrogram 1	1	15.488735618	15.489735618	2756.168	5016.845	4125.000	4125.000
67	Spectrogram 1	1	15.489735618	15.490735618	2756.168	5016.845	4125.000	4125.000
68	Spectrogram 1	1	15.490735618	15.491735618	2756.168	5016.845	4125.000	4125.000
69	Spectrogram 1	1	15.491735618	15.492735618	2756.168	5016.845	4312.500	4312.500
70	Spectrogram 1	1	15.492735618	15.493735618	2756.168	5016.845	4312.500	4312.500
71	Spectrogram 1	1	15.493735618	15.494735618	2756.168	5016.845	4312.500	4312.500
72	Spectrogram 1	1	15.494735618	15.495735618	2756.168	5016.845	4312.500	4312.500
73	Spectrogram 1	1	15.495735618	15.496735618	2756.168	5016.845	4312.500	4312.500
74	Spectrogram 1	1	15.496735618	15.497735618	2756.168	5016.845	4312.500	4312.500
75	Spectrogram 1	1	15.497735618	15.498735618	2756.168	5016.845	4312.500	4312.500
76	Spectrogram 1	1	15.498735618	15.499735618	2756.168	5016.845	4312.500	4312.500
77	Spectrogram 1	1	15.499735618	15.500735618	2756.168	5016.845	4500.000	4500.000
78	Spectrogram 1	1	15.500735618	15.501735618	2756.168	5016.845	4500.000	4500.000
79	Spectrogram 1	1	15.501735618	15.502735618	2756.168	5016.845	4500.000	4500.000
80	Spectrogram 1	1	15.502735618	15.503735618	2756.168	5016.845	4500.000	4500.000
81	Spectrogram 1	1	15.503735618	15.504735618	2756.168	5016.845	4500.000	4500.000
82	Spectrogram 1	1	15.504735618	15.505735618	2756.168	5016.845	4500.000	4500.000
83	Spectrogram 1	1	15.505735618	15.506735618	2756.168	5016.845	4687.500	4687.500
84	Spectrogram 1	1	15.506735618	15.507735618	2756.168	5016.845	4687.500	4687.500
85	Spectrogram 1	1	15.507735618	15.508735618	2756.168	5016.845	4875.000	4875.000
86	Spectrogram 1	1	15.508735618	15.509735618	2756.168	5016.845	4875.000	4875.000
87	Spectrogram 1	1	15.509735618	15.510735618	2756.168	5016.845	4875.000	4875.000
88	Spectrogram 1	1	15.510735618	15.511735618	2756.168	5016.845	4312.500	4312.500
89	Spectrogram 1	1	15.511735618	15.512735618	2756.168	5016.845	4312.500	4312.500
90	Spectrogram 1	1	15.512735618	15.513735618	2756.168	5016.845	4312.500	4312.500
91	Spectrogram 1	1	15.513735618	15.514735618	2756.168	5016.845	4125.000	4125.000
92	Spectrogram 1	1	15.514735618	15.515735618	2756.168	5016.845	4125.000	4125.000
93	Spectrogram 1	1	15.515735618	15.516735618	2756.168	5016.845	3750.000	3750.000
94	Spectrogram 1	1	15.516735618	15.517735618	2756.168	5016.845	3750.000	3750.000
95	Spectrogram 1	1	15.517735618	15.518735618	2756.168	5016.845	3750.000	3750.000
96	Spectrogram 1	1	15.518735618	15.519735618	2756.168	5016.845	3562.500	3562.500
97	Spectrogram 1	1	15.519735618	15.520735618	2756.168	5016.845	3562.500	3562.500
98	Spectrogram 1	1	15.520735618	15.521735618	2756.168	5016.845	3562.500	3562.500
99	Spectrogram 1	1	15.521735618	15.522735618	2756.168	5016.845	3562.500	3562.500
100	Spectrogram 1	1	15.522735618	15.523735618	2756.168	5016.845	3562.500	3562.500
101	Spectrogram 1	1	15.523735618	15.524735618	2756.168	5016.845	3562.500	3375.000
102	Spectrogram 1	1	15.524735618	15.525735618	2756.168	5016.845	3562.500	3375.000
103	Spectrogram 1	1	15.525735618	15.526735618	2756.168	5016.845	3562.500	3375.000
104	Spectrogram 1	1	15.526735618	15.527735618	2756.168	5016.845	3375.000	3375.000
105	Spectrogram 1	1	15.527735618	15.528735618	2756.168	5016.845	3375.000	3375.000
106	Spectrogram 1	1	15.528735618	15.529735618	2756.168	5016.845	3375.000	3375.000
107	Spectrogram 1	1	15.529735618	15.530735618	2756.168	5016.845	3375.000	3375.000
108	Spectrogram 1	1	15.530735618	15.531735618	2756.168	5016.845	3375.000	3375.000
109	Spectrogram 1	1	15.531735618	15.532735618	2756.168	5016.845	3375.000	3375.000
110	Spectrogram 1	1	15.532735618	15.533735618	2756.168	5016.845	3375.000	3375.000
111	Spectrogram 1	1	15.533735618	15.534735618	2756.168	5016.845	3375.000	3375.000
112	Spectrogram 1	1	15.534735618	15.535735618	2756.168	5016.845	3375.000	3375.000
113	Spectrogram 1	1	15.535735618	15.536735618	2756.168	5016.845	3375.000	3375.000
114	Spectrogram 1	1	15.536735618	15.537735618	2756.168	5016.845	3375.000	3375.000
115	Spectrogram 1	1	15.537735618	15.538735618	2756.168	5016.845	3562.500	3562.500
116	Spectrogram 1	1	15.538735618	15.539735618	2756.168	5016.845	3562.500	3562.500
117	Spectrogram 1	1	15.539735618	15.540735618	2756.168	5016.845	3750.000	3750.000
118	Spectrogram 1	1	15.540735618	15.541735618	2756.168	5016.845	3750.000	3750.000
119	Spectrogram 1	1	15.541735618	15.542735618	2756.168	5016.845	3750.000	3750.000
120	Spectrogram 1	1	15.542735618	15.543735618	2756.168	5016.845	3750.000	3750.000
121	Spectrogram 1	1	15.543735618	15.544735618	2756.168	5016.845	3750.000	3750.000
122	Spectrogram 1	1	15.544735618	15.545735618	2756.168	5016.845	3750.000	3750.000
123	Spectrogram 1	1	15.545735618	15.546735618	2756.168	5016.845	3750.000	3750.000
124	Spectrogram 1	1	15.546735618	15.547735618	2756.168	5016.845	3750.000	3750.000
125	Spectrogram 1	1	15.547735618	15.548735618	2756.168	5016.845	3750.000	3750.000
126	Spectrogram 1	1	15.548735618	15.549735618	2756.168	5016.845	3750.000	3750.000
127	Spectrogram 1	1	15.549735618	15.550735618	2756.168	5016.845	3750.000	3750.000
128	Spectrogram 1	1	15.550735618	15.551735618	2756.168	5016.845	3750.000	3750.000
129	Spectrogram 1	1	15.551735618	15.552735618	2756.168	5016.845	3750.000	3750.000
130	Spectrogram 1	1	15.552735618	15.553735618	2756.168	5016.845	3750.000	3750.000
131	Spectrogram 1	1	15.553735618	15.554735618	2756.168	5016.845	3750.000	3750.000
132	Spectrogram 1	1	15.554735618	15.555735618	2756.168	5016.845	3750.000	3750.000
133	Spectrogram 1	1	15.555735618	15.556735618	2756.168	5016.845	3750.000	3750.000
134	Spectrogram 1	1	15.556735618	15.557735618	2756.168	5016.845	3750.000	3750.000
135	Spectrogram 1	1	15.557735618	15.558735618	2756.168	5016.845	3750.000	3750.000
136	Spectrogram 1	1	15.558735618	15.559735618	2756.168	5016.845	3750.000	3750.000
137	Spectrogram 1	1	15.559735618	15.560735618	2756.168	5016.845	3750.000	3750.000
138	Spectrogram 1	1	15.560735618	15.561735618	2756.168	5016.845	3750.000	3750.000
139	Spectrogram 1	1	15.561735618	15.562735618	2756.168	5016.845	3750.000	3750.000
140	Spectrogram 1	1	15.562735618	15.563735618	2756.168	5016.845	3750.000	3750.000
141	Spectrogram 1	1	15.563735618	15.564735618	2756.168	5016.845	3750.000	3750.000
142	Spectrogram 1	1	15.564735618	15.565735618	2756.168	5016.845	3750.000	3750.000
143	Spectrogram 1	1	15.565735618	15.566735618	2756.168	5016.845	3750.000	3750.000
144	Spectrogram 1	1	15.566735618	15.567735618	2756.168	5016.845	3750.000	3750.000
145	Spectrogram 1	1	15.567735618	15.568735618	2756.168	5016.845	3750.000	3750.000
146	Spectrogram 1	1	15.568735618	15.569735618	2756.168	5016.845	3750.000	3750.000
147	Spectrogram 1	1	15.569735618	15.570735618	2756.168	5016.845	3750.000	3937.500
148	Spectrogram 1	1	15.570735618	15.571735618	2756.168	5016.845	3750.000	3937.500
149	Spectrogram 1	1	15.571735618	15.572735618	2756.168	5016.845	3750.000	3750.000
150	Spectrogram 1	1	15.572735618	15.573735618	2756.168	5016.845	3750.000	3750.000
151	Spectrogram 1	1	15.573735618	15.574735618	2756.168	5016.845	3750.000	3750.000
152	Spectrogram 1	1	15.574735618	15.575735618	2756.168	5016.845	3750.000	3750.000
153	Spectrogram 1	1	15.575735618	15.576735618	2756.168	5016.845	3750.000	3750.000
154	Spectrogram 1	1	15.576735618	15.577735618	2756.168	5016.845	3750.000	3750.000
155	Spectrogram 1	1	15.577735618	15.578735618	2756.168	5016.845	3750.000	3937.500
156	Spectrogram 1	1	15.578735618	15.579735618	2756.168	5016.845	3750.000	3937.500
157	Spectrogram 1	1	15.579735618	15.580735618	2756.168	5016.845	3750.000	3750.000
158	Spectrogram 1	1	15.580735618	15.581735618	2756.168	5016.845	3750.000	3750.000
159	Spectrogram 1	1	15.581735618	15.582735618	2756.168	5016.845	3750.000	3750.000
160	Spectrogram 1	1	15.582735618	15.583735618	2756.168	5016.845	3750.000	3750.000
161	Spectrogram 1	1	15.583735618	15.584735618	2756.168	5016.845	3750.000	3750.000
162	Spectrogram 1	1	15.584735618	15.585735618	2756.168	5016.845	3750.000	3750.000
163	Spectrogram 1	1	15.585735618	15.586735618	2756.168	5016.845	3750.000	3187.500
164	Spectrogram 1	1	15.586735618	15.587735618	2756.168	5016.845	3750.000	3187.500
165	Spectrogram 1	1	15.587735618	15.588735618	2756.168	5016.845	3375.000	3187.500
166	Spectrogram 1	1	15.588735618	15.589735618	2756.168	5016.845	3375.000	3187.500
167	Spectrogram 1	1	15.589735618	15.590735618	2756.168	5016.845	3375.000	3187.500
168	Spectrogram 1	1	15.590735618	15.591735618	2756.168	5016.845	3375.000	3375.000
169	Spectrogram 1	1	15.591735618	15.592735618	2756.168	5016.845	3375.000	3375.000
170	Spectrogram 1	1	15.592735618	15.593735618	2756.168	5016.845	3375.000	3375.000
171	Spectrogram 1	1	15.593735618	15.594735618	2756.168	5016.845	3375.000	3375.000
172	Spectrogram 1	1	15.594735618	15.595735618	2756.168	5016.845	3375.000	3375.000
173	Spectrogram 1	1	15.595735618	15.596735618	2756.168	5016.845	3562.500	3562.500
174	Spectrogram 1	1	15.596735618	15.597735618	2756.168	5016.845	3562.500	3562.500
175	Spectrogram 1	1	15.597735618	15.598735618	2756.168	5016.845	3562.500	3562.500
176	Spectrogram 1	1	15.598735618	15.599735618	2756.168	5016.845	3562.500	3562.500
177	Spectrogram 1	1	15.599735618	15.600735618	2756.168	5016.845	3562.500	3562.500
178	Spectrogram 1	1	15.600735618	15.601735618	2756.168	5016.845	3562.500	3562.500
179	Spectrogram 1	1	15.601735618	15.602735618	2756.168	5016.845	3750.000	3750.000
180	Spectrogram 1	1	15.602735618	15.603735618	2756.168	5016.845	3750.000	3750.000
181	Spectrogram 1	1	15.603735618	15.604735618	2756.168	5016.845	3937.500	3937.500
182	Spectrogram 1	1	15.604735618	15.605735618	2756.168	5016.845	3937.500	3937.500
183	Spectrogram 1	1	15.605735618	15.606735618	2756.168	5016.845	3937.500	3937.500
184	Spectrogram 1	1	15.606735618	15.607735618	2756.168	5016.845	3937.500	3937.500
185	Spectrogram 1	1	15.607735618	15.608735618	2756.168	5016.845	3937.500	3937.500
186	Spectrogram 1	1	15.608735618	15.609735618	2756.168	5016.845	3937.500	3937.500
187	Spectrogram 1	1	15.609735618	15.610735618	2756.168	5016.845	3750.000	3750.000
188	Spectrogram 1	1	15.610735618	15.611735618	2756.168	5016.845	3750.000	3750.000
189	Spectrogram 1	1	15.611735618	15.612735618	2756.168	5016.845	3750.000	3750.000
190	Spectrogram 1	1	15.612735618	15.613735618	2756.168	5016.845	3750.000	3750.000
191	Spectrogram 1	1	15.613735618	15.614735618	2756.168	5016.845	3750.000	3750.000
192	Spectrogram 1	1	15.614735618	15.615735618	2756.168	5016.845	3562.500	3562.500
193	Spectrogram 1	1	15.615735618	15.616735618	2756.168	5016.845	3562.500	3562.500
194	Spectrogram 1	1	15.616735618	15.617735618	2756.168	5016.845	3562.500	3562.500
195	Spectrogram 1	1	15.617735618	15.618735618	2756.168	5016.845	3562.500	3562.500
196	Spectrogram 1	1	15.618735618	15.619735618	2756.168	5016.845	3562.500	3562.500
197	Spectrogram 1	1	15.619735618	15.620735618	2756.168	5016.845	3375.000	3375.000
198	Spectrogram 1	1	15.620735618	15.621735618	2756.168	5016.845	3375.000	3375.000
199	Spectrogram 1	1	15.621735618	15.622735618	2756.168	5016.845	3375.000	3375.000
200	Spectrogram 1	1	15.622735618	15.623735618	2756.168	5016.845	3187.500	3187.500
201	Spectrogram 1	1	15.623735618	15.624735618	2756.168	5016.845	3187.500	3187.500
202	Spectrogram 1	1	15.624735618	15.625735618	2756.168	5016.845	3187.500	3187.500
203	Spectrogram 1	1	15.625735618	15.626735618	2756.168	5016.845	3750.000	3750.000
204	Spectrogram 1	1	15.626735618	15.627735618	2756.168	5016.845	3750.000	3750.000
205	Spectrogram 1	1	15.627735618	15.628735618	2756.168	5016.845	3750.000	3937.500
206	Spectrogram 1	1	15.628735618	15.629735618	2756.168	5016.845	3750.000	3937.500
207	Spectrogram 1	1	15.629735618	15.630735618	2756.168	5016.845	3750.000	3937.500
208	Spectrogram 1	1	15.630735618	15.630934134	2756.168	5016.845	3750.000	3750.000
