Selection	View	Channel	Begin Time (s)	End Time (s)	Low Freq (Hz)	High Freq (Hz)	Center Freq (Hz)	Peak Freq (Hz)
1	Spectrogram 1	1	12.064919978	12.065917710	2654.167	6527.300	3531.445	2670.117
2	Spectrogram 1	1	12.065917710	12.066915443	2654.167	6527.300	3359.180	3273.047
3	Spectrogram 1	1	12.066915443	12.067913175	2654.167	6527.300	3359.180	3273.047
4	Spectrogram 1	1	12.067913175	12.068910908	2654.167	6527.300	3359.180	3273.047
5	Spectrogram 1	1	12.068910908	12.069908640	2654.167	6527.300	3359.180	3273.047
6	Spectrogram 1	1	12.069908640	12.070906373	2654.167	6527.300	3359.180	3273.047
7	Spectrogram 1	1	12.070906373	12.071904105	2654.167	6527.300	3359.180	3273.047
8	Spectrogram 1	1	12.071904105	12.072901837	2654.167	6527.300	3273.047	3273.047
9	Spectrogram 1	1	12.072901837	12.073899570	2654.167	6527.300	3273.047	3273.047
10	Spectrogram 1	1	12.073899570	12.074897302	2654.167	6527.300	3273.047	3273.047
11	Spectrogram 1	1	12.074897302	12.075895035	2654.167	6527.300	3273.047	3273.047
12	Spectrogram 1	1	12.075895035	12.076892767	2654.167	6527.300	3273.047	3273.047
13	Spectrogram 1	1	12.076892767	12.077890500	2654.167	6527.300	3186.914	3186.914
14	Spectrogram 1	1	12.077890500	12.078888232	2654.167	6527.300	3186.914	3186.914
15	Spectrogram 1	1	12.078888232	12.079885964	2654.167	6527.300	3186.914	3186.914
16	Spectrogram 1	1	12.079885964	12.080883697	2654.167	6527.300	3186.914	3186.914
17	Spectrogram 1	1	12.080883697	12.081881429	2654.167	6527.300	3186.914	3186.914
18	Spectrogram 1	1	12.081881429	12.082879162	2654.167	6527.300	3186.914	3186.914
19	Spectrogram 1	1	12.082879162	12.083876894	2654.167	6527.300	3014.648	2928.516
20	Spectrogram 1	1	12.083876894	12.084874627	2654.167	6527.300	3014.648	2928.516
21	Spectrogram 1	1	12.084874627	12.085872359	2654.167	6527.300	3014.648	2928.516
22	Spectrogram 1	1	12.085872359	12.086870091	2654.167	6527.300	3014.648	2928.516
23	Spectrogram 1	1	12.086870091	12.087867824	2654.167	6527.300	3014.648	2928.516
24	Spectrogram 1	1	12.087867824	12.088865556	2654.167	6527.300	3014.648	2928.516
25	Spectrogram 1	1	12.088865556	12.089863289	2654.167	6527.300	2928.516	2842.383
26	Spectrogram 1	1	12.089863289	12.090861021	2654.167	6527.300	2928.516	2842.383
27	Spectrogram 1	1	12.090861021	12.091858754	2654.167	6527.300	2928.516	2842.383
28	Spectrogram 1	1	12.091858754	12.092856486	2654.167	6527.300	2928.516	2842.383
29	Spectrogram 1	1	12.092856486	12.093854218	2654.167	6527.300	2928.516	2842.383
30	Spectrogram 1	1	12.093854218	12.094851951	2654.167	6527.300	2928.516	2842.383
31	Spectrogram 1	1	12.094851951	12.095849683	2654.167	6527.300	2928.516	2842.383
32	Spectrogram 1	1	12.095849683	12.096847416	2654.167	6527.300	2928.516	2842.383
33	Spectrogram 1	1	12.096847416	12.097845148	2654.167	6527.300	2928.516	2842.383
34	Spectrogram 1	1	12.097845148	12.098842880	2654.167	6527.300	2928.516	2842.383
35	Spectrogram 1	1	12.098842880	12.099840613	2654.167	6527.300	2928.516	2842.383
36	Spectrogram 1	1	12.099840613	12.100838345	2654.167	6527.300	2928.516	2842.383
37	Spectrogram 1	1	12.100838345	12.101836078	2654.167	6527.300	3531.445	2928.516
38	Spectrogram 1	1	12.101836078	12.102833810	2654.167	6527.300	3531.445	2928.516
39	Spectrogram 1	1	12.102833810	12.103831543	2654.167	6527.300	3531.445	2928.516
40	Spectrogram 1	1	12.103831543	12.104829275	2654.167	6527.300	3531.445	2928.516
41	Spectrogram 1	1	12.104829275	12.105827007	2654.167	6527.300	3531.445	2928.516
42	Spectrogram 1	1	12.105827007	12.106824740	2654.167	6527.300	3273.047	2842.383
43	Spectrogram 1	1	12.106824740	12.107822472	2654.167	6527.300	3273.047	2842.383
44	Spectrogram 1	1	12.107822472	12.108820205	2654.167	6527.300	3273.047	2842.383
45	Spectrogram 1	1	12.108820205	12.109817937	2654.167	6527.300	3273.047	2842.383
46	Spectrogram 1	1	12.109817937	12.110815670	2654.167	6527.300	3273.047	2842.383
47	Spectrogram 1	1	12.110815670	12.111813402	2654.167	6527.300	3273.047	2842.383
48	Spectrogram 1	1	12.111813402	12.112811134	2654.167	6527.300	3445.312	3531.445
49	Spectrogram 1	1	12.112811134	12.113808867	2654.167	6527.300	3445.312	3531.445
50	Spectrogram 1	1	12.113808867	12.114806599	2654.167	6527.300	3445.312	3531.445
51	Spectrogram 1	1	12.114806599	12.115804332	2654.167	6527.300	3445.312	3531.445
52	Spectrogram 1	1	12.115804332	12.116802064	2654.167	6527.300	3445.312	3531.445
53	Spectrogram 1	1	12.116802064	12.117799797	2654.167	6527.300	3445.312	3531.445
54	Spectrogram 1	1	12.117799797	12.118797529	2654.167	6527.300	2928.516	2842.383
55	Spectrogram 1	1	12.118797529	12.119795261	2654.167	6527.300	2928.516	2842.383
56	Spectrogram 1	1	12.119795261	12.120792994	2654.167	6527.300	2928.516	2842.383
57	Spectrogram 1	1	12.120792994	12.121790726	2654.167	6527.300	2928.516	2842.383
58	Spectrogram 1	1	12.121790726	12.122788459	2654.167	6527.300	2928.516	2842.383
59	Spectrogram 1	1	12.122788459	12.123786191	2654.167	6527.300	2928.516	2842.383
60	Spectrogram 1	1	12.123786191	12.124783924	2654.167	6527.300	3359.180	3445.312
61	Spectrogram 1	1	12.124783924	12.125781656	2654.167	6527.300	3359.180	3445.312
62	Spectrogram 1	1	12.125781656	12.126779388	2654.167	6527.300	3359.180	3445.312
63	Spectrogram 1	1	12.126779388	12.127777121	2654.167	6527.300	3359.180	3445.312
64	Spectrogram 1	1	12.127777121	12.128774853	2654.167	6527.300	3359.180	3445.312
65	Spectrogram 1	1	12.128774853	12.129772586	2654.167	6527.300	3359.180	3445.312
66	Spectrogram 1	1	12.129772586	12.130770318	2654.167	6527.300	3100.781	3100.781
67	Spectrogram 1	1	12.130770318	12.131768051	2654.167	6527.300	3100.781	3100.781
68	Spectrogram 1	1	12.131768051	12.132765783	2654.167	6527.300	3100.781	3100.781
69	Spectrogram 1	1	12.132765783	12.133763515	2654.167	6527.300	3100.781	3100.781
70	Spectrogram 1	1	12.133763515	12.134761248	2654.167	6527.300	3100.781	3100.781
71	Spectrogram 1	1	12.134761248	12.135758980	2654.167	6527.300	3100.781	3100.781
72	Spectrogram 1	1	12.135758980	12.136756713	2654.167	6527.300	3186.914	3186.914
73	Spectrogram 1	1	12.136756713	12.137754445	2654.167	6527.300	3186.914	3186.914
74	Spectrogram 1	1	12.137754445	12.138752178	2654.167	6527.300	3186.914	3186.914
75	Spectrogram 1	1	12.138752178	12.139749910	2654.167	6527.300	3186.914	3186.914
76	Spectrogram 1	1	12.139749910	12.140747642	2654.167	6527.300	3186.914	3186.914
77	Spectrogram 1	1	12.140747642	12.141745375	2654.167	6527.300	3445.312	3445.312
78	Spectrogram 1	1	12.141745375	12.142743107	2654.167	6527.300	3445.312	3445.312
79	Spectrogram 1	1	12.142743107	12.143740840	2654.167	6527.300	3445.312	3445.312
80	Spectrogram 1	1	12.143740840	12.144738572	2654.167	6527.300	3445.312	3445.312
81	Spectrogram 1	1	12.144738572	12.145736305	2654.167	6527.300	3445.312	3445.312
82	Spectrogram 1	1	12.145736305	12.146734037	2654.167	6527.300	3445.312	3445.312
83	Spectrogram 1	1	12.146734037	12.147731769	2654.167	6527.300	3531.445	3445.312
84	Spectrogram 1	1	12.147731769	12.148729502	2654.167	6527.300	3531.445	3445.312
85	Spectrogram 1	1	12.148729502	12.149727234	2654.167	6527.300	3531.445	3445.312
86	Spectrogram 1	1	12.149727234	12.150724967	2654.167	6527.300	3531.445	3445.312
87	Spectrogram 1	1	12.150724967	12.151722699	2654.167	6527.300	3531.445	3445.312
88	Spectrogram 1	1	12.151722699	12.152720432	2654.167	6527.300	3531.445	3445.312
89	Spectrogram 1	1	12.152720432	12.153718164	2654.167	6527.300	3617.578	3789.844
90	Spectrogram 1	1	12.153718164	12.154715896	2654.167	6527.300	3617.578	3789.844
91	Spectrogram 1	1	12.154715896	12.155713629	2654.167	6527.300	3617.578	3789.844
92	Spectrogram 1	1	12.155713629	12.156711361	2654.167	6527.300	3617.578	3789.844
93	Spectrogram 1	1	12.156711361	12.157709094	2654.167	6527.300	3617.578	3789.844
94	Spectrogram 1	1	12.157709094	12.158706826	2654.167	6527.300	3617.578	3789.844
95	Spectrogram 1	1	12.158706826	12.159704558	2654.167	6527.300	3875.977	3962.109
96	Spectrogram 1	1	12.159704558	12.160702291	2654.167	6527.300	3875.977	3962.109
97	Spectrogram 1	1	12.160702291	12.161700023	2654.167	6527.300	3875.977	3962.109
98	Spectrogram 1	1	12.161700023	12.162697756	2654.167	6527.300	3875.977	3962.109
99	Spectrogram 1	1	12.162697756	12.163695488	2654.167	6527.300	3875.977	3962.109
100	Spectrogram 1	1	12.163695488	12.164693221	2654.167	6527.300	3875.977	3962.109
101	Spectrogram 1	1	12.164693221	12.165690953	2654.167	6527.300	4134.375	4134.375
102	Spectrogram 1	1	12.165690953	12.166688685	2654.167	6527.300	4134.375	4134.375
103	Spectrogram 1	1	12.166688685	12.167686418	2654.167	6527.300	4134.375	4134.375
104	Spectrogram 1	1	12.167686418	12.168684150	2654.167	6527.300	4134.375	4134.375
105	Spectrogram 1	1	12.168684150	12.169681883	2654.167	6527.300	4134.375	4134.375
106	Spectrogram 1	1	12.169681883	12.170679615	2654.167	6527.300	4306.641	4306.641
107	Spectrogram 1	1	12.170679615	12.171677348	2654.167	6527.300	4306.641	4306.641
108	Spectrogram 1	1	12.171677348	12.172675080	2654.167	6527.300	4306.641	4306.641
109	Spectrogram 1	1	12.172675080	12.173672812	2654.167	6527.300	4306.641	4306.641
110	Spectrogram 1	1	12.173672812	12.174670545	2654.167	6527.300	4306.641	4306.641
111	Spectrogram 1	1	12.174670545	12.175668277	2654.167	6527.300	4306.641	4306.641
112	Spectrogram 1	1	12.175668277	12.176666010	2654.167	6527.300	4478.906	4478.906
113	Spectrogram 1	1	12.176666010	12.177663742	2654.167	6527.300	4478.906	4478.906
114	Spectrogram 1	1	12.177663742	12.178661475	2654.167	6527.300	4478.906	4478.906
115	Spectrogram 1	1	12.178661475	12.179659207	2654.167	6527.300	4478.906	4478.906
116	Spectrogram 1	1	12.179659207	12.180656939	2654.167	6527.300	4478.906	4478.906
117	Spectrogram 1	1	12.180656939	12.181654672	2654.167	6527.300	4478.906	4478.906
118	Spectrogram 1	1	12.181654672	12.182652404	2654.167	6527.300	4651.172	4651.172
119	Spectrogram 1	1	12.182652404	12.183650137	2654.167	6527.300	4651.172	4651.172
120	Spectrogram 1	1	12.183650137	12.184647869	2654.167	6527.300	4651.172	4651.172
121	Spectrogram 1	1	12.184647869	12.185645602	2654.167	6527.300	4651.172	4651.172
122	Spectrogram 1	1	12.185645602	12.186643334	2654.167	6527.300	4651.172	4651.172
123	Spectrogram 1	1	12.186643334	12.187641066	2654.167	6527.300	4651.172	4651.172
124	Spectrogram 1	1	12.187641066	12.188638799	2654.167	6527.300	4823.438	4823.438
125	Spectrogram 1	1	12.188638799	12.189636531	2654.167	6527.300	4823.438	4823.438
126	Spectrogram 1	1	12.189636531	12.190634264	2654.167	6527.300	4823.438	4823.438
127	Spectrogram 1	1	12.190634264	12.191631996	2654.167	6527.300	4823.438	4823.438
128	Spectrogram 1	1	12.191631996	12.192629729	2654.167	6527.300	4823.438	4823.438
129	Spectrogram 1	1	12.192629729	12.193627461	2654.167	6527.300	4823.438	4823.438
130	Spectrogram 1	1	12.193627461	12.194625193	2654.167	6527.300	4909.570	4909.570
131	Spectrogram 1	1	12.194625193	12.195622926	2654.167	6527.300	4909.570	4909.570
132	Spectrogram 1	1	12.195622926	12.196620658	2654.167	6527.300	4909.570	4909.570
133	Spectrogram 1	1	12.196620658	12.197618391	2654.167	6527.300	4909.570	4909.570
134	Spectrogram 1	1	12.197618391	12.198616123	2654.167	6527.300	4909.570	4909.570
135	Spectrogram 1	1	12.198616123	12.199613856	2654.167	6527.300	4909.570	4909.570
136	Spectrogram 1	1	12.199613856	12.200611588	2654.167	6527.300	4823.438	4909.570
137	Spectrogram 1	1	12.200611588	12.201609320	2654.167	6527.300	4823.438	4909.570
138	Spectrogram 1	1	12.201609320	12.202607053	2654.167	6527.300	4823.438	4909.570
139	Spectrogram 1	1	12.202607053	12.203604785	2654.167	6527.300	4823.438	4909.570
140	Spectrogram 1	1	12.203604785	12.204602518	2654.167	6527.300	4823.438	4909.570
141	Spectrogram 1	1	12.204602518	12.205600250	2654.167	6527.300	4909.570	4909.570
142	Spectrogram 1	1	12.205600250	12.206597983	2654.167	6527.300	4909.570	4909.570
143	Spectrogram 1	1	12.206597983	12.207595715	2654.167	6527.300	4909.570	4909.570
144	Spectrogram 1	1	12.207595715	12.208593447	2654.167	6527.300	4909.570	4909.570
145	Spectrogram 1	1	12.208593447	12.209591180	2654.167	6527.300	4909.570	4909.570
146	Spectrogram 1	1	12.209591180	12.210588912	2654.167	6527.300	4909.570	4909.570
147	Spectrogram 1	1	12.210588912	12.211586645	2654.167	6527.300	4823.438	4909.570
148	Spectrogram 1	1	12.211586645	12.212584377	2654.167	6527.300	4823.438	4909.570
149	Spectrogram 1	1	12.212584377	12.213582110	2654.167	6527.300	4823.438	4909.570
150	Spectrogram 1	1	12.213582110	12.214579842	2654.167	6527.300	4823.438	4909.570
151	Spectrogram 1	1	12.214579842	12.215577574	2654.167	6527.300	4823.438	4909.570
152	Spectrogram 1	1	12.215577574	12.216575307	2654.167	6527.300	4823.438	4909.570
153	Spectrogram 1	1	12.216575307	12.217573039	2654.167	6527.300	4651.172	4737.305
154	Spectrogram 1	1	12.217573039	12.218570772	2654.167	6527.300	4651.172	4737.305
155	Spectrogram 1	1	12.218570772	12.219568504	2654.167	6527.300	4651.172	4737.305
156	Spectrogram 1	1	12.219568504	12.220566237	2654.167	6527.300	4651.172	4737.305
157	Spectrogram 1	1	12.220566237	12.221563969	2654.167	6527.300	4651.172	4737.305
158	Spectrogram 1	1	12.221563969	12.222561701	2654.167	6527.300	4651.172	4737.305
159	Spectrogram 1	1	12.222561701	12.223559434	2654.167	6527.300	5770.898	4909.570
160	Spectrogram 1	1	12.223559434	12.224557166	2654.167	6527.300	5770.898	4909.570
161	Spectrogram 1	1	12.224557166	12.225554899	2654.167	6527.300	5770.898	4909.570
162	Spectrogram 1	1	12.225554899	12.226552631	2654.167	6527.300	5770.898	4909.570
163	Spectrogram 1	1	12.226552631	12.227550363	2654.167	6527.300	5770.898	4909.570
164	Spectrogram 1	1	12.227550363	12.228548096	2654.167	6527.300	5770.898	4909.570
165	Spectrogram 1	1	12.228548096	12.229545828	2654.167	6527.300	6287.695	6287.695
166	Spectrogram 1	1	12.229545828	12.230543561	2654.167	6527.300	6287.695	6287.695
167	Spectrogram 1	1	12.230543561	12.231541293	2654.167	6527.300	6287.695	6287.695
168	Spectrogram 1	1	12.231541293	12.232539026	2654.167	6527.300	6287.695	6287.695
169	Spectrogram 1	1	12.232539026	12.233536758	2654.167	6527.300	6287.695	6287.695
170	Spectrogram 1	1	12.233536758	12.234534490	2654.167	6527.300	4909.570	4651.172
171	Spectrogram 1	1	12.234534490	12.235532223	2654.167	6527.300	4909.570	4651.172
172	Spectrogram 1	1	12.235532223	12.236529955	2654.167	6527.300	4909.570	4651.172
173	Spectrogram 1	1	12.236529955	12.237527688	2654.167	6527.300	4909.570	4651.172
174	Spectrogram 1	1	12.237527688	12.238525420	2654.167	6527.300	4909.570	4651.172
175	Spectrogram 1	1	12.238525420	12.239523153	2654.167	6527.300	4909.570	4651.172
176	Spectrogram 1	1	12.239523153	12.240520885	2654.167	6527.300	4392.773	4306.641
177	Spectrogram 1	1	12.240520885	12.241518617	2654.167	6527.300	4392.773	4306.641
178	Spectrogram 1	1	12.241518617	12.242516350	2654.167	6527.300	4392.773	4306.641
179	Spectrogram 1	1	12.242516350	12.243514082	2654.167	6527.300	4392.773	4306.641
180	Spectrogram 1	1	12.243514082	12.244511815	2654.167	6527.300	4392.773	4306.641
181	Spectrogram 1	1	12.244511815	12.245509547	2654.167	6527.300	4392.773	4306.641
182	Spectrogram 1	1	12.245509547	12.246507280	2654.167	6527.300	3962.109	3962.109
183	Spectrogram 1	1	12.246507280	12.247505012	2654.167	6527.300	3962.109	3962.109
184	Spectrogram 1	1	12.247505012	12.248502744	2654.167	6527.300	3962.109	3962.109
185	Spectrogram 1	1	12.248502744	12.249500477	2654.167	6527.300	3962.109	3962.109
186	Spectrogram 1	1	12.249500477	12.250498209	2654.167	6527.300	3962.109	3962.109
187	Spectrogram 1	1	12.250498209	12.251495942	2654.167	6527.300	3962.109	3962.109
188	Spectrogram 1	1	12.251495942	12.252493674	2654.167	6527.300	4220.508	4220.508
189	Spectrogram 1	1	12.252493674	12.253491407	2654.167	6527.300	4220.508	4220.508
190	Spectrogram 1	1	12.253491407	12.254489139	2654.167	6527.300	4220.508	4220.508
191	Spectrogram 1	1	12.254489139	12.255486871	2654.167	6527.300	4220.508	4220.508
192	Spectrogram 1	1	12.255486871	12.256484604	2654.167	6527.300	4220.508	4220.508
193	Spectrogram 1	1	12.256484604	12.257482336	2654.167	6527.300	4220.508	4220.508
194	Spectrogram 1	1	12.257482336	12.258480069	2654.167	6527.300	4220.508	3789.844
195	Spectrogram 1	1	12.258480069	12.259477801	2654.167	6527.300	4220.508	3789.844
196	Spectrogram 1	1	12.259477801	12.260475534	2654.167	6527.300	4220.508	3789.844
197	Spectrogram 1	1	12.260475534	12.261293225	2654.167	6527.300	4220.508	3789.844
