Selection	View	Channel	Begin Time (s)	End Time (s)	Low Freq (Hz)	High Freq (Hz)	Center Freq (Hz)	Peak Freq (Hz)
1	Spectrogram 1	1	24.904643897	24.905643897	2750.000	6500.000	3000.000	3000.000
2	Spectrogram 1	1	24.905643897	24.906643897	2750.000	6500.000	3000.000	3000.000
3	Spectrogram 1	1	24.906643897	24.907643897	2750.000	6500.000	3000.000	3000.000
4	Spectrogram 1	1	24.907643897	24.908643897	2750.000	6500.000	3187.500	3000.000
5	Spectrogram 1	1	24.908643897	24.909643897	2750.000	6500.000	3187.500	3000.000
6	Spectrogram 1	1	24.909643897	24.910643897	2750.000	6500.000	3187.500	3000.000
7	Spectrogram 1	1	24.910643897	24.911643897	2750.000	6500.000	3187.500	3375.000
8	Spectrogram 1	1	24.911643897	24.912643897	2750.000	6500.000	3187.500	3375.000
9	Spectrogram 1	1	24.912643897	24.913643897	2750.000	6500.000	3187.500	3375.000
10	Spectrogram 1	1	24.913643897	24.914643897	2750.000	6500.000	3375.000	3375.000
11	Spectrogram 1	1	24.914643897	24.915643897	2750.000	6500.000	3375.000	3375.000
12	Spectrogram 1	1	24.915643897	24.916643897	2750.000	6500.000	3562.500	3562.500
13	Spectrogram 1	1	24.916643897	24.917643897	2750.000	6500.000	3562.500	3562.500
14	Spectrogram 1	1	24.917643897	24.918643897	2750.000	6500.000	3562.500	3562.500
15	Spectrogram 1	1	24.918643897	24.919643897	2750.000	6500.000	3562.500	3562.500
16	Spectrogram 1	1	24.919643897	24.920643897	2750.000	6500.000	3562.500	3562.500
17	Spectrogram 1	1	24.920643897	24.921643897	2750.000	6500.000	3562.500	3562.500
18	Spectrogram 1	1	24.921643897	24.922643897	2750.000	6500.000	3562.500	3562.500
19	Spectrogram 1	1	24.922643897	24.923643897	2750.000	6500.000	3562.500	3562.500
20	Spectrogram 1	1	24.923643897	24.924643897	2750.000	6500.000	3562.500	3562.500
21	Spectrogram 1	1	24.924643897	24.925643897	2750.000	6500.000	3562.500	3562.500
22	Spectrogram 1	1	24.925643897	24.926643897	2750.000	6500.000	3562.500	3562.500
23	Spectrogram 1	1	24.926643897	24.927643897	2750.000	6500.000	3562.500	3562.500
24	Spectrogram 1	1	24.927643897	24.928643897	2750.000	6500.000	3562.500	3562.500
25	Spectrogram 1	1	24.928643897	24.929643897	2750.000	6500.000	3562.500	3562.500
26	Spectrogram 1	1	24.929643897	24.930643897	2750.000	6500.000	3562.500	3562.500
27	Spectrogram 1	1	24.930643897	24.931643897	2750.000	6500.000	3562.500	3562.500
28	Spectrogram 1	1	24.931643897	24.932643897	2750.000	6500.000	3562.500	3562.500
29	Spectrogram 1	1	24.932643897	24.933643897	2750.000	6500.000	3562.500	3562.500
30	Spectrogram 1	1	24.933643897	24.934643897	2750.000	6500.000	3562.500	3562.500
31	Spectrogram 1	1	24.934643897	24.935643897	2750.000	6500.000	3562.500	3562.500
32	Spectrogram 1	1	24.935643897	24.936643897	2750.000	6500.000	3562.500	3562.500
33	Spectrogram 1	1	24.936643897	24.937643897	2750.000	6500.000	3562.500	3562.500
34	Spectrogram 1	1	24.937643897	24.938643897	2750.000	6500.000	3562.500	3562.500
35	Spectrogram 1	1	24.938643897	24.939643897	2750.000	6500.000	3562.500	3562.500
36	Spectrogram 1	1	24.939643897	24.940643897	2750.000	6500.000	3562.500	3562.500
37	Spectrogram 1	1	24.940643897	24.941643897	2750.000	6500.000	3562.500	3562.500
38	Spectrogram 1	1	24.941643897	24.942643897	2750.000	6500.000	3562.500	3562.500
39	Spectrogram 1	1	24.942643897	24.943643897	2750.000	6500.000	3562.500	3562.500
40	Spectrogram 1	1	24.943643897	24.944643897	2750.000	6500.000	3562.500	3562.500
41	Spectrogram 1	1	24.944643897	24.945643897	2750.000	6500.000	3562.500	3562.500
42	Spectrogram 1	1	24.945643897	24.946643897	2750.000	6500.000	3562.500	3562.500
43	Spectrogram 1	1	24.946643897	24.947643897	2750.000	6500.000	3562.500	3562.500
44	Spectrogram 1	1	24.947643897	24.948643897	2750.000	6500.000	3562.500	3562.500
45	Spectrogram 1	1	24.948643897	24.949643897	2750.000	6500.000	3562.500	3562.500
46	Spectrogram 1	1	24.949643897	24.950643897	2750.000	6500.000	3562.500	3562.500
47	Spectrogram 1	1	24.950643897	24.951643897	2750.000	6500.000	3562.500	3562.500
48	Spectrogram 1	1	24.951643897	24.952643897	2750.000	6500.000	3562.500	3562.500
49	Spectrogram 1	1	24.952643897	24.953643897	2750.000	6500.000	3562.500	3562.500
50	Spectrogram 1	1	24.953643897	24.954643897	2750.000	6500.000	3562.500	3562.500
51	Spectrogram 1	1	24.954643897	24.955643897	2750.000	6500.000	3562.500	3562.500
52	Spectrogram 1	1	24.955643897	24.956643897	2750.000	6500.000	3562.500	3562.500
53	Spectrogram 1	1	24.956643897	24.957643897	2750.000	6500.000	3562.500	3562.500
54	Spectrogram 1	1	24.957643897	24.958643897	2750.000	6500.000	3562.500	3562.500
55	Spectrogram 1	1	24.958643897	24.959643897	2750.000	6500.000	3562.500	3562.500
56	Spectrogram 1	1	24.959643897	24.960643897	2750.000	6500.000	3562.500	3562.500
57	Spectrogram 1	1	24.960643897	24.961643897	2750.000	6500.000	3562.500	3562.500
58	Spectrogram 1	1	24.961643897	24.962643897	2750.000	6500.000	3562.500	3562.500
59	Spectrogram 1	1	24.962643897	24.963643897	2750.000	6500.000	3562.500	3562.500
60	Spectrogram 1	1	24.963643897	24.964643897	2750.000	6500.000	3562.500	3562.500
61	Spectrogram 1	1	24.964643897	24.965643897	2750.000	6500.000	3562.500	3562.500
62	Spectrogram 1	1	24.965643897	24.966643897	2750.000	6500.000	3562.500	3562.500
63	Spectrogram 1	1	24.966643897	24.967643897	2750.000	6500.000	3562.500	3562.500
64	Spectrogram 1	1	24.967643897	24.968643897	2750.000	6500.000	3562.500	3562.500
65	Spectrogram 1	1	24.968643897	24.969643897	2750.000	6500.000	3562.500	3562.500
66	Spectrogram 1	1	24.969643897	24.970643897	2750.000	6500.000	3750.000	3750.000
67	Spectrogram 1	1	24.970643897	24.971643897	2750.000	6500.000	3750.000	3750.000
68	Spectrogram 1	1	24.971643897	24.972643897	2750.000	6500.000	3750.000	3750.000
69	Spectrogram 1	1	24.972643897	24.973643897	2750.000	6500.000	3750.000	3750.000
70	Spectrogram 1	1	24.973643897	24.974643897	2750.000	6500.000	3750.000	3750.000
71	Spectrogram 1	1	24.974643897	24.975643897	2750.000	6500.000	3750.000	3750.000
72	Spectrogram 1	1	24.975643897	24.976643897	2750.000	6500.000	3750.000	3750.000
73	Spectrogram 1	1	24.976643897	24.977643897	2750.000	6500.000	3750.000	3750.000
74	Spectrogram 1	1	24.977643897	24.978643897	2750.000	6500.000	3750.000	3750.000
75	Spectrogram 1	1	24.978643897	24.979643897	2750.000	6500.000	3750.000	3750.000
76	Spectrogram 1	1	24.979643897	24.980643897	2750.000	6500.000	3750.000	3750.000
77	Spectrogram 1	1	24.980643897	24.981643897	2750.000	6500.000	3750.000	3750.000
78	Spectrogram 1	1	24.981643897	24.982643897	2750.000	6500.000	3750.000	3750.000
79	Spectrogram 1	1	24.982643897	24.983643897	2750.000	6500.000	3750.000	3750.000
80	Spectrogram 1	1	24.983643897	24.984643897	2750.000	6500.000	3750.000	3750.000
81	Spectrogram 1	1	24.984643897	24.985643897	2750.000	6500.000	3750.000	3750.000
82	Spectrogram 1	1	24.985643897	24.986643897	2750.000	6500.000	3750.000	3750.000
83	Spectrogram 1	1	24.986643897	24.987643897	2750.000	6500.000	3750.000	3750.000
84	Spectrogram 1	1	24.987643897	24.988643897	2750.000	6500.000	3937.500	3937.500
85	Spectrogram 1	1	24.988643897	24.989643897	2750.000	6500.000	3937.500	3937.500
86	Spectrogram 1	1	24.989643897	24.990643897	2750.000	6500.000	3937.500	3937.500
87	Spectrogram 1	1	24.990643897	24.991643897	2750.000	6500.000	3937.500	3937.500
88	Spectrogram 1	1	24.991643897	24.992643897	2750.000	6500.000	3937.500	3937.500
89	Spectrogram 1	1	24.992643897	24.993643897	2750.000	6500.000	3937.500	3937.500
90	Spectrogram 1	1	24.993643897	24.994643897	2750.000	6500.000	3937.500	3937.500
91	Spectrogram 1	1	24.994643897	24.995643897	2750.000	6500.000	3937.500	3937.500
92	Spectrogram 1	1	24.995643897	24.996643897	2750.000	6500.000	3937.500	3937.500
93	Spectrogram 1	1	24.996643897	24.997643897	2750.000	6500.000	3937.500	3937.500
94	Spectrogram 1	1	24.997643897	24.998643897	2750.000	6500.000	3937.500	3937.500
95	Spectrogram 1	1	24.998643897	24.999643897	2750.000	6500.000	4125.000	4125.000
96	Spectrogram 1	1	24.999643897	25.000643897	2750.000	6500.000	4125.000	4125.000
97	Spectrogram 1	1	25.000643897	25.001643897	2750.000	6500.000	4125.000	4125.000
98	Spectrogram 1	1	25.001643897	25.002643897	2750.000	6500.000	4125.000	4125.000
99	Spectrogram 1	1	25.002643897	25.003643897	2750.000	6500.000	4125.000	4125.000
100	Spectrogram 1	1	25.003643897	25.004643897	2750.000	6500.000	4125.000	4125.000
101	Spectrogram 1	1	25.004643897	25.005643897	2750.000	6500.000	4125.000	4125.000
102	Spectrogram 1	1	25.005643897	25.006643897	2750.000	6500.000	4125.000	4125.000
103	Spectrogram 1	1	25.006643897	25.007643897	2750.000	6500.000	4312.500	4312.500
104	Spectrogram 1	1	25.007643897	25.008643897	2750.000	6500.000	4312.500	4312.500
105	Spectrogram 1	1	25.008643897	25.009643897	2750.000	6500.000	4312.500	4312.500
106	Spectrogram 1	1	25.009643897	25.010643897	2750.000	6500.000	4312.500	4500.000
107	Spectrogram 1	1	25.010643897	25.011643897	2750.000	6500.000	4312.500	4500.000
108	Spectrogram 1	1	25.011643897	25.012643897	2750.000	6500.000	4500.000	4500.000
109	Spectrogram 1	1	25.012643897	25.013643897	2750.000	6500.000	4500.000	4500.000
110	Spectrogram 1	1	25.013643897	25.014643897	2750.000	6500.000	4500.000	4500.000
111	Spectrogram 1	1	25.014643897	25.015643897	2750.000	6500.000	4500.000	4500.000
112	Spectrogram 1	1	25.015643897	25.016643897	2750.000	6500.000	4500.000	4500.000
113	Spectrogram 1	1	25.016643897	25.017643897	2750.000	6500.000	4500.000	4500.000
114	Spectrogram 1	1	25.017643897	25.018643897	2750.000	6500.000	4687.500	4687.500
115	Spectrogram 1	1	25.018643897	25.019643897	2750.000	6500.000	4687.500	4687.500
116	Spectrogram 1	1	25.019643897	25.020643897	2750.000	6500.000	4687.500	4687.500
117	Spectrogram 1	1	25.020643897	25.021643897	2750.000	6500.000	4687.500	4687.500
118	Spectrogram 1	1	25.021643897	25.022643897	2750.000	6500.000	4687.500	4687.500
119	Spectrogram 1	1	25.022643897	25.023643897	2750.000	6500.000	4687.500	4687.500
120	Spectrogram 1	1	25.023643897	25.024643897	2750.000	6500.000	4687.500	4687.500
121	Spectrogram 1	1	25.024643897	25.025643897	2750.000	6500.000	4687.500	4687.500
122	Spectrogram 1	1	25.025643897	25.026643897	2750.000	6500.000	4312.500	4312.500
123	Spectrogram 1	1	25.026643897	25.027643897	2750.000	6500.000	4312.500	4312.500
124	Spectrogram 1	1	25.027643897	25.028643897	2750.000	6500.000	4125.000	4125.000
125	Spectrogram 1	1	25.028643897	25.029643897	2750.000	6500.000	4125.000	4125.000
126	Spectrogram 1	1	25.029643897	25.030643897	2750.000	6500.000	4125.000	4125.000
127	Spectrogram 1	1	25.030643897	25.031643897	2750.000	6500.000	3750.000	3750.000
128	Spectrogram 1	1	25.031643897	25.032643897	2750.000	6500.000	3750.000	3750.000
129	Spectrogram 1	1	25.032643897	25.033643897	2750.000	6500.000	3750.000	3750.000
130	Spectrogram 1	1	25.033643897	25.034643897	2750.000	6500.000	3937.500	3562.500
131	Spectrogram 1	1	25.034643897	25.035643897	2750.000	6500.000	3937.500	3562.500
132	Spectrogram 1	1	25.035643897	25.036643897	2750.000	6500.000	3750.000	3562.500
133	Spectrogram 1	1	25.036643897	25.037643897	2750.000	6500.000	3750.000	3562.500
134	Spectrogram 1	1	25.037643897	25.038643897	2750.000	6500.000	3750.000	3562.500
135	Spectrogram 1	1	25.038643897	25.039643897	2750.000	6500.000	3750.000	3562.500
136	Spectrogram 1	1	25.039643897	25.040643897	2750.000	6500.000	3750.000	3562.500
137	Spectrogram 1	1	25.040643897	25.041643897	2750.000	6500.000	3750.000	3562.500
138	Spectrogram 1	1	25.041643897	25.042643897	2750.000	6500.000	4312.500	4312.500
139	Spectrogram 1	1	25.042643897	25.043643897	2750.000	6500.000	4312.500	4312.500
140	Spectrogram 1	1	25.043643897	25.044643897	2750.000	6500.000	4687.500	4687.500
141	Spectrogram 1	1	25.044643897	25.045643897	2750.000	6500.000	4687.500	4687.500
142	Spectrogram 1	1	25.045643897	25.046643897	2750.000	6500.000	4687.500	4687.500
143	Spectrogram 1	1	25.046643897	25.047643897	2750.000	6500.000	4687.500	4687.500
144	Spectrogram 1	1	25.047643897	25.048643897	2750.000	6500.000	4687.500	4687.500
145	Spectrogram 1	1	25.048643897	25.049643897	2750.000	6500.000	4687.500	4687.500
146	Spectrogram 1	1	25.049643897	25.050643897	2750.000	6500.000	4687.500	6187.500
147	Spectrogram 1	1	25.050643897	25.051643897	2750.000	6500.000	4687.500	6187.500
148	Spectrogram 1	1	25.051643897	25.052643897	2750.000	6500.000	4875.000	6375.000
149	Spectrogram 1	1	25.052643897	25.053643897	2750.000	6500.000	4875.000	6375.000
150	Spectrogram 1	1	25.053643897	25.054643897	2750.000	6500.000	4875.000	6375.000
151	Spectrogram 1	1	25.054643897	25.055643897	2750.000	6500.000	6187.500	6375.000
152	Spectrogram 1	1	25.055643897	25.056643897	2750.000	6500.000	6187.500	6375.000
153	Spectrogram 1	1	25.056643897	25.057643897	2750.000	6500.000	6187.500	6375.000
154	Spectrogram 1	1	25.057643897	25.058643897	2750.000	6500.000	6000.000	6000.000
155	Spectrogram 1	1	25.058643897	25.059643897	2750.000	6500.000	6000.000	6000.000
156	Spectrogram 1	1	25.059643897	25.060643897	2750.000	6500.000	5625.000	5625.000
157	Spectrogram 1	1	25.060643897	25.061643897	2750.000	6500.000	5625.000	5625.000
158	Spectrogram 1	1	25.061643897	25.062643897	2750.000	6500.000	5625.000	5625.000
159	Spectrogram 1	1	25.062643897	25.063643897	2750.000	6500.000	5062.500	5062.500
160	Spectrogram 1	1	25.063643897	25.064643897	2750.000	6500.000	5062.500	5062.500
161	Spectrogram 1	1	25.064643897	25.065643897	2750.000	6500.000	5062.500	5062.500
162	Spectrogram 1	1	25.065643897	25.066643897	2750.000	6500.000	4875.000	4875.000
163	Spectrogram 1	1	25.066643897	25.067643897	2750.000	6500.000	4875.000	4875.000
164	Spectrogram 1	1	25.067643897	25.068643897	2750.000	6500.000	4687.500	4687.500
165	Spectrogram 1	1	25.068643897	25.069643897	2750.000	6500.000	4687.500	4687.500
166	Spectrogram 1	1	25.069643897	25.070643897	2750.000	6500.000	4687.500	4687.500
167	Spectrogram 1	1	25.070643897	25.071643897	2750.000	6500.000	4500.000	4500.000
168	Spectrogram 1	1	25.071643897	25.072643897	2750.000	6500.000	4500.000	4500.000
169	Spectrogram 1	1	25.072643897	25.073643897	2750.000	6500.000	4500.000	4500.000
170	Spectrogram 1	1	25.073643897	25.074643897	2750.000	6500.000	4312.500	4312.500
171	Spectrogram 1	1	25.074643897	25.075643897	2750.000	6500.000	4312.500	4312.500
172	Spectrogram 1	1	25.075643897	25.076643897	2750.000	6500.000	4125.000	4125.000
173	Spectrogram 1	1	25.076643897	25.077643897	2750.000	6500.000	4125.000	4125.000
174	Spectrogram 1	1	25.077643897	25.078643897	2750.000	6500.000	4125.000	4125.000
175	Spectrogram 1	1	25.078643897	25.079643897	2750.000	6500.000	4125.000	4125.000
176	Spectrogram 1	1	25.079643897	25.080643897	2750.000	6500.000	4125.000	4125.000
177	Spectrogram 1	1	25.080643897	25.081643897	2750.000	6500.000	4125.000	4125.000
178	Spectrogram 1	1	25.081643897	25.082643897	2750.000	6500.000	3937.500	3937.500
179	Spectrogram 1	1	25.082643897	25.083643897	2750.000	6500.000	3937.500	3937.500
180	Spectrogram 1	1	25.083643897	25.084643897	2750.000	6500.000	3750.000	3750.000
181	Spectrogram 1	1	25.084643897	25.085643897	2750.000	6500.000	3750.000	3750.000
182	Spectrogram 1	1	25.085643897	25.086643897	2750.000	6500.000	3750.000	3750.000
183	Spectrogram 1	1	25.086643897	25.087643897	2750.000	6500.000	3750.000	3750.000
184	Spectrogram 1	1	25.087643897	25.088643897	2750.000	6500.000	3750.000	3750.000
185	Spectrogram 1	1	25.088643897	25.089643897	2750.000	6500.000	3750.000	3750.000
186	Spectrogram 1	1	25.089643897	25.090643897	2750.000	6500.000	3750.000	3750.000
187	Spectrogram 1	1	25.090643897	25.091643897	2750.000	6500.000	3750.000	3750.000
188	Spectrogram 1	1	25.091643897	25.092643897	2750.000	6500.000	3750.000	3750.000
189	Spectrogram 1	1	25.092643897	25.093643897	2750.000	6500.000	3750.000	3750.000
190	Spectrogram 1	1	25.093643897	25.094643897	2750.000	6500.000	3750.000	3750.000
191	Spectrogram 1	1	25.094643897	25.095643897	2750.000	6500.000	3562.500	3562.500
192	Spectrogram 1	1	25.095643897	25.096643897	2750.000	6500.000	3562.500	3562.500
193	Spectrogram 1	1	25.096643897	25.097643897	2750.000	6500.000	3562.500	3562.500
194	Spectrogram 1	1	25.097643897	25.098643897	2750.000	6500.000	3562.500	3562.500
195	Spectrogram 1	1	25.098643897	25.099643897	2750.000	6500.000	3562.500	3562.500
196	Spectrogram 1	1	25.099643897	25.100643897	2750.000	6500.000	3562.500	3562.500
197	Spectrogram 1	1	25.100643897	25.101643897	2750.000	6500.000	3562.500	3562.500
198	Spectrogram 1	1	25.101643897	25.102643897	2750.000	6500.000	3562.500	3562.500
199	Spectrogram 1	1	25.102643897	25.103643897	2750.000	6500.000	3562.500	3562.500
200	Spectrogram 1	1	25.103643897	25.104643897	2750.000	6500.000	3562.500	3562.500
201	Spectrogram 1	1	25.104643897	25.105643897	2750.000	6500.000	3562.500	3562.500
202	Spectrogram 1	1	25.105643897	25.106643897	2750.000	6500.000	3562.500	3562.500
203	Spectrogram 1	1	25.106643897	25.107643897	2750.000	6500.000	3562.500	3562.500
204	Spectrogram 1	1	25.107643897	25.108643897	2750.000	6500.000	3375.000	3375.000
205	Spectrogram 1	1	25.108643897	25.109643897	2750.000	6500.000	3375.000	3375.000
206	Spectrogram 1	1	25.109643897	25.110643897	2750.000	6500.000	3375.000	3375.000
207	Spectrogram 1	1	25.110643897	25.111643897	2750.000	6500.000	3375.000	3375.000
208	Spectrogram 1	1	25.111643897	25.112643897	2750.000	6500.000	3375.000	3375.000
209	Spectrogram 1	1	25.112643897	25.113643897	2750.000	6500.000	3375.000	3375.000
210	Spectrogram 1	1	25.113643897	25.114643897	2750.000	6500.000	3375.000	3375.000
211	Spectrogram 1	1	25.114643897	25.115643897	2750.000	6500.000	3375.000	3375.000
212	Spectrogram 1	1	25.115643897	25.116643897	2750.000	6500.000	3375.000	3375.000
213	Spectrogram 1	1	25.116643897	25.117643897	2750.000	6500.000	3375.000	3375.000
214	Spectrogram 1	1	25.117643897	25.118643897	2750.000	6500.000	3375.000	3375.000
215	Spectrogram 1	1	25.118643897	25.119643897	2750.000	6500.000	3375.000	3375.000
216	Spectrogram 1	1	25.119643897	25.120643897	2750.000	6500.000	3375.000	3375.000
217	Spectrogram 1	1	25.120643897	25.121643897	2750.000	6500.000	3375.000	3375.000
218	Spectrogram 1	1	25.121643897	25.122643897	2750.000	6500.000	3375.000	3375.000
219	Spectrogram 1	1	25.122643897	25.123643897	2750.000	6500.000	3375.000	3375.000
220	Spectrogram 1	1	25.123643897	25.124643897	2750.000	6500.000	3187.500	3187.500
221	Spectrogram 1	1	25.124643897	25.125643897	2750.000	6500.000	3187.500	3187.500
222	Spectrogram 1	1	25.125643897	25.126643897	2750.000	6500.000	3187.500	3187.500
223	Spectrogram 1	1	25.126643897	25.127643897	2750.000	6500.000	3187.500	3187.500
224	Spectrogram 1	1	25.127643897	25.128643897	2750.000	6500.000	3187.500	3187.500
225	Spectrogram 1	1	25.128643897	25.129643897	2750.000	6500.000	3187.500	3187.500
226	Spectrogram 1	1	25.129643897	25.130643897	2750.000	6500.000	3187.500	3187.500
227	Spectrogram 1	1	25.130643897	25.131643897	2750.000	6500.000	3187.500	3187.500
228	Spectrogram 1	1	25.131643897	25.132643897	2750.000	6500.000	3187.500	3187.500
229	Spectrogram 1	1	25.132643897	25.133643897	2750.000	6500.000	3187.500	3187.500
230	Spectrogram 1	1	25.133643897	25.134643897	2750.000	6500.000	3187.500	3187.500
231	Spectrogram 1	1	25.134643897	25.135643897	2750.000	6500.000	3187.500	3187.500
232	Spectrogram 1	1	25.135643897	25.136643897	2750.000	6500.000	3187.500	3187.500
233	Spectrogram 1	1	25.136643897	25.137643897	2750.000	6500.000	3187.500	3187.500
234	Spectrogram 1	1	25.137643897	25.138643897	2750.000	6500.000	3750.000	3375.000
235	Spectrogram 1	1	25.138643897	25.139643897	2750.000	6500.000	3750.000	3375.000
236	Spectrogram 1	1	25.139643897	25.140643897	2750.000	6500.000	3562.500	3375.000
237	Spectrogram 1	1	25.140643897	25.140723333	2750.000	6500.000	3562.500	3375.000
