Selection	View	Channel	Begin Time (s)	End Time (s)	Low Freq (Hz)	High Freq (Hz)	Center Freq (Hz)	Peak Freq (Hz)
1	Spectrogram 1	2	42.847325291	42.848323023	2638.462	5015.100	2842.383	2756.250
2	Spectrogram 1	2	42.848323023	42.849320756	2638.462	5015.100	2842.383	2756.250
3	Spectrogram 1	2	42.849320756	42.850318488	2638.462	5015.100	3014.648	2928.516
4	Spectrogram 1	2	42.850318488	42.851316221	2638.462	5015.100	3014.648	2928.516
5	Spectrogram 1	2	42.851316221	42.852313953	2638.462	5015.100	3014.648	2928.516
6	Spectrogram 1	2	42.852313953	42.853311686	2638.462	5015.100	3014.648	2928.516
7	Spectrogram 1	2	42.853311686	42.854309418	2638.462	5015.100	3014.648	2928.516
8	Spectrogram 1	2	42.854309418	42.855307150	2638.462	5015.100	3014.648	2928.516
9	Spectrogram 1	2	42.855307150	42.856304883	2638.462	5015.100	3273.047	3273.047
10	Spectrogram 1	2	42.856304883	42.857302615	2638.462	5015.100	3273.047	3273.047
11	Spectrogram 1	2	42.857302615	42.858300348	2638.462	5015.100	3273.047	3273.047
12	Spectrogram 1	2	42.858300348	42.859298080	2638.462	5015.100	3273.047	3273.047
13	Spectrogram 1	2	42.859298080	42.860295813	2638.462	5015.100	3273.047	3273.047
14	Spectrogram 1	2	42.860295813	42.861293545	2638.462	5015.100	3273.047	3273.047
15	Spectrogram 1	2	42.861293545	42.862291277	2638.462	5015.100	3531.445	3531.445
16	Spectrogram 1	2	42.862291277	42.863289010	2638.462	5015.100	3531.445	3531.445
17	Spectrogram 1	2	42.863289010	42.864286742	2638.462	5015.100	3531.445	3531.445
18	Spectrogram 1	2	42.864286742	42.865284475	2638.462	5015.100	3531.445	3531.445
19	Spectrogram 1	2	42.865284475	42.866282207	2638.462	5015.100	3531.445	3531.445
20	Spectrogram 1	2	42.866282207	42.867279940	2638.462	5015.100	3531.445	3531.445
21	Spectrogram 1	2	42.867279940	42.868277672	2638.462	5015.100	3531.445	3531.445
22	Spectrogram 1	2	42.868277672	42.869275404	2638.462	5015.100	3531.445	3531.445
23	Spectrogram 1	2	42.869275404	42.870273137	2638.462	5015.100	3531.445	3531.445
24	Spectrogram 1	2	42.870273137	42.871270869	2638.462	5015.100	3531.445	3531.445
25	Spectrogram 1	2	42.871270869	42.872268602	2638.462	5015.100	3531.445	3531.445
26	Spectrogram 1	2	42.872268602	42.873266334	2638.462	5015.100	3531.445	3531.445
27	Spectrogram 1	2	42.873266334	42.874264067	2638.462	5015.100	3531.445	3531.445
28	Spectrogram 1	2	42.874264067	42.875261799	2638.462	5015.100	3531.445	3531.445
29	Spectrogram 1	2	42.875261799	42.876259531	2638.462	5015.100	3531.445	3531.445
30	Spectrogram 1	2	42.876259531	42.877257264	2638.462	5015.100	3531.445	3531.445
31	Spectrogram 1	2	42.877257264	42.878254996	2638.462	5015.100	3531.445	3531.445
32	Spectrogram 1	2	42.878254996	42.879252729	2638.462	5015.100	3617.578	3617.578
33	Spectrogram 1	2	42.879252729	42.880250461	2638.462	5015.100	3617.578	3617.578
34	Spectrogram 1	2	42.880250461	42.881248193	2638.462	5015.100	3617.578	3617.578
35	Spectrogram 1	2	42.881248193	42.882245926	2638.462	5015.100	3617.578	3617.578
36	Spectrogram 1	2	42.882245926	42.883243658	2638.462	5015.100	3617.578	3617.578
37	Spectrogram 1	2	42.883243658	42.884241391	2638.462	5015.100	3617.578	3617.578
38	Spectrogram 1	2	42.884241391	42.885239123	2638.462	5015.100	3617.578	3617.578
39	Spectrogram 1	2	42.885239123	42.886236856	2638.462	5015.100	3617.578	3617.578
40	Spectrogram 1	2	42.886236856	42.887234588	2638.462	5015.100	3617.578	3617.578
41	Spectrogram 1	2	42.887234588	42.888232320	2638.462	5015.100	3617.578	3617.578
42	Spectrogram 1	2	42.888232320	42.889230053	2638.462	5015.100	3617.578	3617.578
43	Spectrogram 1	2	42.889230053	42.890227785	2638.462	5015.100	3617.578	3617.578
44	Spectrogram 1	2	42.890227785	42.891225518	2638.462	5015.100	3703.711	3703.711
45	Spectrogram 1	2	42.891225518	42.892223250	2638.462	5015.100	3703.711	3703.711
46	Spectrogram 1	2	42.892223250	42.893220983	2638.462	5015.100	3703.711	3703.711
47	Spectrogram 1	2	42.893220983	42.894218715	2638.462	5015.100	3703.711	3703.711
48	Spectrogram 1	2	42.894218715	42.895216447	2638.462	5015.100	3703.711	3703.711
49	Spectrogram 1	2	42.895216447	42.896214180	2638.462	5015.100	3703.711	3703.711
50	Spectrogram 1	2	42.896214180	42.897211912	2638.462	5015.100	3789.844	3789.844
51	Spectrogram 1	2	42.897211912	42.898209645	2638.462	5015.100	3789.844	3789.844
52	Spectrogram 1	2	42.898209645	42.899207377	2638.462	5015.100	3789.844	3789.844
53	Spectrogram 1	2	42.899207377	42.900205110	2638.462	5015.100	3789.844	3789.844
54	Spectrogram 1	2	42.900205110	42.901202842	2638.462	5015.100	3789.844	3789.844
55	Spectrogram 1	2	42.901202842	42.902200574	2638.462	5015.100	3789.844	3789.844
56	Spectrogram 1	2	42.902200574	42.903198307	2638.462	5015.100	3789.844	3789.844
57	Spectrogram 1	2	42.903198307	42.904196039	2638.462	5015.100	3789.844	3789.844
58	Spectrogram 1	2	42.904196039	42.905193772	2638.462	5015.100	3789.844	3789.844
59	Spectrogram 1	2	42.905193772	42.906191504	2638.462	5015.100	3789.844	3789.844
60	Spectrogram 1	2	42.906191504	42.907189237	2638.462	5015.100	3789.844	3789.844
61	Spectrogram 1	2	42.907189237	42.908186969	2638.462	5015.100	3875.977	3875.977
62	Spectrogram 1	2	42.908186969	42.909184701	2638.462	5015.100	3875.977	3875.977
63	Spectrogram 1	2	42.909184701	42.910182434	2638.462	5015.100	3875.977	3875.977
64	Spectrogram 1	2	42.910182434	42.911180166	2638.462	5015.100	3875.977	3875.977
65	Spectrogram 1	2	42.911180166	42.912177899	2638.462	5015.100	3875.977	3875.977
66	Spectrogram 1	2	42.912177899	42.913175631	2638.462	5015.100	3875.977	3875.977
67	Spectrogram 1	2	42.913175631	42.914173364	2638.462	5015.100	3962.109	3962.109
68	Spectrogram 1	2	42.914173364	42.915171096	2638.462	5015.100	3962.109	3962.109
69	Spectrogram 1	2	42.915171096	42.916168828	2638.462	5015.100	3962.109	3962.109
70	Spectrogram 1	2	42.916168828	42.917166561	2638.462	5015.100	3962.109	3962.109
71	Spectrogram 1	2	42.917166561	42.918164293	2638.462	5015.100	3962.109	3962.109
72	Spectrogram 1	2	42.918164293	42.919162026	2638.462	5015.100	3962.109	3962.109
73	Spectrogram 1	2	42.919162026	42.920159758	2638.462	5015.100	4048.242	4048.242
74	Spectrogram 1	2	42.920159758	42.921157491	2638.462	5015.100	4048.242	4048.242
75	Spectrogram 1	2	42.921157491	42.922155223	2638.462	5015.100	4048.242	4048.242
76	Spectrogram 1	2	42.922155223	42.923152955	2638.462	5015.100	4048.242	4048.242
77	Spectrogram 1	2	42.923152955	42.924150688	2638.462	5015.100	4048.242	4048.242
78	Spectrogram 1	2	42.924150688	42.925148420	2638.462	5015.100	4048.242	4048.242
79	Spectrogram 1	2	42.925148420	42.926146153	2638.462	5015.100	4134.375	4134.375
80	Spectrogram 1	2	42.926146153	42.927143885	2638.462	5015.100	4134.375	4134.375
81	Spectrogram 1	2	42.927143885	42.928141618	2638.462	5015.100	4134.375	4134.375
82	Spectrogram 1	2	42.928141618	42.929139350	2638.462	5015.100	4134.375	4134.375
83	Spectrogram 1	2	42.929139350	42.930137082	2638.462	5015.100	4134.375	4134.375
84	Spectrogram 1	2	42.930137082	42.931134815	2638.462	5015.100	4134.375	4134.375
85	Spectrogram 1	2	42.931134815	42.932132547	2638.462	5015.100	4306.641	4306.641
86	Spectrogram 1	2	42.932132547	42.933130280	2638.462	5015.100	4306.641	4306.641
87	Spectrogram 1	2	42.933130280	42.934128012	2638.462	5015.100	4306.641	4306.641
88	Spectrogram 1	2	42.934128012	42.935125745	2638.462	5015.100	4306.641	4306.641
89	Spectrogram 1	2	42.935125745	42.936123477	2638.462	5015.100	4306.641	4306.641
90	Spectrogram 1	2	42.936123477	42.937121209	2638.462	5015.100	4392.773	4478.906
91	Spectrogram 1	2	42.937121209	42.938118942	2638.462	5015.100	4392.773	4478.906
92	Spectrogram 1	2	42.938118942	42.939116674	2638.462	5015.100	4392.773	4478.906
93	Spectrogram 1	2	42.939116674	42.940114407	2638.462	5015.100	4392.773	4478.906
94	Spectrogram 1	2	42.940114407	42.941112139	2638.462	5015.100	4392.773	4478.906
95	Spectrogram 1	2	42.941112139	42.942109871	2638.462	5015.100	4392.773	4478.906
96	Spectrogram 1	2	42.942109871	42.943107604	2638.462	5015.100	4565.039	4565.039
97	Spectrogram 1	2	42.943107604	42.944105336	2638.462	5015.100	4565.039	4565.039
98	Spectrogram 1	2	42.944105336	42.945103069	2638.462	5015.100	4565.039	4565.039
99	Spectrogram 1	2	42.945103069	42.946100801	2638.462	5015.100	4565.039	4565.039
100	Spectrogram 1	2	42.946100801	42.947098534	2638.462	5015.100	4565.039	4565.039
101	Spectrogram 1	2	42.947098534	42.948096266	2638.462	5015.100	4565.039	4565.039
102	Spectrogram 1	2	42.948096266	42.949093998	2638.462	5015.100	4651.172	4737.305
103	Spectrogram 1	2	42.949093998	42.950091731	2638.462	5015.100	4651.172	4737.305
104	Spectrogram 1	2	42.950091731	42.951089463	2638.462	5015.100	4651.172	4737.305
105	Spectrogram 1	2	42.951089463	42.952087196	2638.462	5015.100	4651.172	4737.305
106	Spectrogram 1	2	42.952087196	42.953084928	2638.462	5015.100	4651.172	4737.305
107	Spectrogram 1	2	42.953084928	42.954082661	2638.462	5015.100	4651.172	4737.305
108	Spectrogram 1	2	42.954082661	42.955080393	2638.462	5015.100	4737.305	4737.305
109	Spectrogram 1	2	42.955080393	42.956078125	2638.462	5015.100	4737.305	4737.305
110	Spectrogram 1	2	42.956078125	42.957075858	2638.462	5015.100	4737.305	4737.305
111	Spectrogram 1	2	42.957075858	42.958073590	2638.462	5015.100	4737.305	4737.305
112	Spectrogram 1	2	42.958073590	42.959071323	2638.462	5015.100	4737.305	4737.305
113	Spectrogram 1	2	42.959071323	42.960069055	2638.462	5015.100	4737.305	4737.305
114	Spectrogram 1	2	42.960069055	42.961066788	2638.462	5015.100	4048.242	4048.242
115	Spectrogram 1	2	42.961066788	42.962064520	2638.462	5015.100	4048.242	4048.242
116	Spectrogram 1	2	42.962064520	42.963062252	2638.462	5015.100	4048.242	4048.242
117	Spectrogram 1	2	42.963062252	42.964059985	2638.462	5015.100	4048.242	4048.242
118	Spectrogram 1	2	42.964059985	42.965057717	2638.462	5015.100	4048.242	4048.242
119	Spectrogram 1	2	42.965057717	42.966055450	2638.462	5015.100	4048.242	4048.242
120	Spectrogram 1	2	42.966055450	42.967053182	2638.462	5015.100	4134.375	4220.508
121	Spectrogram 1	2	42.967053182	42.968050915	2638.462	5015.100	4134.375	4220.508
122	Spectrogram 1	2	42.968050915	42.969048647	2638.462	5015.100	4134.375	4220.508
123	Spectrogram 1	2	42.969048647	42.970046379	2638.462	5015.100	4134.375	4220.508
124	Spectrogram 1	2	42.970046379	42.971044112	2638.462	5015.100	4134.375	4220.508
125	Spectrogram 1	2	42.971044112	42.972041844	2638.462	5015.100	4134.375	3100.781
126	Spectrogram 1	2	42.972041844	42.973039577	2638.462	5015.100	4134.375	3100.781
127	Spectrogram 1	2	42.973039577	42.974037309	2638.462	5015.100	4134.375	3100.781
128	Spectrogram 1	2	42.974037309	42.975035042	2638.462	5015.100	4134.375	3100.781
129	Spectrogram 1	2	42.975035042	42.976032774	2638.462	5015.100	4134.375	3100.781
130	Spectrogram 1	2	42.976032774	42.977030506	2638.462	5015.100	4134.375	3100.781
131	Spectrogram 1	2	42.977030506	42.978028239	2638.462	5015.100	3273.047	3186.914
132	Spectrogram 1	2	42.978028239	42.979025971	2638.462	5015.100	3273.047	3186.914
133	Spectrogram 1	2	42.979025971	42.980023704	2638.462	5015.100	3273.047	3186.914
134	Spectrogram 1	2	42.980023704	42.981021436	2638.462	5015.100	3273.047	3186.914
135	Spectrogram 1	2	42.981021436	42.982019169	2638.462	5015.100	3273.047	3186.914
136	Spectrogram 1	2	42.982019169	42.983016901	2638.462	5015.100	3273.047	3186.914
137	Spectrogram 1	2	42.983016901	42.984014633	2638.462	5015.100	3273.047	3273.047
138	Spectrogram 1	2	42.984014633	42.985012366	2638.462	5015.100	3273.047	3273.047
139	Spectrogram 1	2	42.985012366	42.986010098	2638.462	5015.100	3273.047	3273.047
140	Spectrogram 1	2	42.986010098	42.987007831	2638.462	5015.100	3273.047	3273.047
141	Spectrogram 1	2	42.987007831	42.988005563	2638.462	5015.100	3273.047	3273.047
142	Spectrogram 1	2	42.988005563	42.989003296	2638.462	5015.100	3273.047	3273.047
143	Spectrogram 1	2	42.989003296	42.990001028	2638.462	5015.100	3359.180	3359.180
144	Spectrogram 1	2	42.990001028	42.990998760	2638.462	5015.100	3359.180	3359.180
145	Spectrogram 1	2	42.990998760	42.991996493	2638.462	5015.100	3359.180	3359.180
146	Spectrogram 1	2	42.991996493	42.992994225	2638.462	5015.100	3359.180	3359.180
147	Spectrogram 1	2	42.992994225	42.993991958	2638.462	5015.100	3359.180	3359.180
148	Spectrogram 1	2	42.993991958	42.994989690	2638.462	5015.100	3359.180	3359.180
149	Spectrogram 1	2	42.994989690	42.995987423	2638.462	5015.100	3359.180	3359.180
150	Spectrogram 1	2	42.995987423	42.996985155	2638.462	5015.100	3359.180	3359.180
151	Spectrogram 1	2	42.996985155	42.997982887	2638.462	5015.100	3359.180	3359.180
152	Spectrogram 1	2	42.997982887	42.998980620	2638.462	5015.100	3359.180	3359.180
153	Spectrogram 1	2	42.998980620	42.999978352	2638.462	5015.100	3359.180	3359.180
154	Spectrogram 1	2	42.999978352	43.000976085	2638.462	5015.100	3359.180	3359.180
155	Spectrogram 1	2	43.000976085	43.001973817	2638.462	5015.100	3359.180	3359.180
156	Spectrogram 1	2	43.001973817	43.002971550	2638.462	5015.100	3359.180	3359.180
157	Spectrogram 1	2	43.002971550	43.003969282	2638.462	5015.100	3359.180	3359.180
158	Spectrogram 1	2	43.003969282	43.004967014	2638.462	5015.100	3359.180	3359.180
159	Spectrogram 1	2	43.004967014	43.005964747	2638.462	5015.100	3359.180	3359.180
160	Spectrogram 1	2	43.005964747	43.006962479	2638.462	5015.100	4651.172	4651.172
161	Spectrogram 1	2	43.006962479	43.007960212	2638.462	5015.100	4651.172	4651.172
162	Spectrogram 1	2	43.007960212	43.008957944	2638.462	5015.100	4651.172	4651.172
163	Spectrogram 1	2	43.008957944	43.009955676	2638.462	5015.100	4651.172	4651.172
164	Spectrogram 1	2	43.009955676	43.010953409	2638.462	5015.100	4651.172	4651.172
165	Spectrogram 1	2	43.010953409	43.011951141	2638.462	5015.100	4651.172	4651.172
166	Spectrogram 1	2	43.011951141	43.012948874	2638.462	5015.100	4392.773	4737.305
167	Spectrogram 1	2	43.012948874	43.013946606	2638.462	5015.100	4392.773	4737.305
168	Spectrogram 1	2	43.013946606	43.014944339	2638.462	5015.100	4392.773	4737.305
169	Spectrogram 1	2	43.014944339	43.015942071	2638.462	5015.100	4392.773	4737.305
170	Spectrogram 1	2	43.015942071	43.016939803	2638.462	5015.100	4392.773	4737.305
171	Spectrogram 1	2	43.016939803	43.017937536	2638.462	5015.100	4392.773	4737.305
172	Spectrogram 1	2	43.017937536	43.018935268	2638.462	5015.100	4048.242	3014.648
173	Spectrogram 1	2	43.018935268	43.019933001	2638.462	5015.100	4048.242	3014.648
174	Spectrogram 1	2	43.019933001	43.020930733	2638.462	5015.100	4048.242	3014.648
175	Spectrogram 1	2	43.020930733	43.021928466	2638.462	5015.100	4048.242	3014.648
176	Spectrogram 1	2	43.021928466	43.022926198	2638.462	5015.100	4048.242	3014.648
177	Spectrogram 1	2	43.022926198	43.023923930	2638.462	5015.100	4048.242	3014.648
178	Spectrogram 1	2	43.023923930	43.024921663	2638.462	5015.100	3014.648	2928.516
179	Spectrogram 1	2	43.024921663	43.025919395	2638.462	5015.100	3014.648	2928.516
180	Spectrogram 1	2	43.025919395	43.026917128	2638.462	5015.100	3014.648	2928.516
181	Spectrogram 1	2	43.026917128	43.027914860	2638.462	5015.100	3014.648	2928.516
182	Spectrogram 1	2	43.027914860	43.028912593	2638.462	5015.100	3014.648	2928.516
183	Spectrogram 1	2	43.028912593	43.029910325	2638.462	5015.100	3014.648	2928.516
184	Spectrogram 1	2	43.029910325	43.030908057	2638.462	5015.100	3445.312	3445.312
185	Spectrogram 1	2	43.030908057	43.031905790	2638.462	5015.100	3445.312	3445.312
186	Spectrogram 1	2	43.031905790	43.032903522	2638.462	5015.100	3445.312	3445.312
187	Spectrogram 1	2	43.032903522	43.033901255	2638.462	5015.100	3445.312	3445.312
188	Spectrogram 1	2	43.033901255	43.034898987	2638.462	5015.100	3445.312	3445.312
189	Spectrogram 1	2	43.034898987	43.035896720	2638.462	5015.100	3617.578	3617.578
190	Spectrogram 1	2	43.035896720	43.036894452	2638.462	5015.100	3617.578	3617.578
191	Spectrogram 1	2	43.036894452	43.037892184	2638.462	5015.100	3617.578	3617.578
192	Spectrogram 1	2	43.037892184	43.038889917	2638.462	5015.100	3617.578	3617.578
193	Spectrogram 1	2	43.038889917	43.039887649	2638.462	5015.100	3617.578	3617.578
194	Spectrogram 1	2	43.039887649	43.040885382	2638.462	5015.100	3617.578	3617.578
195	Spectrogram 1	2	43.040885382	43.041883114	2638.462	5015.100	3703.711	3703.711
196	Spectrogram 1	2	43.041883114	43.042880847	2638.462	5015.100	3703.711	3703.711
197	Spectrogram 1	2	43.042880847	43.043878579	2638.462	5015.100	3703.711	3703.711
198	Spectrogram 1	2	43.043878579	43.044876311	2638.462	5015.100	3703.711	3703.711
199	Spectrogram 1	2	43.044876311	43.045874044	2638.462	5015.100	3703.711	3703.711
200	Spectrogram 1	2	43.045874044	43.046871776	2638.462	5015.100	3703.711	3703.711
201	Spectrogram 1	2	43.046871776	43.047869509	2638.462	5015.100	3531.445	3531.445
202	Spectrogram 1	2	43.047869509	43.048867241	2638.462	5015.100	3531.445	3531.445
203	Spectrogram 1	2	43.048867241	43.049864974	2638.462	5015.100	3531.445	3531.445
204	Spectrogram 1	2	43.049864974	43.050862706	2638.462	5015.100	3531.445	3531.445
205	Spectrogram 1	2	43.050862706	43.051860438	2638.462	5015.100	3531.445	3531.445
206	Spectrogram 1	2	43.051860438	43.052858171	2638.462	5015.100	3531.445	3531.445
207	Spectrogram 1	2	43.052858171	43.053855903	2638.462	5015.100	3359.180	3273.047
208	Spectrogram 1	2	43.053855903	43.054853636	2638.462	5015.100	3359.180	3273.047
209	Spectrogram 1	2	43.054853636	43.055851368	2638.462	5015.100	3359.180	3273.047
210	Spectrogram 1	2	43.055851368	43.056849101	2638.462	5015.100	3359.180	3273.047
211	Spectrogram 1	2	43.056849101	43.057846833	2638.462	5015.100	3359.180	3273.047
212	Spectrogram 1	2	43.057846833	43.058844565	2638.462	5015.100	3359.180	3273.047
213	Spectrogram 1	2	43.058844565	43.059842298	2638.462	5015.100	3531.445	3014.648
214	Spectrogram 1	2	43.059842298	43.060840030	2638.462	5015.100	3531.445	3014.648
215	Spectrogram 1	2	43.060840030	43.061837763	2638.462	5015.100	3531.445	3014.648
216	Spectrogram 1	2	43.061837763	43.062835495	2638.462	5015.100	3531.445	3014.648
217	Spectrogram 1	2	43.062835495	43.063833228	2638.462	5015.100	3531.445	3014.648
218	Spectrogram 1	2	43.063833228	43.064830960	2638.462	5015.100	3703.711	3703.711
219	Spectrogram 1	2	43.064830960	43.065475005	2638.462	5015.100	3703.711	3703.711
