Selection	View	Channel	Begin Time (s)	End Time (s)	Low Freq (Hz)	High Freq (Hz)	Center Freq (Hz)	Peak Freq (Hz)
1	Spectrogram 1	1	64.722598931	64.723596663	2508.057	6825.000	5512.500	5598.633
2	Spectrogram 1	1	64.723596663	64.724594396	2508.057	6825.000	5512.500	5598.633
3	Spectrogram 1	1	64.724594396	64.725592128	2508.057	6825.000	5512.500	5598.633
4	Spectrogram 1	1	64.725592128	64.726589861	2508.057	6825.000	5512.500	5598.633
5	Spectrogram 1	1	64.726589861	64.727587593	2508.057	6825.000	5512.500	5598.633
6	Spectrogram 1	1	64.727587593	64.728585326	2508.057	6825.000	5512.500	5598.633
7	Spectrogram 1	1	64.728585326	64.729583058	2508.057	6825.000	4478.906	4392.773
8	Spectrogram 1	1	64.729583058	64.730580790	2508.057	6825.000	4478.906	4392.773
9	Spectrogram 1	1	64.730580790	64.731578523	2508.057	6825.000	4478.906	4392.773
10	Spectrogram 1	1	64.731578523	64.732576255	2508.057	6825.000	4478.906	4392.773
11	Spectrogram 1	1	64.732576255	64.733573988	2508.057	6825.000	4478.906	4392.773
12	Spectrogram 1	1	64.733573988	64.734571720	2508.057	6825.000	4478.906	4392.773
13	Spectrogram 1	1	64.734571720	64.735569453	2508.057	6825.000	4306.641	4392.773
14	Spectrogram 1	1	64.735569453	64.736567185	2508.057	6825.000	4306.641	4392.773
15	Spectrogram 1	1	64.736567185	64.737564917	2508.057	6825.000	4306.641	4392.773
16	Spectrogram 1	1	64.737564917	64.738562650	2508.057	6825.000	4306.641	4392.773
17	Spectrogram 1	1	64.738562650	64.739560382	2508.057	6825.000	4306.641	4392.773
18	Spectrogram 1	1	64.739560382	64.740558115	2508.057	6825.000	4306.641	4392.773
19	Spectrogram 1	1	64.740558115	64.741555847	2508.057	6825.000	3875.977	3962.109
20	Spectrogram 1	1	64.741555847	64.742553580	2508.057	6825.000	3875.977	3962.109
21	Spectrogram 1	1	64.742553580	64.743551312	2508.057	6825.000	3875.977	3962.109
22	Spectrogram 1	1	64.743551312	64.744549044	2508.057	6825.000	3875.977	3962.109
23	Spectrogram 1	1	64.744549044	64.745546777	2508.057	6825.000	3875.977	3962.109
24	Spectrogram 1	1	64.745546777	64.746544509	2508.057	6825.000	3445.312	3445.312
25	Spectrogram 1	1	64.746544509	64.747542242	2508.057	6825.000	3445.312	3445.312
26	Spectrogram 1	1	64.747542242	64.748539974	2508.057	6825.000	3445.312	3445.312
27	Spectrogram 1	1	64.748539974	64.749537707	2508.057	6825.000	3445.312	3445.312
28	Spectrogram 1	1	64.749537707	64.750535439	2508.057	6825.000	3445.312	3445.312
29	Spectrogram 1	1	64.750535439	64.751533171	2508.057	6825.000	3445.312	3445.312
30	Spectrogram 1	1	64.751533171	64.752530904	2508.057	6825.000	3359.180	3359.180
31	Spectrogram 1	1	64.752530904	64.753528636	2508.057	6825.000	3359.180	3359.180
32	Spectrogram 1	1	64.753528636	64.754526369	2508.057	6825.000	3359.180	3359.180
33	Spectrogram 1	1	64.754526369	64.755524101	2508.057	6825.000	3359.180	3359.180
34	Spectrogram 1	1	64.755524101	64.756521833	2508.057	6825.000	3359.180	3359.180
35	Spectrogram 1	1	64.756521833	64.757519566	2508.057	6825.000	3359.180	3359.180
36	Spectrogram 1	1	64.757519566	64.758517298	2508.057	6825.000	3359.180	3186.914
37	Spectrogram 1	1	64.758517298	64.759515031	2508.057	6825.000	3359.180	3186.914
38	Spectrogram 1	1	64.759515031	64.760512763	2508.057	6825.000	3359.180	3186.914
39	Spectrogram 1	1	64.760512763	64.761510496	2508.057	6825.000	3359.180	3186.914
40	Spectrogram 1	1	64.761510496	64.762508228	2508.057	6825.000	3359.180	3186.914
41	Spectrogram 1	1	64.762508228	64.763505960	2508.057	6825.000	3359.180	3186.914
42	Spectrogram 1	1	64.763505960	64.764503693	2508.057	6825.000	6287.695	6287.695
43	Spectrogram 1	1	64.764503693	64.765501425	2508.057	6825.000	6287.695	6287.695
44	Spectrogram 1	1	64.765501425	64.766499158	2508.057	6825.000	6287.695	6287.695
45	Spectrogram 1	1	64.766499158	64.767496890	2508.057	6825.000	6287.695	6287.695
46	Spectrogram 1	1	64.767496890	64.768494623	2508.057	6825.000	6287.695	6287.695
47	Spectrogram 1	1	64.768494623	64.769492355	2508.057	6825.000	6287.695	6287.695
48	Spectrogram 1	1	64.769492355	64.770490087	2508.057	6825.000	6287.695	6287.695
49	Spectrogram 1	1	64.770490087	64.771487820	2508.057	6825.000	6287.695	6287.695
50	Spectrogram 1	1	64.771487820	64.772485552	2508.057	6825.000	6287.695	6287.695
51	Spectrogram 1	1	64.772485552	64.773483285	2508.057	6825.000	6287.695	6287.695
52	Spectrogram 1	1	64.773483285	64.774481017	2508.057	6825.000	6287.695	6287.695
53	Spectrogram 1	1	64.774481017	64.775478750	2508.057	6825.000	5770.898	5770.898
54	Spectrogram 1	1	64.775478750	64.776476482	2508.057	6825.000	5770.898	5770.898
55	Spectrogram 1	1	64.776476482	64.777474214	2508.057	6825.000	5770.898	5770.898
56	Spectrogram 1	1	64.777474214	64.778471947	2508.057	6825.000	5770.898	5770.898
57	Spectrogram 1	1	64.778471947	64.779469679	2508.057	6825.000	5770.898	5770.898
58	Spectrogram 1	1	64.779469679	64.780467412	2508.057	6825.000	5770.898	5770.898
59	Spectrogram 1	1	64.780467412	64.781465144	2508.057	6825.000	5426.367	5512.500
60	Spectrogram 1	1	64.781465144	64.782462877	2508.057	6825.000	5426.367	5512.500
61	Spectrogram 1	1	64.782462877	64.783460609	2508.057	6825.000	5426.367	5512.500
62	Spectrogram 1	1	64.783460609	64.784458341	2508.057	6825.000	5426.367	5512.500
63	Spectrogram 1	1	64.784458341	64.785456074	2508.057	6825.000	5426.367	5512.500
64	Spectrogram 1	1	64.785456074	64.786453806	2508.057	6825.000	5426.367	5512.500
65	Spectrogram 1	1	64.786453806	64.787451539	2508.057	6825.000	5081.836	5684.766
66	Spectrogram 1	1	64.787451539	64.788449271	2508.057	6825.000	5081.836	5684.766
67	Spectrogram 1	1	64.788449271	64.789447004	2508.057	6825.000	5081.836	5684.766
68	Spectrogram 1	1	64.789447004	64.790444736	2508.057	6825.000	5081.836	5684.766
69	Spectrogram 1	1	64.790444736	64.791442468	2508.057	6825.000	5081.836	5684.766
70	Spectrogram 1	1	64.791442468	64.792440201	2508.057	6825.000	5081.836	5684.766
71	Spectrogram 1	1	64.792440201	64.793437933	2508.057	6825.000	3359.180	3273.047
72	Spectrogram 1	1	64.793437933	64.794435666	2508.057	6825.000	3359.180	3273.047
73	Spectrogram 1	1	64.794435666	64.795433398	2508.057	6825.000	3359.180	3273.047
74	Spectrogram 1	1	64.795433398	64.796431131	2508.057	6825.000	3359.180	3273.047
75	Spectrogram 1	1	64.796431131	64.797428863	2508.057	6825.000	3359.180	3273.047
76	Spectrogram 1	1	64.797428863	64.798426595	2508.057	6825.000	3359.180	3273.047
77	Spectrogram 1	1	64.798426595	64.799424328	2508.057	6825.000	3445.312	3445.312
78	Spectrogram 1	1	64.799424328	64.800422060	2508.057	6825.000	3445.312	3445.312
79	Spectrogram 1	1	64.800422060	64.801419793	2508.057	6825.000	3445.312	3445.312
80	Spectrogram 1	1	64.801419793	64.802417525	2508.057	6825.000	3445.312	3445.312
81	Spectrogram 1	1	64.802417525	64.803415258	2508.057	6825.000	3445.312	3445.312
82	Spectrogram 1	1	64.803415258	64.804412990	2508.057	6825.000	3445.312	3445.312
83	Spectrogram 1	1	64.804412990	64.805410722	2508.057	6825.000	3617.578	3617.578
84	Spectrogram 1	1	64.805410722	64.806408455	2508.057	6825.000	3617.578	3617.578
85	Spectrogram 1	1	64.806408455	64.807406187	2508.057	6825.000	3617.578	3617.578
86	Spectrogram 1	1	64.807406187	64.808403920	2508.057	6825.000	3617.578	3617.578
87	Spectrogram 1	1	64.808403920	64.809401652	2508.057	6825.000	3617.578	3617.578
88	Spectrogram 1	1	64.809401652	64.810399385	2508.057	6825.000	3875.977	3875.977
89	Spectrogram 1	1	64.810399385	64.811397117	2508.057	6825.000	3875.977	3875.977
90	Spectrogram 1	1	64.811397117	64.812394849	2508.057	6825.000	3875.977	3875.977
91	Spectrogram 1	1	64.812394849	64.813392582	2508.057	6825.000	3875.977	3875.977
92	Spectrogram 1	1	64.813392582	64.814390314	2508.057	6825.000	3875.977	3875.977
93	Spectrogram 1	1	64.814390314	64.815388047	2508.057	6825.000	3875.977	3875.977
94	Spectrogram 1	1	64.815388047	64.816385779	2508.057	6825.000	4048.242	4048.242
95	Spectrogram 1	1	64.816385779	64.817383511	2508.057	6825.000	4048.242	4048.242
96	Spectrogram 1	1	64.817383511	64.818381244	2508.057	6825.000	4048.242	4048.242
97	Spectrogram 1	1	64.818381244	64.819378976	2508.057	6825.000	4048.242	4048.242
98	Spectrogram 1	1	64.819378976	64.820376709	2508.057	6825.000	4048.242	4048.242
99	Spectrogram 1	1	64.820376709	64.821374441	2508.057	6825.000	4048.242	4048.242
100	Spectrogram 1	1	64.821374441	64.822372174	2508.057	6825.000	4220.508	4220.508
101	Spectrogram 1	1	64.822372174	64.823369906	2508.057	6825.000	4220.508	4220.508
102	Spectrogram 1	1	64.823369906	64.824367638	2508.057	6825.000	4220.508	4220.508
103	Spectrogram 1	1	64.824367638	64.825365371	2508.057	6825.000	4220.508	4220.508
104	Spectrogram 1	1	64.825365371	64.826363103	2508.057	6825.000	4220.508	4220.508
105	Spectrogram 1	1	64.826363103	64.827360836	2508.057	6825.000	4220.508	4220.508
106	Spectrogram 1	1	64.827360836	64.828358568	2508.057	6825.000	4306.641	4306.641
107	Spectrogram 1	1	64.828358568	64.829356301	2508.057	6825.000	4306.641	4306.641
108	Spectrogram 1	1	64.829356301	64.830354033	2508.057	6825.000	4306.641	4306.641
109	Spectrogram 1	1	64.830354033	64.831351765	2508.057	6825.000	4306.641	4306.641
110	Spectrogram 1	1	64.831351765	64.832349498	2508.057	6825.000	4306.641	4306.641
111	Spectrogram 1	1	64.832349498	64.833347230	2508.057	6825.000	4306.641	4306.641
112	Spectrogram 1	1	64.833347230	64.834344963	2508.057	6825.000	4478.906	4478.906
113	Spectrogram 1	1	64.834344963	64.835342695	2508.057	6825.000	4478.906	4478.906
114	Spectrogram 1	1	64.835342695	64.836340428	2508.057	6825.000	4478.906	4478.906
115	Spectrogram 1	1	64.836340428	64.837338160	2508.057	6825.000	4478.906	4478.906
116	Spectrogram 1	1	64.837338160	64.838335892	2508.057	6825.000	4478.906	4478.906
117	Spectrogram 1	1	64.838335892	64.839333625	2508.057	6825.000	4565.039	4565.039
118	Spectrogram 1	1	64.839333625	64.840331357	2508.057	6825.000	4565.039	4565.039
119	Spectrogram 1	1	64.840331357	64.841329090	2508.057	6825.000	4565.039	4565.039
120	Spectrogram 1	1	64.841329090	64.842326822	2508.057	6825.000	4565.039	4565.039
121	Spectrogram 1	1	64.842326822	64.843324555	2508.057	6825.000	4565.039	4565.039
122	Spectrogram 1	1	64.843324555	64.844322287	2508.057	6825.000	4565.039	4565.039
123	Spectrogram 1	1	64.844322287	64.845320019	2508.057	6825.000	4737.305	4737.305
124	Spectrogram 1	1	64.845320019	64.846317752	2508.057	6825.000	4737.305	4737.305
125	Spectrogram 1	1	64.846317752	64.847315484	2508.057	6825.000	4737.305	4737.305
126	Spectrogram 1	1	64.847315484	64.848313217	2508.057	6825.000	4737.305	4737.305
127	Spectrogram 1	1	64.848313217	64.849310949	2508.057	6825.000	4737.305	4737.305
128	Spectrogram 1	1	64.849310949	64.850308682	2508.057	6825.000	4737.305	4737.305
129	Spectrogram 1	1	64.850308682	64.851306414	2508.057	6825.000	4823.438	4823.438
130	Spectrogram 1	1	64.851306414	64.852304146	2508.057	6825.000	4823.438	4823.438
131	Spectrogram 1	1	64.852304146	64.853301879	2508.057	6825.000	4823.438	4823.438
132	Spectrogram 1	1	64.853301879	64.854299611	2508.057	6825.000	4823.438	4823.438
133	Spectrogram 1	1	64.854299611	64.855297344	2508.057	6825.000	4823.438	4823.438
134	Spectrogram 1	1	64.855297344	64.856295076	2508.057	6825.000	4823.438	4823.438
135	Spectrogram 1	1	64.856295076	64.857292809	2508.057	6825.000	4737.305	4737.305
136	Spectrogram 1	1	64.857292809	64.858290541	2508.057	6825.000	4737.305	4737.305
137	Spectrogram 1	1	64.858290541	64.859288273	2508.057	6825.000	4737.305	4737.305
138	Spectrogram 1	1	64.859288273	64.860286006	2508.057	6825.000	4737.305	4737.305
139	Spectrogram 1	1	64.860286006	64.861283738	2508.057	6825.000	4737.305	4737.305
140	Spectrogram 1	1	64.861283738	64.862281471	2508.057	6825.000	4737.305	4737.305
141	Spectrogram 1	1	64.862281471	64.863279203	2508.057	6825.000	4565.039	4565.039
142	Spectrogram 1	1	64.863279203	64.864276936	2508.057	6825.000	4565.039	4565.039
143	Spectrogram 1	1	64.864276936	64.865274668	2508.057	6825.000	4565.039	4565.039
144	Spectrogram 1	1	64.865274668	64.866272400	2508.057	6825.000	4565.039	4565.039
145	Spectrogram 1	1	64.866272400	64.867270133	2508.057	6825.000	4565.039	4565.039
146	Spectrogram 1	1	64.867270133	64.868267865	2508.057	6825.000	4565.039	4565.039
147	Spectrogram 1	1	64.868267865	64.869265598	2508.057	6825.000	4392.773	4392.773
148	Spectrogram 1	1	64.869265598	64.870263330	2508.057	6825.000	4392.773	4392.773
149	Spectrogram 1	1	64.870263330	64.871261063	2508.057	6825.000	4392.773	4392.773
150	Spectrogram 1	1	64.871261063	64.872258795	2508.057	6825.000	4392.773	4392.773
151	Spectrogram 1	1	64.872258795	64.873256527	2508.057	6825.000	4392.773	4392.773
152	Spectrogram 1	1	64.873256527	64.874254260	2508.057	6825.000	4392.773	4392.773
153	Spectrogram 1	1	64.874254260	64.875251992	2508.057	6825.000	4392.773	4392.773
154	Spectrogram 1	1	64.875251992	64.876249725	2508.057	6825.000	4392.773	4392.773
155	Spectrogram 1	1	64.876249725	64.877247457	2508.057	6825.000	4392.773	4392.773
156	Spectrogram 1	1	64.877247457	64.878245190	2508.057	6825.000	4392.773	4392.773
157	Spectrogram 1	1	64.878245190	64.879242922	2508.057	6825.000	4392.773	4392.773
158	Spectrogram 1	1	64.879242922	64.880240654	2508.057	6825.000	4651.172	4651.172
159	Spectrogram 1	1	64.880240654	64.881238387	2508.057	6825.000	4651.172	4651.172
160	Spectrogram 1	1	64.881238387	64.882236119	2508.057	6825.000	4651.172	4651.172
161	Spectrogram 1	1	64.882236119	64.883233852	2508.057	6825.000	4651.172	4651.172
162	Spectrogram 1	1	64.883233852	64.884231584	2508.057	6825.000	4651.172	4651.172
163	Spectrogram 1	1	64.884231584	64.885229316	2508.057	6825.000	4651.172	4651.172
164	Spectrogram 1	1	64.885229316	64.886227049	2508.057	6825.000	6459.961	6546.094
165	Spectrogram 1	1	64.886227049	64.887224781	2508.057	6825.000	6459.961	6546.094
166	Spectrogram 1	1	64.887224781	64.888222514	2508.057	6825.000	6459.961	6546.094
167	Spectrogram 1	1	64.888222514	64.889220246	2508.057	6825.000	6459.961	6546.094
168	Spectrogram 1	1	64.889220246	64.890217979	2508.057	6825.000	6459.961	6546.094
169	Spectrogram 1	1	64.890217979	64.891215711	2508.057	6825.000	6459.961	6546.094
170	Spectrogram 1	1	64.891215711	64.892213443	2508.057	6825.000	6115.430	6029.297
171	Spectrogram 1	1	64.892213443	64.893211176	2508.057	6825.000	6115.430	6029.297
172	Spectrogram 1	1	64.893211176	64.894208908	2508.057	6825.000	6115.430	6029.297
173	Spectrogram 1	1	64.894208908	64.895206641	2508.057	6825.000	6115.430	6029.297
174	Spectrogram 1	1	64.895206641	64.896204373	2508.057	6825.000	6115.430	6029.297
175	Spectrogram 1	1	64.896204373	64.897202106	2508.057	6825.000	6115.430	6029.297
176	Spectrogram 1	1	64.897202106	64.898199838	2508.057	6825.000	5340.234	5340.234
177	Spectrogram 1	1	64.898199838	64.899197570	2508.057	6825.000	5340.234	5340.234
178	Spectrogram 1	1	64.899197570	64.900195303	2508.057	6825.000	5340.234	5340.234
179	Spectrogram 1	1	64.900195303	64.901193035	2508.057	6825.000	5340.234	5340.234
180	Spectrogram 1	1	64.901193035	64.902190768	2508.057	6825.000	5340.234	5340.234
181	Spectrogram 1	1	64.902190768	64.903188500	2508.057	6825.000	4995.703	4995.703
182	Spectrogram 1	1	64.903188500	64.904186233	2508.057	6825.000	4995.703	4995.703
183	Spectrogram 1	1	64.904186233	64.905183965	2508.057	6825.000	4995.703	4995.703
184	Spectrogram 1	1	64.905183965	64.906181697	2508.057	6825.000	4995.703	4995.703
185	Spectrogram 1	1	64.906181697	64.907179430	2508.057	6825.000	4995.703	4995.703
186	Spectrogram 1	1	64.907179430	64.908177162	2508.057	6825.000	4995.703	4995.703
187	Spectrogram 1	1	64.908177162	64.909174895	2508.057	6825.000	4823.438	4823.438
188	Spectrogram 1	1	64.909174895	64.910172627	2508.057	6825.000	4823.438	4823.438
189	Spectrogram 1	1	64.910172627	64.911170360	2508.057	6825.000	4823.438	4823.438
190	Spectrogram 1	1	64.911170360	64.912168092	2508.057	6825.000	4823.438	4823.438
191	Spectrogram 1	1	64.912168092	64.913165824	2508.057	6825.000	4823.438	4823.438
192	Spectrogram 1	1	64.913165824	64.914163557	2508.057	6825.000	4823.438	4823.438
193	Spectrogram 1	1	64.914163557	64.915161289	2508.057	6825.000	5081.836	5081.836
194	Spectrogram 1	1	64.915161289	64.916159022	2508.057	6825.000	5081.836	5081.836
195	Spectrogram 1	1	64.916159022	64.917156754	2508.057	6825.000	5081.836	5081.836
196	Spectrogram 1	1	64.917156754	64.918000000	2508.057	6825.000	5081.836	5081.836
