Selection	View	Channel	Begin Time (s)	End Time (s)	Low Freq (Hz)	High Freq (Hz)	Center Freq (Hz)	Peak Freq (Hz)
1	Spectrogram 1	1	0.229123865	0.230123865	2014.800	5251.000	4218.750	4125.000
2	Spectrogram 1	1	0.230123865	0.231123865	2014.800	5251.000	4218.750	4125.000
3	Spectrogram 1	1	0.231123865	0.232123865	2014.800	5251.000	4218.750	4125.000
4	Spectrogram 1	1	0.232123865	0.233123865	2014.800	5251.000	4593.750	4687.500
5	Spectrogram 1	1	0.233123865	0.234123865	2014.800	5251.000	4593.750	4687.500
6	Spectrogram 1	1	0.234123865	0.235123865	2014.800	5251.000	4593.750	4687.500
7	Spectrogram 1	1	0.235123865	0.236123865	2014.800	5251.000	4593.750	4687.500
8	Spectrogram 1	1	0.236123865	0.237123865	2014.800	5251.000	4593.750	4687.500
9	Spectrogram 1	1	0.237123865	0.238123865	2014.800	5251.000	3187.500	3187.500
10	Spectrogram 1	1	0.238123865	0.239123865	2014.800	5251.000	3187.500	3187.500
11	Spectrogram 1	1	0.239123865	0.240123865	2014.800	5251.000	3187.500	3187.500
12	Spectrogram 1	1	0.240123865	0.241123865	2014.800	5251.000	3187.500	3187.500
13	Spectrogram 1	1	0.241123865	0.242123865	2014.800	5251.000	3187.500	3187.500
14	Spectrogram 1	1	0.242123865	0.243123865	2014.800	5251.000	3187.500	3187.500
15	Spectrogram 1	1	0.243123865	0.244123865	2014.800	5251.000	3562.500	3656.250
16	Spectrogram 1	1	0.244123865	0.245123865	2014.800	5251.000	3562.500	3656.250
17	Spectrogram 1	1	0.245123865	0.246123865	2014.800	5251.000	3562.500	3656.250
18	Spectrogram 1	1	0.246123865	0.247123865	2014.800	5251.000	3562.500	3656.250
19	Spectrogram 1	1	0.247123865	0.248123865	2014.800	5251.000	3562.500	3656.250
20	Spectrogram 1	1	0.248123865	0.249123865	2014.800	5251.000	3750.000	3750.000
21	Spectrogram 1	1	0.249123865	0.250123865	2014.800	5251.000	3750.000	3750.000
22	Spectrogram 1	1	0.250123865	0.251123865	2014.800	5251.000	3750.000	3750.000
23	Spectrogram 1	1	0.251123865	0.252123865	2014.800	5251.000	3750.000	3750.000
24	Spectrogram 1	1	0.252123865	0.253123865	2014.800	5251.000	3750.000	3750.000
25	Spectrogram 1	1	0.253123865	0.254123865	2014.800	5251.000	3750.000	3750.000
26	Spectrogram 1	1	0.254123865	0.255123865	2014.800	5251.000	3750.000	3750.000
27	Spectrogram 1	1	0.255123865	0.256123865	2014.800	5251.000	3750.000	3750.000
28	Spectrogram 1	1	0.256123865	0.257123865	2014.800	5251.000	3750.000	3750.000
29	Spectrogram 1	1	0.257123865	0.258123865	2014.800	5251.000	3750.000	3750.000
30	Spectrogram 1	1	0.258123865	0.259123865	2014.800	5251.000	3750.000	3750.000
31	Spectrogram 1	1	0.259123865	0.260123865	2014.800	5251.000	3750.000	3750.000
32	Spectrogram 1	1	0.260123865	0.261123865	2014.800	5251.000	3750.000	3750.000
33	Spectrogram 1	1	0.261123865	0.262123865	2014.800	5251.000	3750.000	3750.000
34	Spectrogram 1	1	0.262123865	0.263123865	2014.800	5251.000	3750.000	3750.000
35	Spectrogram 1	1	0.263123865	0.264123865	2014.800	5251.000	3750.000	3750.000
36	Spectrogram 1	1	0.264123865	0.265123865	2014.800	5251.000	3843.750	3843.750
37	Spectrogram 1	1	0.265123865	0.266123865	2014.800	5251.000	3843.750	3843.750
38	Spectrogram 1	1	0.266123865	0.267123865	2014.800	5251.000	3843.750	3843.750
39	Spectrogram 1	1	0.267123865	0.268123865	2014.800	5251.000	3843.750	3843.750
40	Spectrogram 1	1	0.268123865	0.269123865	2014.800	5251.000	3843.750	3843.750
41	Spectrogram 1	1	0.269123865	0.270123865	2014.800	5251.000	3843.750	3843.750
42	Spectrogram 1	1	0.270123865	0.271123865	2014.800	5251.000	3843.750	3843.750
43	Spectrogram 1	1	0.271123865	0.272123865	2014.800	5251.000	3843.750	3843.750
44	Spectrogram 1	1	0.272123865	0.273123865	2014.800	5251.000	3843.750	3843.750
45	Spectrogram 1	1	0.273123865	0.274123865	2014.800	5251.000	3843.750	3843.750
46	Spectrogram 1	1	0.274123865	0.275123865	2014.800	5251.000	3843.750	3843.750
47	Spectrogram 1	1	0.275123865	0.276123865	2014.800	5251.000	3937.500	3937.500
48	Spectrogram 1	1	0.276123865	0.277123865	2014.800	5251.000	3937.500	3937.500
49	Spectrogram 1	1	0.277123865	0.278123865	2014.800	5251.000	3937.500	3937.500
50	Spectrogram 1	1	0.278123865	0.279123865	2014.800	5251.000	3937.500	3937.500
51	Spectrogram 1	1	0.279123865	0.280123865	2014.800	5251.000	3937.500	3937.500
52	Spectrogram 1	1	0.280123865	0.281123865	2014.800	5251.000	3937.500	3937.500
53	Spectrogram 1	1	0.281123865	0.282123865	2014.800	5251.000	3937.500	3937.500
54	Spectrogram 1	1	0.282123865	0.283123865	2014.800	5251.000	3937.500	3937.500
55	Spectrogram 1	1	0.283123865	0.284123865	2014.800	5251.000	3937.500	3937.500
56	Spectrogram 1	1	0.284123865	0.285123865	2014.800	5251.000	3937.500	3937.500
57	Spectrogram 1	1	0.285123865	0.286123865	2014.800	5251.000	4031.250	4031.250
58	Spectrogram 1	1	0.286123865	0.287123865	2014.800	5251.000	4031.250	4031.250
59	Spectrogram 1	1	0.287123865	0.288123865	2014.800	5251.000	4031.250	4031.250
60	Spectrogram 1	1	0.288123865	0.289123865	2014.800	5251.000	4031.250	4031.250
61	Spectrogram 1	1	0.289123865	0.290123865	2014.800	5251.000	4031.250	4031.250
62	Spectrogram 1	1	0.290123865	0.291123865	2014.800	5251.000	4031.250	4031.250
63	Spectrogram 1	1	0.291123865	0.292123865	2014.800	5251.000	4125.000	4125.000
64	Spectrogram 1	1	0.292123865	0.293123865	2014.800	5251.000	4125.000	4125.000
65	Spectrogram 1	1	0.293123865	0.294123865	2014.800	5251.000	4125.000	4125.000
66	Spectrogram 1	1	0.294123865	0.295123865	2014.800	5251.000	4125.000	4125.000
67	Spectrogram 1	1	0.295123865	0.296123865	2014.800	5251.000	4125.000	4125.000
68	Spectrogram 1	1	0.296123865	0.297123865	2014.800	5251.000	4312.500	4312.500
69	Spectrogram 1	1	0.297123865	0.298123865	2014.800	5251.000	4312.500	4312.500
70	Spectrogram 1	1	0.298123865	0.299123865	2014.800	5251.000	4312.500	4312.500
71	Spectrogram 1	1	0.299123865	0.300123865	2014.800	5251.000	4312.500	4312.500
72	Spectrogram 1	1	0.300123865	0.301123865	2014.800	5251.000	4312.500	4312.500
73	Spectrogram 1	1	0.301123865	0.302123865	2014.800	5251.000	4406.250	4406.250
74	Spectrogram 1	1	0.302123865	0.303123865	2014.800	5251.000	4406.250	4406.250
75	Spectrogram 1	1	0.303123865	0.304123865	2014.800	5251.000	4406.250	4406.250
76	Spectrogram 1	1	0.304123865	0.305123865	2014.800	5251.000	4406.250	4406.250
77	Spectrogram 1	1	0.305123865	0.306123865	2014.800	5251.000	4406.250	4406.250
78	Spectrogram 1	1	0.306123865	0.307123865	2014.800	5251.000	4406.250	4406.250
79	Spectrogram 1	1	0.307123865	0.308123865	2014.800	5251.000	4593.750	4593.750
80	Spectrogram 1	1	0.308123865	0.309123865	2014.800	5251.000	4593.750	4593.750
81	Spectrogram 1	1	0.309123865	0.310123865	2014.800	5251.000	4593.750	4593.750
82	Spectrogram 1	1	0.310123865	0.311123865	2014.800	5251.000	4593.750	4593.750
83	Spectrogram 1	1	0.311123865	0.312123865	2014.800	5251.000	4593.750	4593.750
84	Spectrogram 1	1	0.312123865	0.313123865	2014.800	5251.000	4687.500	4687.500
85	Spectrogram 1	1	0.313123865	0.314123865	2014.800	5251.000	4687.500	4687.500
86	Spectrogram 1	1	0.314123865	0.315123865	2014.800	5251.000	4687.500	4687.500
87	Spectrogram 1	1	0.315123865	0.316123865	2014.800	5251.000	4687.500	4687.500
88	Spectrogram 1	1	0.316123865	0.317123865	2014.800	5251.000	4687.500	4687.500
89	Spectrogram 1	1	0.317123865	0.318123865	2014.800	5251.000	4781.250	4781.250
90	Spectrogram 1	1	0.318123865	0.319123865	2014.800	5251.000	4781.250	4781.250
91	Spectrogram 1	1	0.319123865	0.320123865	2014.800	5251.000	4781.250	4781.250
92	Spectrogram 1	1	0.320123865	0.321123865	2014.800	5251.000	4781.250	4781.250
93	Spectrogram 1	1	0.321123865	0.322123865	2014.800	5251.000	4781.250	4781.250
94	Spectrogram 1	1	0.322123865	0.323123865	2014.800	5251.000	4781.250	4781.250
95	Spectrogram 1	1	0.323123865	0.324123865	2014.800	5251.000	4968.750	4968.750
96	Spectrogram 1	1	0.324123865	0.325123865	2014.800	5251.000	4968.750	4968.750
97	Spectrogram 1	1	0.325123865	0.326123865	2014.800	5251.000	4968.750	4968.750
98	Spectrogram 1	1	0.326123865	0.327123865	2014.800	5251.000	4968.750	4968.750
99	Spectrogram 1	1	0.327123865	0.328123865	2014.800	5251.000	4968.750	4968.750
100	Spectrogram 1	1	0.328123865	0.329123865	2014.800	5251.000	4500.000	4781.250
101	Spectrogram 1	1	0.329123865	0.330123865	2014.800	5251.000	4500.000	4781.250
102	Spectrogram 1	1	0.330123865	0.331123865	2014.800	5251.000	4500.000	4781.250
103	Spectrogram 1	1	0.331123865	0.332123865	2014.800	5251.000	4500.000	4781.250
104	Spectrogram 1	1	0.332123865	0.333123865	2014.800	5251.000	4500.000	4781.250
105	Spectrogram 1	1	0.333123865	0.334123865	2014.800	5251.000	4875.000	4968.750
106	Spectrogram 1	1	0.334123865	0.335123865	2014.800	5251.000	4875.000	4968.750
107	Spectrogram 1	1	0.335123865	0.336123865	2014.800	5251.000	4875.000	4968.750
108	Spectrogram 1	1	0.336123865	0.337123865	2014.800	5251.000	4875.000	4968.750
109	Spectrogram 1	1	0.337123865	0.338123865	2014.800	5251.000	4875.000	4968.750
110	Spectrogram 1	1	0.338123865	0.339123865	2014.800	5251.000	4875.000	4968.750
111	Spectrogram 1	1	0.339123865	0.340123865	2014.800	5251.000	3375.000	3375.000
112	Spectrogram 1	1	0.340123865	0.341123865	2014.800	5251.000	3375.000	3375.000
113	Spectrogram 1	1	0.341123865	0.342123865	2014.800	5251.000	3375.000	3375.000
114	Spectrogram 1	1	0.342123865	0.343123865	2014.800	5251.000	3375.000	3375.000
115	Spectrogram 1	1	0.343123865	0.344123865	2014.800	5251.000	3375.000	3375.000
116	Spectrogram 1	1	0.344123865	0.345123865	2014.800	5251.000	3375.000	3281.250
117	Spectrogram 1	1	0.345123865	0.346123865	2014.800	5251.000	3375.000	3281.250
118	Spectrogram 1	1	0.346123865	0.347123865	2014.800	5251.000	3375.000	3281.250
119	Spectrogram 1	1	0.347123865	0.348123865	2014.800	5251.000	3375.000	3281.250
120	Spectrogram 1	1	0.348123865	0.349123865	2014.800	5251.000	3375.000	3281.250
121	Spectrogram 1	1	0.349123865	0.350123865	2014.800	5251.000	3375.000	3375.000
122	Spectrogram 1	1	0.350123865	0.351123865	2014.800	5251.000	3375.000	3375.000
123	Spectrogram 1	1	0.351123865	0.352123865	2014.800	5251.000	3375.000	3375.000
124	Spectrogram 1	1	0.352123865	0.353123865	2014.800	5251.000	3375.000	3375.000
125	Spectrogram 1	1	0.353123865	0.354123865	2014.800	5251.000	3375.000	3375.000
126	Spectrogram 1	1	0.354123865	0.355123865	2014.800	5251.000	3375.000	3375.000
127	Spectrogram 1	1	0.355123865	0.356123865	2014.800	5251.000	3375.000	3375.000
128	Spectrogram 1	1	0.356123865	0.357123865	2014.800	5251.000	3375.000	3375.000
129	Spectrogram 1	1	0.357123865	0.358123865	2014.800	5251.000	3375.000	3375.000
130	Spectrogram 1	1	0.358123865	0.359123865	2014.800	5251.000	3375.000	3375.000
131	Spectrogram 1	1	0.359123865	0.360123865	2014.800	5251.000	3375.000	3375.000
132	Spectrogram 1	1	0.360123865	0.361123865	2014.800	5251.000	3375.000	3375.000
133	Spectrogram 1	1	0.361123865	0.362123865	2014.800	5251.000	3375.000	3375.000
134	Spectrogram 1	1	0.362123865	0.363123865	2014.800	5251.000	3375.000	3375.000
135	Spectrogram 1	1	0.363123865	0.364123865	2014.800	5251.000	3375.000	3375.000
136	Spectrogram 1	1	0.364123865	0.365123865	2014.800	5251.000	3375.000	3375.000
137	Spectrogram 1	1	0.365123865	0.366123865	2014.800	5251.000	3468.750	3375.000
138	Spectrogram 1	1	0.366123865	0.367123865	2014.800	5251.000	3468.750	3375.000
139	Spectrogram 1	1	0.367123865	0.368123865	2014.800	5251.000	3468.750	3375.000
140	Spectrogram 1	1	0.368123865	0.369123865	2014.800	5251.000	3468.750	3375.000
141	Spectrogram 1	1	0.369123865	0.370123865	2014.800	5251.000	3468.750	3375.000
142	Spectrogram 1	1	0.370123865	0.371123865	2014.800	5251.000	3468.750	3375.000
143	Spectrogram 1	1	0.371123865	0.372123865	2014.800	5251.000	3375.000	3375.000
144	Spectrogram 1	1	0.372123865	0.373123865	2014.800	5251.000	3375.000	3375.000
145	Spectrogram 1	1	0.373123865	0.374123865	2014.800	5251.000	3375.000	3375.000
146	Spectrogram 1	1	0.374123865	0.375123865	2014.800	5251.000	3375.000	3375.000
147	Spectrogram 1	1	0.375123865	0.376123865	2014.800	5251.000	3375.000	3375.000
148	Spectrogram 1	1	0.376123865	0.377123865	2014.800	5251.000	3468.750	3468.750
149	Spectrogram 1	1	0.377123865	0.378123865	2014.800	5251.000	3468.750	3468.750
150	Spectrogram 1	1	0.378123865	0.379123865	2014.800	5251.000	3468.750	3468.750
151	Spectrogram 1	1	0.379123865	0.380123865	2014.800	5251.000	3468.750	3468.750
152	Spectrogram 1	1	0.380123865	0.381123865	2014.800	5251.000	3468.750	3468.750
153	Spectrogram 1	1	0.381123865	0.382123865	2014.800	5251.000	3375.000	3375.000
154	Spectrogram 1	1	0.382123865	0.383123865	2014.800	5251.000	3375.000	3375.000
155	Spectrogram 1	1	0.383123865	0.384123865	2014.800	5251.000	3375.000	3375.000
156	Spectrogram 1	1	0.384123865	0.385123865	2014.800	5251.000	3375.000	3375.000
157	Spectrogram 1	1	0.385123865	0.386123865	2014.800	5251.000	3375.000	3375.000
158	Spectrogram 1	1	0.386123865	0.387123865	2014.800	5251.000	3375.000	3375.000
159	Spectrogram 1	1	0.387123865	0.388123865	2014.800	5251.000	3375.000	3000.000
160	Spectrogram 1	1	0.388123865	0.389123865	2014.800	5251.000	3375.000	3000.000
161	Spectrogram 1	1	0.389123865	0.390123865	2014.800	5251.000	3375.000	3000.000
162	Spectrogram 1	1	0.390123865	0.391123865	2014.800	5251.000	3375.000	3000.000
163	Spectrogram 1	1	0.391123865	0.392123865	2014.800	5251.000	3375.000	3000.000
164	Spectrogram 1	1	0.392123865	0.393123865	2014.800	5251.000	3000.000	3000.000
165	Spectrogram 1	1	0.393123865	0.394123865	2014.800	5251.000	3000.000	3000.000
166	Spectrogram 1	1	0.394123865	0.395123865	2014.800	5251.000	3000.000	3000.000
167	Spectrogram 1	1	0.395123865	0.396123865	2014.800	5251.000	3000.000	3000.000
168	Spectrogram 1	1	0.396123865	0.397123865	2014.800	5251.000	3000.000	3000.000
169	Spectrogram 1	1	0.397123865	0.398123865	2014.800	5251.000	3468.750	3375.000
170	Spectrogram 1	1	0.398123865	0.399123865	2014.800	5251.000	3468.750	3375.000
171	Spectrogram 1	1	0.399123865	0.400123865	2014.800	5251.000	3468.750	3375.000
172	Spectrogram 1	1	0.400123865	0.401123865	2014.800	5251.000	3468.750	3375.000
173	Spectrogram 1	1	0.401123865	0.402123865	2014.800	5251.000	3468.750	3375.000
174	Spectrogram 1	1	0.402123865	0.403123865	2014.800	5251.000	3468.750	3375.000
175	Spectrogram 1	1	0.403123865	0.404123865	2014.800	5251.000	3937.500	3937.500
176	Spectrogram 1	1	0.404123865	0.405123865	2014.800	5251.000	3937.500	3937.500
177	Spectrogram 1	1	0.405123865	0.406123865	2014.800	5251.000	3937.500	3937.500
178	Spectrogram 1	1	0.406123865	0.407123865	2014.800	5251.000	3937.500	3937.500
179	Spectrogram 1	1	0.407123865	0.408123865	2014.800	5251.000	3937.500	3937.500
180	Spectrogram 1	1	0.408123865	0.409123865	2014.800	5251.000	4031.250	4031.250
181	Spectrogram 1	1	0.409123865	0.410123865	2014.800	5251.000	4031.250	4031.250
182	Spectrogram 1	1	0.410123865	0.411123865	2014.800	5251.000	4031.250	4031.250
183	Spectrogram 1	1	0.411123865	0.412123865	2014.800	5251.000	4031.250	4031.250
184	Spectrogram 1	1	0.412123865	0.413123865	2014.800	5251.000	4031.250	4031.250
185	Spectrogram 1	1	0.413123865	0.414123865	2014.800	5251.000	3750.000	3750.000
186	Spectrogram 1	1	0.414123865	0.415123865	2014.800	5251.000	3750.000	3750.000
187	Spectrogram 1	1	0.415123865	0.416123865	2014.800	5251.000	3750.000	3750.000
188	Spectrogram 1	1	0.416123865	0.417123865	2014.800	5251.000	3750.000	3750.000
189	Spectrogram 1	1	0.417123865	0.418123865	2014.800	5251.000	3750.000	3750.000
190	Spectrogram 1	1	0.418123865	0.419123865	2014.800	5251.000	3750.000	3750.000
191	Spectrogram 1	1	0.419123865	0.420123865	2014.800	5251.000	3281.250	3187.500
192	Spectrogram 1	1	0.420123865	0.421123865	2014.800	5251.000	3281.250	3187.500
193	Spectrogram 1	1	0.421123865	0.422123865	2014.800	5251.000	3281.250	3187.500
194	Spectrogram 1	1	0.422123865	0.423123865	2014.800	5251.000	3281.250	3187.500
195	Spectrogram 1	1	0.423123865	0.424123865	2014.800	5251.000	3281.250	3187.500
196	Spectrogram 1	1	0.424123865	0.425123865	2014.800	5251.000	3281.250	2906.250
197	Spectrogram 1	1	0.425123865	0.426123865	2014.800	5251.000	3281.250	2906.250
198	Spectrogram 1	1	0.426123865	0.427123865	2014.800	5251.000	3281.250	2906.250
199	Spectrogram 1	1	0.427123865	0.428123865	2014.800	5251.000	3281.250	2906.250
200	Spectrogram 1	1	0.428123865	0.429123865	2014.800	5251.000	3281.250	2906.250
201	Spectrogram 1	1	0.429123865	0.430123865	2014.800	5251.000	3937.500	3937.500
202	Spectrogram 1	1	0.430123865	0.431123865	2014.800	5251.000	3937.500	3937.500
203	Spectrogram 1	1	0.431123865	0.431738808	2014.800	5251.000	3937.500	3937.500
