Selection	View	Channel	Begin Time (s)	End Time (s)	Low Freq (Hz)	High Freq (Hz)	Center Freq (Hz)	Peak Freq (Hz)
1	Spectrogram 1	1	23.463600000	23.464600000	3057.034	6250.951	4500.000	4500.000
2	Spectrogram 1	1	23.464600000	23.465600000	3057.034	6250.951	4500.000	4500.000
3	Spectrogram 1	1	23.465600000	23.466600000	3057.034	6250.951	3750.000	3562.500
4	Spectrogram 1	1	23.466600000	23.467600000	3057.034	6250.951	3750.000	3562.500
5	Spectrogram 1	1	23.467600000	23.468600000	3057.034	6250.951	3750.000	3750.000
6	Spectrogram 1	1	23.468600000	23.469600000	3057.034	6250.951	3750.000	3750.000
7	Spectrogram 1	1	23.469600000	23.470600000	3057.034	6250.951	3750.000	3750.000
8	Spectrogram 1	1	23.470600000	23.471600000	3057.034	6250.951	3750.000	3750.000
9	Spectrogram 1	1	23.471600000	23.472600000	3057.034	6250.951	3750.000	3750.000
10	Spectrogram 1	1	23.472600000	23.473600000	3057.034	6250.951	3750.000	3750.000
11	Spectrogram 1	1	23.473600000	23.474600000	3057.034	6250.951	3750.000	3750.000
12	Spectrogram 1	1	23.474600000	23.475600000	3057.034	6250.951	3750.000	3750.000
13	Spectrogram 1	1	23.475600000	23.476600000	3057.034	6250.951	3750.000	3750.000
14	Spectrogram 1	1	23.476600000	23.477600000	3057.034	6250.951	3750.000	3750.000
15	Spectrogram 1	1	23.477600000	23.478600000	3057.034	6250.951	3750.000	3750.000
16	Spectrogram 1	1	23.478600000	23.479600000	3057.034	6250.951	3750.000	3750.000
17	Spectrogram 1	1	23.479600000	23.480600000	3057.034	6250.951	3750.000	3750.000
18	Spectrogram 1	1	23.480600000	23.481600000	3057.034	6250.951	3750.000	3750.000
19	Spectrogram 1	1	23.481600000	23.482600000	3057.034	6250.951	3937.500	3937.500
20	Spectrogram 1	1	23.482600000	23.483600000	3057.034	6250.951	3937.500	3937.500
21	Spectrogram 1	1	23.483600000	23.484600000	3057.034	6250.951	3937.500	3937.500
22	Spectrogram 1	1	23.484600000	23.485600000	3057.034	6250.951	3937.500	3937.500
23	Spectrogram 1	1	23.485600000	23.486600000	3057.034	6250.951	3937.500	3937.500
24	Spectrogram 1	1	23.486600000	23.487600000	3057.034	6250.951	3937.500	3937.500
25	Spectrogram 1	1	23.487600000	23.488600000	3057.034	6250.951	3937.500	3937.500
26	Spectrogram 1	1	23.488600000	23.489600000	3057.034	6250.951	3937.500	3937.500
27	Spectrogram 1	1	23.489600000	23.490600000	3057.034	6250.951	3937.500	3937.500
28	Spectrogram 1	1	23.490600000	23.491600000	3057.034	6250.951	3937.500	3937.500
29	Spectrogram 1	1	23.491600000	23.492600000	3057.034	6250.951	3937.500	3937.500
30	Spectrogram 1	1	23.492600000	23.493600000	3057.034	6250.951	3937.500	3937.500
31	Spectrogram 1	1	23.493600000	23.494600000	3057.034	6250.951	3937.500	3937.500
32	Spectrogram 1	1	23.494600000	23.495600000	3057.034	6250.951	3937.500	3937.500
33	Spectrogram 1	1	23.495600000	23.496600000	3057.034	6250.951	3937.500	3937.500
34	Spectrogram 1	1	23.496600000	23.497600000	3057.034	6250.951	3937.500	3937.500
35	Spectrogram 1	1	23.497600000	23.498600000	3057.034	6250.951	3937.500	3937.500
36	Spectrogram 1	1	23.498600000	23.499600000	3057.034	6250.951	3937.500	3937.500
37	Spectrogram 1	1	23.499600000	23.500600000	3057.034	6250.951	3937.500	3937.500
38	Spectrogram 1	1	23.500600000	23.501600000	3057.034	6250.951	3937.500	3937.500
39	Spectrogram 1	1	23.501600000	23.502600000	3057.034	6250.951	3937.500	3937.500
40	Spectrogram 1	1	23.502600000	23.503600000	3057.034	6250.951	4125.000	4125.000
41	Spectrogram 1	1	23.503600000	23.504600000	3057.034	6250.951	4125.000	4125.000
42	Spectrogram 1	1	23.504600000	23.505600000	3057.034	6250.951	4125.000	4125.000
43	Spectrogram 1	1	23.505600000	23.506600000	3057.034	6250.951	4125.000	4125.000
44	Spectrogram 1	1	23.506600000	23.507600000	3057.034	6250.951	4125.000	4125.000
45	Spectrogram 1	1	23.507600000	23.508600000	3057.034	6250.951	4125.000	4125.000
46	Spectrogram 1	1	23.508600000	23.509600000	3057.034	6250.951	4125.000	4125.000
47	Spectrogram 1	1	23.509600000	23.510600000	3057.034	6250.951	4125.000	4125.000
48	Spectrogram 1	1	23.510600000	23.511600000	3057.034	6250.951	4125.000	4125.000
49	Spectrogram 1	1	23.511600000	23.512600000	3057.034	6250.951	4125.000	4125.000
50	Spectrogram 1	1	23.512600000	23.513600000	3057.034	6250.951	4125.000	4125.000
51	Spectrogram 1	1	23.513600000	23.514600000	3057.034	6250.951	4125.000	4125.000
52	Spectrogram 1	1	23.514600000	23.515600000	3057.034	6250.951	4125.000	4125.000
53	Spectrogram 1	1	23.515600000	23.516600000	3057.034	6250.951	4312.500	4312.500
54	Spectrogram 1	1	23.516600000	23.517600000	3057.034	6250.951	4312.500	4312.500
55	Spectrogram 1	1	23.517600000	23.518600000	3057.034	6250.951	4312.500	4312.500
56	Spectrogram 1	1	23.518600000	23.519600000	3057.034	6250.951	4312.500	4500.000
57	Spectrogram 1	1	23.519600000	23.520600000	3057.034	6250.951	4312.500	4500.000
58	Spectrogram 1	1	23.520600000	23.521600000	3057.034	6250.951	4312.500	4500.000
59	Spectrogram 1	1	23.521600000	23.522600000	3057.034	6250.951	4500.000	4500.000
60	Spectrogram 1	1	23.522600000	23.523600000	3057.034	6250.951	4500.000	4500.000
61	Spectrogram 1	1	23.523600000	23.524600000	3057.034	6250.951	4875.000	4875.000
62	Spectrogram 1	1	23.524600000	23.525600000	3057.034	6250.951	4875.000	4875.000
63	Spectrogram 1	1	23.525600000	23.526600000	3057.034	6250.951	4875.000	4875.000
64	Spectrogram 1	1	23.526600000	23.527600000	3057.034	6250.951	5250.000	5250.000
65	Spectrogram 1	1	23.527600000	23.528600000	3057.034	6250.951	5250.000	5250.000
66	Spectrogram 1	1	23.528600000	23.529600000	3057.034	6250.951	5250.000	5250.000
67	Spectrogram 1	1	23.529600000	23.530600000	3057.034	6250.951	5250.000	5250.000
68	Spectrogram 1	1	23.530600000	23.531600000	3057.034	6250.951	5250.000	5250.000
69	Spectrogram 1	1	23.531600000	23.532600000	3057.034	6250.951	5437.500	5437.500
70	Spectrogram 1	1	23.532600000	23.533600000	3057.034	6250.951	5437.500	5437.500
71	Spectrogram 1	1	23.533600000	23.534600000	3057.034	6250.951	5437.500	5437.500
72	Spectrogram 1	1	23.534600000	23.535600000	3057.034	6250.951	5437.500	5437.500
73	Spectrogram 1	1	23.535600000	23.536600000	3057.034	6250.951	5437.500	5437.500
74	Spectrogram 1	1	23.536600000	23.537600000	3057.034	6250.951	5437.500	5437.500
75	Spectrogram 1	1	23.537600000	23.538600000	3057.034	6250.951	5062.500	5062.500
76	Spectrogram 1	1	23.538600000	23.539600000	3057.034	6250.951	5062.500	5062.500
77	Spectrogram 1	1	23.539600000	23.540600000	3057.034	6250.951	4687.500	4500.000
78	Spectrogram 1	1	23.540600000	23.541600000	3057.034	6250.951	4687.500	4500.000
79	Spectrogram 1	1	23.541600000	23.542600000	3057.034	6250.951	4687.500	4500.000
80	Spectrogram 1	1	23.542600000	23.543600000	3057.034	6250.951	4312.500	3937.500
81	Spectrogram 1	1	23.543600000	23.544600000	3057.034	6250.951	4312.500	3937.500
82	Spectrogram 1	1	23.544600000	23.545600000	3057.034	6250.951	4312.500	3937.500
83	Spectrogram 1	1	23.545600000	23.546600000	3057.034	6250.951	4125.000	3937.500
84	Spectrogram 1	1	23.546600000	23.547600000	3057.034	6250.951	4125.000	3937.500
85	Spectrogram 1	1	23.547600000	23.548600000	3057.034	6250.951	4875.000	4875.000
86	Spectrogram 1	1	23.548600000	23.549600000	3057.034	6250.951	4875.000	4875.000
87	Spectrogram 1	1	23.549600000	23.550600000	3057.034	6250.951	4875.000	4875.000
88	Spectrogram 1	1	23.550600000	23.551600000	3057.034	6250.951	4687.500	4687.500
89	Spectrogram 1	1	23.551600000	23.552600000	3057.034	6250.951	4687.500	4687.500
90	Spectrogram 1	1	23.552600000	23.553600000	3057.034	6250.951	4687.500	4687.500
91	Spectrogram 1	1	23.553600000	23.554600000	3057.034	6250.951	4500.000	4500.000
92	Spectrogram 1	1	23.554600000	23.555600000	3057.034	6250.951	4500.000	4500.000
93	Spectrogram 1	1	23.555600000	23.556600000	3057.034	6250.951	4687.500	4687.500
94	Spectrogram 1	1	23.556600000	23.557600000	3057.034	6250.951	4687.500	4687.500
95	Spectrogram 1	1	23.557600000	23.558600000	3057.034	6250.951	4687.500	4687.500
96	Spectrogram 1	1	23.558600000	23.559600000	3057.034	6250.951	4687.500	5250.000
97	Spectrogram 1	1	23.559600000	23.560600000	3057.034	6250.951	4687.500	5250.000
98	Spectrogram 1	1	23.560600000	23.561600000	3057.034	6250.951	4687.500	5250.000
99	Spectrogram 1	1	23.561600000	23.562600000	3057.034	6250.951	4687.500	5437.500
100	Spectrogram 1	1	23.562600000	23.563600000	3057.034	6250.951	4687.500	5437.500
101	Spectrogram 1	1	23.563600000	23.564600000	3057.034	6250.951	4875.000	4875.000
102	Spectrogram 1	1	23.564600000	23.565600000	3057.034	6250.951	4875.000	4875.000
103	Spectrogram 1	1	23.565600000	23.566600000	3057.034	6250.951	4875.000	4875.000
104	Spectrogram 1	1	23.566600000	23.567600000	3057.034	6250.951	4875.000	4875.000
105	Spectrogram 1	1	23.567600000	23.568600000	3057.034	6250.951	4875.000	4875.000
106	Spectrogram 1	1	23.568600000	23.569600000	3057.034	6250.951	4875.000	4875.000
107	Spectrogram 1	1	23.569600000	23.570600000	3057.034	6250.951	5062.500	4875.000
108	Spectrogram 1	1	23.570600000	23.571600000	3057.034	6250.951	5062.500	4875.000
109	Spectrogram 1	1	23.571600000	23.572600000	3057.034	6250.951	5437.500	6000.000
110	Spectrogram 1	1	23.572600000	23.573600000	3057.034	6250.951	5437.500	6000.000
111	Spectrogram 1	1	23.573600000	23.574600000	3057.034	6250.951	5437.500	6000.000
112	Spectrogram 1	1	23.574600000	23.575600000	3057.034	6250.951	5625.000	5625.000
113	Spectrogram 1	1	23.575600000	23.576600000	3057.034	6250.951	5625.000	5625.000
114	Spectrogram 1	1	23.576600000	23.577600000	3057.034	6250.951	5625.000	5625.000
115	Spectrogram 1	1	23.577600000	23.578600000	3057.034	6250.951	5062.500	5062.500
116	Spectrogram 1	1	23.578600000	23.579600000	3057.034	6250.951	5062.500	5062.500
117	Spectrogram 1	1	23.579600000	23.580600000	3057.034	6250.951	4687.500	4500.000
118	Spectrogram 1	1	23.580600000	23.581600000	3057.034	6250.951	4687.500	4500.000
119	Spectrogram 1	1	23.581600000	23.582600000	3057.034	6250.951	4687.500	4500.000
120	Spectrogram 1	1	23.582600000	23.583600000	3057.034	6250.951	4500.000	4312.500
121	Spectrogram 1	1	23.583600000	23.584600000	3057.034	6250.951	4500.000	4312.500
122	Spectrogram 1	1	23.584600000	23.585600000	3057.034	6250.951	4500.000	4312.500
123	Spectrogram 1	1	23.585600000	23.586600000	3057.034	6250.951	4312.500	4312.500
124	Spectrogram 1	1	23.586600000	23.587600000	3057.034	6250.951	4312.500	4312.500
125	Spectrogram 1	1	23.587600000	23.588600000	3057.034	6250.951	4687.500	4312.500
126	Spectrogram 1	1	23.588600000	23.589600000	3057.034	6250.951	4687.500	4312.500
127	Spectrogram 1	1	23.589600000	23.590600000	3057.034	6250.951	4687.500	4312.500
128	Spectrogram 1	1	23.590600000	23.591600000	3057.034	6250.951	4125.000	4125.000
129	Spectrogram 1	1	23.591600000	23.592600000	3057.034	6250.951	4125.000	4125.000
130	Spectrogram 1	1	23.592600000	23.593600000	3057.034	6250.951	4125.000	4125.000
131	Spectrogram 1	1	23.593600000	23.594600000	3057.034	6250.951	3937.500	3937.500
132	Spectrogram 1	1	23.594600000	23.595600000	3057.034	6250.951	3937.500	3937.500
133	Spectrogram 1	1	23.595600000	23.596600000	3057.034	6250.951	3937.500	3937.500
134	Spectrogram 1	1	23.596600000	23.597600000	3057.034	6250.951	3937.500	3937.500
135	Spectrogram 1	1	23.597600000	23.598600000	3057.034	6250.951	3937.500	3937.500
136	Spectrogram 1	1	23.598600000	23.599600000	3057.034	6250.951	3937.500	3937.500
137	Spectrogram 1	1	23.599600000	23.600600000	3057.034	6250.951	3937.500	3937.500
138	Spectrogram 1	1	23.600600000	23.601600000	3057.034	6250.951	3937.500	3937.500
139	Spectrogram 1	1	23.601600000	23.602600000	3057.034	6250.951	3937.500	3937.500
140	Spectrogram 1	1	23.602600000	23.603600000	3057.034	6250.951	3937.500	3937.500
141	Spectrogram 1	1	23.603600000	23.604600000	3057.034	6250.951	3937.500	3750.000
142	Spectrogram 1	1	23.604600000	23.605600000	3057.034	6250.951	3937.500	3750.000
143	Spectrogram 1	1	23.605600000	23.606600000	3057.034	6250.951	3937.500	3750.000
144	Spectrogram 1	1	23.606600000	23.607600000	3057.034	6250.951	3750.000	3750.000
145	Spectrogram 1	1	23.607600000	23.608600000	3057.034	6250.951	3750.000	3750.000
146	Spectrogram 1	1	23.608600000	23.609600000	3057.034	6250.951	3750.000	3750.000
147	Spectrogram 1	1	23.609600000	23.610600000	3057.034	6250.951	4687.500	4875.000
148	Spectrogram 1	1	23.610600000	23.611600000	3057.034	6250.951	4687.500	4875.000
149	Spectrogram 1	1	23.611600000	23.612600000	3057.034	6250.951	3375.000	3375.000
150	Spectrogram 1	1	23.612600000	23.613600000	3057.034	6250.951	3375.000	3375.000
151	Spectrogram 1	1	23.613600000	23.614600000	3057.034	6250.951	3375.000	3375.000
152	Spectrogram 1	1	23.614600000	23.615600000	3057.034	6250.951	3562.500	3375.000
153	Spectrogram 1	1	23.615600000	23.616600000	3057.034	6250.951	3562.500	3375.000
154	Spectrogram 1	1	23.616600000	23.617600000	3057.034	6250.951	3562.500	3375.000
155	Spectrogram 1	1	23.617600000	23.618600000	3057.034	6250.951	3750.000	3375.000
156	Spectrogram 1	1	23.618600000	23.619600000	3057.034	6250.951	3750.000	3375.000
157	Spectrogram 1	1	23.619600000	23.620600000	3057.034	6250.951	4125.000	4125.000
158	Spectrogram 1	1	23.620600000	23.621600000	3057.034	6250.951	4125.000	4125.000
159	Spectrogram 1	1	23.621600000	23.622600000	3057.034	6250.951	4125.000	4125.000
160	Spectrogram 1	1	23.622600000	23.623600000	3057.034	6250.951	3937.500	3187.500
161	Spectrogram 1	1	23.623600000	23.624600000	3057.034	6250.951	3937.500	3187.500
162	Spectrogram 1	1	23.624600000	23.625600000	3057.034	6250.951	3937.500	3187.500
163	Spectrogram 1	1	23.625600000	23.626600000	3057.034	6250.951	3937.500	3187.500
164	Spectrogram 1	1	23.626600000	23.627189473	3057.034	6250.951	3937.500	3187.500
