Selection	View	Channel	Begin Time (s)	End Time (s)	Low Freq (Hz)	High Freq (Hz)	Center Freq (Hz)	Peak Freq (Hz)
1	Spectrogram 1	1	13.632852585	13.633850317	2650.240	6572.596	5254.102	5684.766
2	Spectrogram 1	1	13.633850317	13.634848050	2650.240	6572.596	5254.102	5684.766
3	Spectrogram 1	1	13.634848050	13.635845782	2650.240	6572.596	5254.102	5684.766
4	Spectrogram 1	1	13.635845782	13.636843515	2650.240	6572.596	5254.102	5684.766
5	Spectrogram 1	1	13.636843515	13.637841247	2650.240	6572.596	5254.102	5684.766
6	Spectrogram 1	1	13.637841247	13.638838980	2650.240	6572.596	5254.102	5684.766
7	Spectrogram 1	1	13.638838980	13.639836712	2650.240	6572.596	4909.570	4651.172
8	Spectrogram 1	1	13.639836712	13.640834444	2650.240	6572.596	4909.570	4651.172
9	Spectrogram 1	1	13.640834444	13.641832177	2650.240	6572.596	4909.570	4651.172
10	Spectrogram 1	1	13.641832177	13.642829909	2650.240	6572.596	4909.570	4651.172
11	Spectrogram 1	1	13.642829909	13.643827642	2650.240	6572.596	4909.570	4651.172
12	Spectrogram 1	1	13.643827642	13.644825374	2650.240	6572.596	4909.570	4651.172
13	Spectrogram 1	1	13.644825374	13.645823107	2650.240	6572.596	5426.367	5770.898
14	Spectrogram 1	1	13.645823107	13.646820839	2650.240	6572.596	5426.367	5770.898
15	Spectrogram 1	1	13.646820839	13.647818571	2650.240	6572.596	5426.367	5770.898
16	Spectrogram 1	1	13.647818571	13.648816304	2650.240	6572.596	5426.367	5770.898
17	Spectrogram 1	1	13.648816304	13.649814036	2650.240	6572.596	5426.367	5770.898
18	Spectrogram 1	1	13.649814036	13.650811769	2650.240	6572.596	5426.367	5770.898
19	Spectrogram 1	1	13.650811769	13.651809501	2650.240	6572.596	4737.305	5770.898
20	Spectrogram 1	1	13.651809501	13.652807234	2650.240	6572.596	4737.305	5770.898
21	Spectrogram 1	1	13.652807234	13.653804966	2650.240	6572.596	4737.305	5770.898
22	Spectrogram 1	1	13.653804966	13.654802698	2650.240	6572.596	4737.305	5770.898
23	Spectrogram 1	1	13.654802698	13.655800431	2650.240	6572.596	4737.305	5770.898
24	Spectrogram 1	1	13.655800431	13.656798163	2650.240	6572.596	3100.781	3100.781
25	Spectrogram 1	1	13.656798163	13.657795896	2650.240	6572.596	3100.781	3100.781
26	Spectrogram 1	1	13.657795896	13.658793628	2650.240	6572.596	3100.781	3100.781
27	Spectrogram 1	1	13.658793628	13.659791361	2650.240	6572.596	3100.781	3100.781
28	Spectrogram 1	1	13.659791361	13.660789093	2650.240	6572.596	3100.781	3100.781
29	Spectrogram 1	1	13.660789093	13.661786825	2650.240	6572.596	3100.781	3100.781
30	Spectrogram 1	1	13.661786825	13.662784558	2650.240	6572.596	3014.648	3014.648
31	Spectrogram 1	1	13.662784558	13.663782290	2650.240	6572.596	3014.648	3014.648
32	Spectrogram 1	1	13.663782290	13.664780023	2650.240	6572.596	3014.648	3014.648
33	Spectrogram 1	1	13.664780023	13.665777755	2650.240	6572.596	3014.648	3014.648
34	Spectrogram 1	1	13.665777755	13.666775487	2650.240	6572.596	3014.648	3014.648
35	Spectrogram 1	1	13.666775487	13.667773220	2650.240	6572.596	3014.648	3014.648
36	Spectrogram 1	1	13.667773220	13.668770952	2650.240	6572.596	3014.648	2842.383
37	Spectrogram 1	1	13.668770952	13.669768685	2650.240	6572.596	3014.648	2842.383
38	Spectrogram 1	1	13.669768685	13.670766417	2650.240	6572.596	3014.648	2842.383
39	Spectrogram 1	1	13.670766417	13.671764150	2650.240	6572.596	3014.648	2842.383
40	Spectrogram 1	1	13.671764150	13.672761882	2650.240	6572.596	3014.648	2842.383
41	Spectrogram 1	1	13.672761882	13.673759614	2650.240	6572.596	3014.648	2842.383
42	Spectrogram 1	1	13.673759614	13.674757347	2650.240	6572.596	2928.516	2928.516
43	Spectrogram 1	1	13.674757347	13.675755079	2650.240	6572.596	2928.516	2928.516
44	Spectrogram 1	1	13.675755079	13.676752812	2650.240	6572.596	2928.516	2928.516
45	Spectrogram 1	1	13.676752812	13.677750544	2650.240	6572.596	2928.516	2928.516
46	Spectrogram 1	1	13.677750544	13.678748277	2650.240	6572.596	2928.516	2928.516
47	Spectrogram 1	1	13.678748277	13.679746009	2650.240	6572.596	2928.516	2928.516
48	Spectrogram 1	1	13.679746009	13.680743741	2650.240	6572.596	3014.648	2928.516
49	Spectrogram 1	1	13.680743741	13.681741474	2650.240	6572.596	3014.648	2928.516
50	Spectrogram 1	1	13.681741474	13.682739206	2650.240	6572.596	3014.648	2928.516
51	Spectrogram 1	1	13.682739206	13.683736939	2650.240	6572.596	3014.648	2928.516
52	Spectrogram 1	1	13.683736939	13.684734671	2650.240	6572.596	3014.648	2928.516
53	Spectrogram 1	1	13.684734671	13.685732404	2650.240	6572.596	3014.648	2928.516
54	Spectrogram 1	1	13.685732404	13.686730136	2650.240	6572.596	2928.516	2928.516
55	Spectrogram 1	1	13.686730136	13.687727868	2650.240	6572.596	2928.516	2928.516
56	Spectrogram 1	1	13.687727868	13.688725601	2650.240	6572.596	2928.516	2928.516
57	Spectrogram 1	1	13.688725601	13.689723333	2650.240	6572.596	2928.516	2928.516
58	Spectrogram 1	1	13.689723333	13.690721066	2650.240	6572.596	2928.516	2928.516
59	Spectrogram 1	1	13.690721066	13.691718798	2650.240	6572.596	3789.844	2928.516
60	Spectrogram 1	1	13.691718798	13.692716531	2650.240	6572.596	3789.844	2928.516
61	Spectrogram 1	1	13.692716531	13.693714263	2650.240	6572.596	3789.844	2928.516
62	Spectrogram 1	1	13.693714263	13.694711995	2650.240	6572.596	3789.844	2928.516
63	Spectrogram 1	1	13.694711995	13.695709728	2650.240	6572.596	3789.844	2928.516
64	Spectrogram 1	1	13.695709728	13.696707460	2650.240	6572.596	3789.844	2928.516
65	Spectrogram 1	1	13.696707460	13.697705193	2650.240	6572.596	2928.516	2842.383
66	Spectrogram 1	1	13.697705193	13.698702925	2650.240	6572.596	2928.516	2842.383
67	Spectrogram 1	1	13.698702925	13.699700658	2650.240	6572.596	2928.516	2842.383
68	Spectrogram 1	1	13.699700658	13.700698390	2650.240	6572.596	2928.516	2842.383
69	Spectrogram 1	1	13.700698390	13.701696122	2650.240	6572.596	2928.516	2842.383
70	Spectrogram 1	1	13.701696122	13.702693855	2650.240	6572.596	2928.516	2842.383
71	Spectrogram 1	1	13.702693855	13.703691587	2650.240	6572.596	3100.781	3014.648
72	Spectrogram 1	1	13.703691587	13.704689320	2650.240	6572.596	3100.781	3014.648
73	Spectrogram 1	1	13.704689320	13.705687052	2650.240	6572.596	3100.781	3014.648
74	Spectrogram 1	1	13.705687052	13.706684785	2650.240	6572.596	3100.781	3014.648
75	Spectrogram 1	1	13.706684785	13.707682517	2650.240	6572.596	3100.781	3014.648
76	Spectrogram 1	1	13.707682517	13.708680249	2650.240	6572.596	3100.781	3014.648
77	Spectrogram 1	1	13.708680249	13.709677982	2650.240	6572.596	3100.781	3100.781
78	Spectrogram 1	1	13.709677982	13.710675714	2650.240	6572.596	3100.781	3100.781
79	Spectrogram 1	1	13.710675714	13.711673447	2650.240	6572.596	3100.781	3100.781
80	Spectrogram 1	1	13.711673447	13.712671179	2650.240	6572.596	3100.781	3100.781
81	Spectrogram 1	1	13.712671179	13.713668912	2650.240	6572.596	3100.781	3100.781
82	Spectrogram 1	1	13.713668912	13.714666644	2650.240	6572.596	3100.781	3100.781
83	Spectrogram 1	1	13.714666644	13.715664376	2650.240	6572.596	3445.312	3359.180
84	Spectrogram 1	1	13.715664376	13.716662109	2650.240	6572.596	3445.312	3359.180
85	Spectrogram 1	1	13.716662109	13.717659841	2650.240	6572.596	3445.312	3359.180
86	Spectrogram 1	1	13.717659841	13.718657574	2650.240	6572.596	3445.312	3359.180
87	Spectrogram 1	1	13.718657574	13.719655306	2650.240	6572.596	3445.312	3359.180
88	Spectrogram 1	1	13.719655306	13.720653039	2650.240	6572.596	3875.977	3875.977
89	Spectrogram 1	1	13.720653039	13.721650771	2650.240	6572.596	3875.977	3875.977
90	Spectrogram 1	1	13.721650771	13.722648503	2650.240	6572.596	3875.977	3875.977
91	Spectrogram 1	1	13.722648503	13.723646236	2650.240	6572.596	3875.977	3875.977
92	Spectrogram 1	1	13.723646236	13.724643968	2650.240	6572.596	3875.977	3875.977
93	Spectrogram 1	1	13.724643968	13.725641701	2650.240	6572.596	3875.977	3875.977
94	Spectrogram 1	1	13.725641701	13.726639433	2650.240	6572.596	3962.109	3962.109
95	Spectrogram 1	1	13.726639433	13.727637165	2650.240	6572.596	3962.109	3962.109
96	Spectrogram 1	1	13.727637165	13.728634898	2650.240	6572.596	3962.109	3962.109
97	Spectrogram 1	1	13.728634898	13.729632630	2650.240	6572.596	3962.109	3962.109
98	Spectrogram 1	1	13.729632630	13.730630363	2650.240	6572.596	3962.109	3962.109
99	Spectrogram 1	1	13.730630363	13.731628095	2650.240	6572.596	3962.109	3962.109
100	Spectrogram 1	1	13.731628095	13.732625828	2650.240	6572.596	4134.375	4134.375
101	Spectrogram 1	1	13.732625828	13.733623560	2650.240	6572.596	4134.375	4134.375
102	Spectrogram 1	1	13.733623560	13.734621292	2650.240	6572.596	4134.375	4134.375
103	Spectrogram 1	1	13.734621292	13.735619025	2650.240	6572.596	4134.375	4134.375
104	Spectrogram 1	1	13.735619025	13.736616757	2650.240	6572.596	4134.375	4134.375
105	Spectrogram 1	1	13.736616757	13.737614490	2650.240	6572.596	4134.375	4134.375
106	Spectrogram 1	1	13.737614490	13.738612222	2650.240	6572.596	4306.641	4306.641
107	Spectrogram 1	1	13.738612222	13.739609955	2650.240	6572.596	4306.641	4306.641
108	Spectrogram 1	1	13.739609955	13.740607687	2650.240	6572.596	4306.641	4306.641
109	Spectrogram 1	1	13.740607687	13.741605419	2650.240	6572.596	4306.641	4306.641
110	Spectrogram 1	1	13.741605419	13.742603152	2650.240	6572.596	4306.641	4306.641
111	Spectrogram 1	1	13.742603152	13.743600884	2650.240	6572.596	4306.641	4306.641
112	Spectrogram 1	1	13.743600884	13.744598617	2650.240	6572.596	4565.039	4565.039
113	Spectrogram 1	1	13.744598617	13.745596349	2650.240	6572.596	4565.039	4565.039
114	Spectrogram 1	1	13.745596349	13.746594082	2650.240	6572.596	4565.039	4565.039
115	Spectrogram 1	1	13.746594082	13.747591814	2650.240	6572.596	4565.039	4565.039
116	Spectrogram 1	1	13.747591814	13.748589546	2650.240	6572.596	4565.039	4565.039
117	Spectrogram 1	1	13.748589546	13.749587279	2650.240	6572.596	4565.039	4565.039
118	Spectrogram 1	1	13.749587279	13.750585011	2650.240	6572.596	4565.039	4565.039
119	Spectrogram 1	1	13.750585011	13.751582744	2650.240	6572.596	4565.039	4565.039
120	Spectrogram 1	1	13.751582744	13.752580476	2650.240	6572.596	4565.039	4565.039
121	Spectrogram 1	1	13.752580476	13.753578209	2650.240	6572.596	4565.039	4565.039
122	Spectrogram 1	1	13.753578209	13.754575941	2650.240	6572.596	4565.039	4565.039
123	Spectrogram 1	1	13.754575941	13.755573673	2650.240	6572.596	4565.039	4565.039
124	Spectrogram 1	1	13.755573673	13.756571406	2650.240	6572.596	4565.039	4565.039
125	Spectrogram 1	1	13.756571406	13.757569138	2650.240	6572.596	4565.039	4565.039
126	Spectrogram 1	1	13.757569138	13.758566871	2650.240	6572.596	4565.039	4565.039
127	Spectrogram 1	1	13.758566871	13.759564603	2650.240	6572.596	4565.039	4565.039
128	Spectrogram 1	1	13.759564603	13.760562336	2650.240	6572.596	4565.039	4565.039
129	Spectrogram 1	1	13.760562336	13.761560068	2650.240	6572.596	4565.039	4565.039
130	Spectrogram 1	1	13.761560068	13.762557800	2650.240	6572.596	4565.039	4565.039
131	Spectrogram 1	1	13.762557800	13.763555533	2650.240	6572.596	4565.039	4565.039
132	Spectrogram 1	1	13.763555533	13.764553265	2650.240	6572.596	4565.039	4565.039
133	Spectrogram 1	1	13.764553265	13.765550998	2650.240	6572.596	4565.039	4565.039
134	Spectrogram 1	1	13.765550998	13.766548730	2650.240	6572.596	4565.039	4565.039
135	Spectrogram 1	1	13.766548730	13.767546463	2650.240	6572.596	4565.039	4565.039
136	Spectrogram 1	1	13.767546463	13.768544195	2650.240	6572.596	4565.039	4565.039
137	Spectrogram 1	1	13.768544195	13.769541927	2650.240	6572.596	4565.039	4565.039
138	Spectrogram 1	1	13.769541927	13.770539660	2650.240	6572.596	4565.039	4565.039
139	Spectrogram 1	1	13.770539660	13.771537392	2650.240	6572.596	4565.039	4565.039
140	Spectrogram 1	1	13.771537392	13.772535125	2650.240	6572.596	4565.039	4565.039
141	Spectrogram 1	1	13.772535125	13.773532857	2650.240	6572.596	4392.773	4220.508
142	Spectrogram 1	1	13.773532857	13.774530590	2650.240	6572.596	4392.773	4220.508
143	Spectrogram 1	1	13.774530590	13.775528322	2650.240	6572.596	4392.773	4220.508
144	Spectrogram 1	1	13.775528322	13.776526054	2650.240	6572.596	4392.773	4220.508
145	Spectrogram 1	1	13.776526054	13.777523787	2650.240	6572.596	4392.773	4220.508
146	Spectrogram 1	1	13.777523787	13.778521519	2650.240	6572.596	4392.773	4220.508
147	Spectrogram 1	1	13.778521519	13.779519252	2650.240	6572.596	4565.039	4651.172
148	Spectrogram 1	1	13.779519252	13.780516984	2650.240	6572.596	4565.039	4651.172
149	Spectrogram 1	1	13.780516984	13.781514717	2650.240	6572.596	4565.039	4651.172
150	Spectrogram 1	1	13.781514717	13.782512449	2650.240	6572.596	4565.039	4651.172
151	Spectrogram 1	1	13.782512449	13.783510181	2650.240	6572.596	4565.039	4651.172
152	Spectrogram 1	1	13.783510181	13.784507914	2650.240	6572.596	4565.039	4565.039
153	Spectrogram 1	1	13.784507914	13.785505646	2650.240	6572.596	4565.039	4565.039
154	Spectrogram 1	1	13.785505646	13.786503379	2650.240	6572.596	4565.039	4565.039
155	Spectrogram 1	1	13.786503379	13.787501111	2650.240	6572.596	4565.039	4565.039
156	Spectrogram 1	1	13.787501111	13.788498844	2650.240	6572.596	4565.039	4565.039
157	Spectrogram 1	1	13.788498844	13.789496576	2650.240	6572.596	4565.039	4565.039
158	Spectrogram 1	1	13.789496576	13.790494308	2650.240	6572.596	4651.172	4651.172
159	Spectrogram 1	1	13.790494308	13.791492041	2650.240	6572.596	4651.172	4651.172
160	Spectrogram 1	1	13.791492041	13.792489773	2650.240	6572.596	4651.172	4651.172
161	Spectrogram 1	1	13.792489773	13.793487506	2650.240	6572.596	4651.172	4651.172
162	Spectrogram 1	1	13.793487506	13.794485238	2650.240	6572.596	4651.172	4651.172
163	Spectrogram 1	1	13.794485238	13.795482970	2650.240	6572.596	4651.172	4651.172
164	Spectrogram 1	1	13.795482970	13.796480703	2650.240	6572.596	4565.039	4565.039
165	Spectrogram 1	1	13.796480703	13.797478435	2650.240	6572.596	4565.039	4565.039
166	Spectrogram 1	1	13.797478435	13.798476168	2650.240	6572.596	4565.039	4565.039
167	Spectrogram 1	1	13.798476168	13.799473900	2650.240	6572.596	4565.039	4565.039
168	Spectrogram 1	1	13.799473900	13.800471633	2650.240	6572.596	4565.039	4565.039
169	Spectrogram 1	1	13.800471633	13.801469365	2650.240	6572.596	4565.039	4565.039
170	Spectrogram 1	1	13.801469365	13.802467097	2650.240	6572.596	4565.039	4565.039
171	Spectrogram 1	1	13.802467097	13.803464830	2650.240	6572.596	4565.039	4565.039
172	Spectrogram 1	1	13.803464830	13.804462562	2650.240	6572.596	4565.039	4565.039
173	Spectrogram 1	1	13.804462562	13.805460295	2650.240	6572.596	4565.039	4565.039
174	Spectrogram 1	1	13.805460295	13.806458027	2650.240	6572.596	4565.039	4565.039
175	Spectrogram 1	1	13.806458027	13.807455760	2650.240	6572.596	4565.039	4565.039
176	Spectrogram 1	1	13.807455760	13.808453492	2650.240	6572.596	5770.898	5684.766
177	Spectrogram 1	1	13.808453492	13.809451224	2650.240	6572.596	5770.898	5684.766
178	Spectrogram 1	1	13.809451224	13.810448957	2650.240	6572.596	5770.898	5684.766
179	Spectrogram 1	1	13.810448957	13.811446689	2650.240	6572.596	5770.898	5684.766
180	Spectrogram 1	1	13.811446689	13.812444422	2650.240	6572.596	5770.898	5684.766
181	Spectrogram 1	1	13.812444422	13.813442154	2650.240	6572.596	5770.898	5684.766
182	Spectrogram 1	1	13.813442154	13.814439887	2650.240	6572.596	5426.367	5426.367
183	Spectrogram 1	1	13.814439887	13.815437619	2650.240	6572.596	5426.367	5426.367
184	Spectrogram 1	1	13.815437619	13.816435351	2650.240	6572.596	5426.367	5426.367
185	Spectrogram 1	1	13.816435351	13.817433084	2650.240	6572.596	5426.367	5426.367
186	Spectrogram 1	1	13.817433084	13.818430816	2650.240	6572.596	5426.367	5426.367
187	Spectrogram 1	1	13.818430816	13.819428549	2650.240	6572.596	5167.969	4909.570
188	Spectrogram 1	1	13.819428549	13.820426281	2650.240	6572.596	5167.969	4909.570
189	Spectrogram 1	1	13.820426281	13.821424014	2650.240	6572.596	5167.969	4909.570
190	Spectrogram 1	1	13.821424014	13.822421746	2650.240	6572.596	5167.969	4909.570
191	Spectrogram 1	1	13.822421746	13.823419478	2650.240	6572.596	5167.969	4909.570
192	Spectrogram 1	1	13.823419478	13.824417211	2650.240	6572.596	5167.969	4909.570
193	Spectrogram 1	1	13.824417211	13.825414943	2650.240	6572.596	5167.969	5770.898
194	Spectrogram 1	1	13.825414943	13.826412676	2650.240	6572.596	5167.969	5770.898
195	Spectrogram 1	1	13.826412676	13.827410408	2650.240	6572.596	5167.969	5770.898
196	Spectrogram 1	1	13.827410408	13.828342622	2650.240	6572.596	5167.969	5770.898
