Selection	View	Channel	Begin Time (s)	End Time (s)	Low Freq (Hz)	High Freq (Hz)	Center Freq (Hz)	Peak Freq (Hz)
1	Spectrogram 1	1	11.250809090	11.251806822	2635.500	6784.615	4909.570	4823.438
2	Spectrogram 1	1	11.251806822	11.252804555	2635.500	6784.615	4909.570	4823.438
3	Spectrogram 1	1	11.252804555	11.253802287	2635.500	6784.615	4478.906	4392.773
4	Spectrogram 1	1	11.253802287	11.254800020	2635.500	6784.615	4478.906	4392.773
5	Spectrogram 1	1	11.254800020	11.255797752	2635.500	6784.615	4478.906	4392.773
6	Spectrogram 1	1	11.255797752	11.256795485	2635.500	6784.615	4478.906	4392.773
7	Spectrogram 1	1	11.256795485	11.257793217	2635.500	6784.615	4478.906	4392.773
8	Spectrogram 1	1	11.257793217	11.258790949	2635.500	6784.615	4478.906	4392.773
9	Spectrogram 1	1	11.258790949	11.259788682	2635.500	6784.615	4478.906	4478.906
10	Spectrogram 1	1	11.259788682	11.260786414	2635.500	6784.615	4478.906	4478.906
11	Spectrogram 1	1	11.260786414	11.261784147	2635.500	6784.615	4478.906	4478.906
12	Spectrogram 1	1	11.261784147	11.262781879	2635.500	6784.615	4478.906	4478.906
13	Spectrogram 1	1	11.262781879	11.263779612	2635.500	6784.615	4478.906	4478.906
14	Spectrogram 1	1	11.263779612	11.264777344	2635.500	6784.615	4478.906	4478.906
15	Spectrogram 1	1	11.264777344	11.265775076	2635.500	6784.615	4392.773	4392.773
16	Spectrogram 1	1	11.265775076	11.266772809	2635.500	6784.615	4392.773	4392.773
17	Spectrogram 1	1	11.266772809	11.267770541	2635.500	6784.615	4392.773	4392.773
18	Spectrogram 1	1	11.267770541	11.268768274	2635.500	6784.615	4392.773	4392.773
19	Spectrogram 1	1	11.268768274	11.269766006	2635.500	6784.615	4392.773	4392.773
20	Spectrogram 1	1	11.269766006	11.270763739	2635.500	6784.615	4392.773	4392.773
21	Spectrogram 1	1	11.270763739	11.271761471	2635.500	6784.615	3445.312	3445.312
22	Spectrogram 1	1	11.271761471	11.272759203	2635.500	6784.615	3445.312	3445.312
23	Spectrogram 1	1	11.272759203	11.273756936	2635.500	6784.615	3445.312	3445.312
24	Spectrogram 1	1	11.273756936	11.274754668	2635.500	6784.615	3445.312	3445.312
25	Spectrogram 1	1	11.274754668	11.275752401	2635.500	6784.615	3445.312	3445.312
26	Spectrogram 1	1	11.275752401	11.276750133	2635.500	6784.615	3273.047	3273.047
27	Spectrogram 1	1	11.276750133	11.277747866	2635.500	6784.615	3273.047	3273.047
28	Spectrogram 1	1	11.277747866	11.278745598	2635.500	6784.615	3273.047	3273.047
29	Spectrogram 1	1	11.278745598	11.279743330	2635.500	6784.615	3273.047	3273.047
30	Spectrogram 1	1	11.279743330	11.280741063	2635.500	6784.615	3273.047	3273.047
31	Spectrogram 1	1	11.280741063	11.281738795	2635.500	6784.615	3273.047	3273.047
32	Spectrogram 1	1	11.281738795	11.282736528	2635.500	6784.615	3100.781	3100.781
33	Spectrogram 1	1	11.282736528	11.283734260	2635.500	6784.615	3100.781	3100.781
34	Spectrogram 1	1	11.283734260	11.284731992	2635.500	6784.615	3100.781	3100.781
35	Spectrogram 1	1	11.284731992	11.285729725	2635.500	6784.615	3100.781	3100.781
36	Spectrogram 1	1	11.285729725	11.286727457	2635.500	6784.615	3100.781	3100.781
37	Spectrogram 1	1	11.286727457	11.287725190	2635.500	6784.615	3100.781	3100.781
38	Spectrogram 1	1	11.287725190	11.288722922	2635.500	6784.615	3100.781	3014.648
39	Spectrogram 1	1	11.288722922	11.289720655	2635.500	6784.615	3100.781	3014.648
40	Spectrogram 1	1	11.289720655	11.290718387	2635.500	6784.615	3100.781	3014.648
41	Spectrogram 1	1	11.290718387	11.291716119	2635.500	6784.615	3100.781	3014.648
42	Spectrogram 1	1	11.291716119	11.292713852	2635.500	6784.615	3100.781	3014.648
43	Spectrogram 1	1	11.292713852	11.293711584	2635.500	6784.615	3100.781	3014.648
44	Spectrogram 1	1	11.293711584	11.294709317	2635.500	6784.615	3100.781	3100.781
45	Spectrogram 1	1	11.294709317	11.295707049	2635.500	6784.615	3100.781	3100.781
46	Spectrogram 1	1	11.295707049	11.296704782	2635.500	6784.615	3100.781	3100.781
47	Spectrogram 1	1	11.296704782	11.297702514	2635.500	6784.615	3100.781	3100.781
48	Spectrogram 1	1	11.297702514	11.298700246	2635.500	6784.615	3100.781	3100.781
49	Spectrogram 1	1	11.298700246	11.299697979	2635.500	6784.615	3100.781	3100.781
50	Spectrogram 1	1	11.299697979	11.300695711	2635.500	6784.615	5254.102	2928.516
51	Spectrogram 1	1	11.300695711	11.301693444	2635.500	6784.615	5254.102	2928.516
52	Spectrogram 1	1	11.301693444	11.302691176	2635.500	6784.615	5254.102	2928.516
53	Spectrogram 1	1	11.302691176	11.303688909	2635.500	6784.615	5254.102	2928.516
54	Spectrogram 1	1	11.303688909	11.304686641	2635.500	6784.615	5254.102	2928.516
55	Spectrogram 1	1	11.304686641	11.305684373	2635.500	6784.615	5254.102	2928.516
56	Spectrogram 1	1	11.305684373	11.306682106	2635.500	6784.615	4478.906	2842.383
57	Spectrogram 1	1	11.306682106	11.307679838	2635.500	6784.615	4478.906	2842.383
58	Spectrogram 1	1	11.307679838	11.308677571	2635.500	6784.615	4478.906	2842.383
59	Spectrogram 1	1	11.308677571	11.309675303	2635.500	6784.615	4478.906	2842.383
60	Spectrogram 1	1	11.309675303	11.310673036	2635.500	6784.615	4478.906	2842.383
61	Spectrogram 1	1	11.310673036	11.311670768	2635.500	6784.615	4995.703	3100.781
62	Spectrogram 1	1	11.311670768	11.312668500	2635.500	6784.615	4995.703	3100.781
63	Spectrogram 1	1	11.312668500	11.313666233	2635.500	6784.615	4995.703	3100.781
64	Spectrogram 1	1	11.313666233	11.314663965	2635.500	6784.615	4995.703	3100.781
65	Spectrogram 1	1	11.314663965	11.315661698	2635.500	6784.615	4995.703	3100.781
66	Spectrogram 1	1	11.315661698	11.316659430	2635.500	6784.615	4995.703	3100.781
67	Spectrogram 1	1	11.316659430	11.317657163	2635.500	6784.615	3359.180	3100.781
68	Spectrogram 1	1	11.317657163	11.318654895	2635.500	6784.615	3359.180	3100.781
69	Spectrogram 1	1	11.318654895	11.319652627	2635.500	6784.615	3359.180	3100.781
70	Spectrogram 1	1	11.319652627	11.320650360	2635.500	6784.615	3359.180	3100.781
71	Spectrogram 1	1	11.320650360	11.321648092	2635.500	6784.615	3359.180	3100.781
72	Spectrogram 1	1	11.321648092	11.322645825	2635.500	6784.615	3359.180	3100.781
73	Spectrogram 1	1	11.322645825	11.323643557	2635.500	6784.615	3359.180	3359.180
74	Spectrogram 1	1	11.323643557	11.324641290	2635.500	6784.615	3359.180	3359.180
75	Spectrogram 1	1	11.324641290	11.325639022	2635.500	6784.615	3359.180	3359.180
76	Spectrogram 1	1	11.325639022	11.326636754	2635.500	6784.615	3359.180	3359.180
77	Spectrogram 1	1	11.326636754	11.327634487	2635.500	6784.615	3359.180	3359.180
78	Spectrogram 1	1	11.327634487	11.328632219	2635.500	6784.615	3359.180	3359.180
79	Spectrogram 1	1	11.328632219	11.329629952	2635.500	6784.615	3531.445	3531.445
80	Spectrogram 1	1	11.329629952	11.330627684	2635.500	6784.615	3531.445	3531.445
81	Spectrogram 1	1	11.330627684	11.331625417	2635.500	6784.615	3531.445	3531.445
82	Spectrogram 1	1	11.331625417	11.332623149	2635.500	6784.615	3531.445	3531.445
83	Spectrogram 1	1	11.332623149	11.333620881	2635.500	6784.615	3531.445	3531.445
84	Spectrogram 1	1	11.333620881	11.334618614	2635.500	6784.615	3531.445	3531.445
85	Spectrogram 1	1	11.334618614	11.335616346	2635.500	6784.615	3617.578	3617.578
86	Spectrogram 1	1	11.335616346	11.336614079	2635.500	6784.615	3617.578	3617.578
87	Spectrogram 1	1	11.336614079	11.337611811	2635.500	6784.615	3617.578	3617.578
88	Spectrogram 1	1	11.337611811	11.338609544	2635.500	6784.615	3617.578	3617.578
89	Spectrogram 1	1	11.338609544	11.339607276	2635.500	6784.615	3617.578	3617.578
90	Spectrogram 1	1	11.339607276	11.340605008	2635.500	6784.615	3789.844	3789.844
91	Spectrogram 1	1	11.340605008	11.341602741	2635.500	6784.615	3789.844	3789.844
92	Spectrogram 1	1	11.341602741	11.342600473	2635.500	6784.615	3789.844	3789.844
93	Spectrogram 1	1	11.342600473	11.343598206	2635.500	6784.615	3789.844	3789.844
94	Spectrogram 1	1	11.343598206	11.344595938	2635.500	6784.615	3789.844	3789.844
95	Spectrogram 1	1	11.344595938	11.345593670	2635.500	6784.615	3789.844	3789.844
96	Spectrogram 1	1	11.345593670	11.346591403	2635.500	6784.615	3875.977	3875.977
97	Spectrogram 1	1	11.346591403	11.347589135	2635.500	6784.615	3875.977	3875.977
98	Spectrogram 1	1	11.347589135	11.348586868	2635.500	6784.615	3875.977	3875.977
99	Spectrogram 1	1	11.348586868	11.349584600	2635.500	6784.615	3875.977	3875.977
100	Spectrogram 1	1	11.349584600	11.350582333	2635.500	6784.615	3875.977	3875.977
101	Spectrogram 1	1	11.350582333	11.351580065	2635.500	6784.615	3875.977	3875.977
102	Spectrogram 1	1	11.351580065	11.352577797	2635.500	6784.615	4134.375	4134.375
103	Spectrogram 1	1	11.352577797	11.353575530	2635.500	6784.615	4134.375	4134.375
104	Spectrogram 1	1	11.353575530	11.354573262	2635.500	6784.615	4134.375	4134.375
105	Spectrogram 1	1	11.354573262	11.355570995	2635.500	6784.615	4134.375	4134.375
106	Spectrogram 1	1	11.355570995	11.356568727	2635.500	6784.615	4134.375	4134.375
107	Spectrogram 1	1	11.356568727	11.357566460	2635.500	6784.615	4134.375	4134.375
108	Spectrogram 1	1	11.357566460	11.358564192	2635.500	6784.615	4392.773	4392.773
109	Spectrogram 1	1	11.358564192	11.359561924	2635.500	6784.615	4392.773	4392.773
110	Spectrogram 1	1	11.359561924	11.360559657	2635.500	6784.615	4392.773	4392.773
111	Spectrogram 1	1	11.360559657	11.361557389	2635.500	6784.615	4392.773	4392.773
112	Spectrogram 1	1	11.361557389	11.362555122	2635.500	6784.615	4392.773	4392.773
113	Spectrogram 1	1	11.362555122	11.363552854	2635.500	6784.615	4392.773	4392.773
114	Spectrogram 1	1	11.363552854	11.364550587	2635.500	6784.615	4478.906	4478.906
115	Spectrogram 1	1	11.364550587	11.365548319	2635.500	6784.615	4478.906	4478.906
116	Spectrogram 1	1	11.365548319	11.366546051	2635.500	6784.615	4478.906	4478.906
117	Spectrogram 1	1	11.366546051	11.367543784	2635.500	6784.615	4478.906	4478.906
118	Spectrogram 1	1	11.367543784	11.368541516	2635.500	6784.615	4478.906	4478.906
119	Spectrogram 1	1	11.368541516	11.369539249	2635.500	6784.615	4478.906	4478.906
120	Spectrogram 1	1	11.369539249	11.370536981	2635.500	6784.615	4651.172	4565.039
121	Spectrogram 1	1	11.370536981	11.371534714	2635.500	6784.615	4651.172	4565.039
122	Spectrogram 1	1	11.371534714	11.372532446	2635.500	6784.615	4651.172	4565.039
123	Spectrogram 1	1	11.372532446	11.373530178	2635.500	6784.615	4651.172	4565.039
124	Spectrogram 1	1	11.373530178	11.374527911	2635.500	6784.615	4651.172	4565.039
125	Spectrogram 1	1	11.374527911	11.375525643	2635.500	6784.615	4737.305	4737.305
126	Spectrogram 1	1	11.375525643	11.376523376	2635.500	6784.615	4737.305	4737.305
127	Spectrogram 1	1	11.376523376	11.377521108	2635.500	6784.615	4737.305	4737.305
128	Spectrogram 1	1	11.377521108	11.378518841	2635.500	6784.615	4737.305	4737.305
129	Spectrogram 1	1	11.378518841	11.379516573	2635.500	6784.615	4737.305	4737.305
130	Spectrogram 1	1	11.379516573	11.380514305	2635.500	6784.615	4737.305	4737.305
131	Spectrogram 1	1	11.380514305	11.381512038	2635.500	6784.615	4909.570	4995.703
132	Spectrogram 1	1	11.381512038	11.382509770	2635.500	6784.615	4909.570	4995.703
133	Spectrogram 1	1	11.382509770	11.383507503	2635.500	6784.615	4909.570	4995.703
134	Spectrogram 1	1	11.383507503	11.384505235	2635.500	6784.615	4909.570	4995.703
135	Spectrogram 1	1	11.384505235	11.385502968	2635.500	6784.615	4909.570	4995.703
136	Spectrogram 1	1	11.385502968	11.386500700	2635.500	6784.615	4909.570	4995.703
137	Spectrogram 1	1	11.386500700	11.387498432	2635.500	6784.615	5081.836	5081.836
138	Spectrogram 1	1	11.387498432	11.388496165	2635.500	6784.615	5081.836	5081.836
139	Spectrogram 1	1	11.388496165	11.389493897	2635.500	6784.615	5081.836	5081.836
140	Spectrogram 1	1	11.389493897	11.390491630	2635.500	6784.615	5081.836	5081.836
141	Spectrogram 1	1	11.390491630	11.391489362	2635.500	6784.615	5081.836	5081.836
142	Spectrogram 1	1	11.391489362	11.392487095	2635.500	6784.615	5081.836	5081.836
143	Spectrogram 1	1	11.392487095	11.393484827	2635.500	6784.615	4909.570	4909.570
144	Spectrogram 1	1	11.393484827	11.394482559	2635.500	6784.615	4909.570	4909.570
145	Spectrogram 1	1	11.394482559	11.395480292	2635.500	6784.615	4909.570	4909.570
146	Spectrogram 1	1	11.395480292	11.396478024	2635.500	6784.615	4909.570	4909.570
147	Spectrogram 1	1	11.396478024	11.397475757	2635.500	6784.615	4909.570	4909.570
148	Spectrogram 1	1	11.397475757	11.398473489	2635.500	6784.615	4909.570	4909.570
149	Spectrogram 1	1	11.398473489	11.399471222	2635.500	6784.615	4737.305	4737.305
150	Spectrogram 1	1	11.399471222	11.400468954	2635.500	6784.615	4737.305	4737.305
151	Spectrogram 1	1	11.400468954	11.401466686	2635.500	6784.615	4737.305	4737.305
152	Spectrogram 1	1	11.401466686	11.402464419	2635.500	6784.615	4737.305	4737.305
153	Spectrogram 1	1	11.402464419	11.403462151	2635.500	6784.615	4737.305	4737.305
154	Spectrogram 1	1	11.403462151	11.404459884	2635.500	6784.615	5081.836	5081.836
155	Spectrogram 1	1	11.404459884	11.405457616	2635.500	6784.615	5081.836	5081.836
156	Spectrogram 1	1	11.405457616	11.406455349	2635.500	6784.615	5081.836	5081.836
157	Spectrogram 1	1	11.406455349	11.407453081	2635.500	6784.615	5081.836	5081.836
158	Spectrogram 1	1	11.407453081	11.408450813	2635.500	6784.615	5081.836	5081.836
159	Spectrogram 1	1	11.408450813	11.409448546	2635.500	6784.615	5081.836	5081.836
160	Spectrogram 1	1	11.409448546	11.410446278	2635.500	6784.615	5081.836	4995.703
161	Spectrogram 1	1	11.410446278	11.411444011	2635.500	6784.615	5081.836	4995.703
162	Spectrogram 1	1	11.411444011	11.412441743	2635.500	6784.615	5081.836	4995.703
163	Spectrogram 1	1	11.412441743	11.413439475	2635.500	6784.615	5081.836	4995.703
164	Spectrogram 1	1	11.413439475	11.414437208	2635.500	6784.615	5081.836	4995.703
165	Spectrogram 1	1	11.414437208	11.415434940	2635.500	6784.615	5081.836	4995.703
166	Spectrogram 1	1	11.415434940	11.416432673	2635.500	6784.615	6029.297	6287.695
167	Spectrogram 1	1	11.416432673	11.417430405	2635.500	6784.615	6029.297	6287.695
168	Spectrogram 1	1	11.417430405	11.418428138	2635.500	6784.615	6029.297	6287.695
169	Spectrogram 1	1	11.418428138	11.419425870	2635.500	6784.615	6029.297	6287.695
170	Spectrogram 1	1	11.419425870	11.420423602	2635.500	6784.615	6029.297	6287.695
171	Spectrogram 1	1	11.420423602	11.421421335	2635.500	6784.615	6029.297	6287.695
172	Spectrogram 1	1	11.421421335	11.422419067	2635.500	6784.615	6546.094	6632.227
173	Spectrogram 1	1	11.422419067	11.423416800	2635.500	6784.615	6546.094	6632.227
174	Spectrogram 1	1	11.423416800	11.424414532	2635.500	6784.615	6546.094	6632.227
175	Spectrogram 1	1	11.424414532	11.425412265	2635.500	6784.615	6546.094	6632.227
176	Spectrogram 1	1	11.425412265	11.426409997	2635.500	6784.615	6546.094	6632.227
177	Spectrogram 1	1	11.426409997	11.427407729	2635.500	6784.615	6546.094	6632.227
178	Spectrogram 1	1	11.427407729	11.428405462	2635.500	6784.615	5857.031	5857.031
179	Spectrogram 1	1	11.428405462	11.429403194	2635.500	6784.615	5857.031	5857.031
180	Spectrogram 1	1	11.429403194	11.430400927	2635.500	6784.615	5857.031	5857.031
181	Spectrogram 1	1	11.430400927	11.431398659	2635.500	6784.615	5857.031	5857.031
182	Spectrogram 1	1	11.431398659	11.432396392	2635.500	6784.615	5857.031	5857.031
183	Spectrogram 1	1	11.432396392	11.433394124	2635.500	6784.615	5857.031	5857.031
184	Spectrogram 1	1	11.433394124	11.434391856	2635.500	6784.615	5598.633	5598.633
185	Spectrogram 1	1	11.434391856	11.435389589	2635.500	6784.615	5598.633	5598.633
186	Spectrogram 1	1	11.435389589	11.436387321	2635.500	6784.615	5598.633	5598.633
187	Spectrogram 1	1	11.436387321	11.437385054	2635.500	6784.615	5598.633	5598.633
188	Spectrogram 1	1	11.437385054	11.438382786	2635.500	6784.615	5598.633	5598.633
189	Spectrogram 1	1	11.438382786	11.439380519	2635.500	6784.615	5598.633	5770.898
190	Spectrogram 1	1	11.439380519	11.440378251	2635.500	6784.615	5598.633	5770.898
191	Spectrogram 1	1	11.440378251	11.441375983	2635.500	6784.615	5598.633	5770.898
192	Spectrogram 1	1	11.441375983	11.442373716	2635.500	6784.615	5598.633	5770.898
193	Spectrogram 1	1	11.442373716	11.443371448	2635.500	6784.615	5598.633	5770.898
194	Spectrogram 1	1	11.443371448	11.444369181	2635.500	6784.615	5598.633	5770.898
195	Spectrogram 1	1	11.444369181	11.445366913	2635.500	6784.615	5512.500	5770.898
196	Spectrogram 1	1	11.445366913	11.446364646	2635.500	6784.615	5512.500	5770.898
197	Spectrogram 1	1	11.446364646	11.447362378	2635.500	6784.615	5512.500	5770.898
198	Spectrogram 1	1	11.447362378	11.448360110	2635.500	6784.615	5512.500	5770.898
199	Spectrogram 1	1	11.448360110	11.449357843	2635.500	6784.615	5512.500	5770.898
200	Spectrogram 1	1	11.449357843	11.450355575	2635.500	6784.615	5512.500	5770.898
201	Spectrogram 1	1	11.450355575	11.451353308	2635.500	6784.615	5684.766	5770.898
202	Spectrogram 1	1	11.451353308	11.452351040	2635.500	6784.615	5684.766	5770.898
203	Spectrogram 1	1	11.452351040	11.453272404	2635.500	6784.615	5684.766	5770.898
