Selection	View	Channel	Begin Time (s)	End Time (s)	Low Freq (Hz)	High Freq (Hz)	Center Freq (Hz)	Peak Freq (Hz)
1	Spectrogram 1	1	16.833542773	16.834540505	2767.800	5729.100	4048.242	2928.516
2	Spectrogram 1	1	16.834540505	16.835538238	2767.800	5729.100	4048.242	2928.516
3	Spectrogram 1	1	16.835538238	16.836535970	2767.800	5729.100	4048.242	2928.516
4	Spectrogram 1	1	16.836535970	16.837533703	2767.800	5729.100	4048.242	2928.516
5	Spectrogram 1	1	16.837533703	16.838531435	2767.800	5729.100	3359.180	3186.914
6	Spectrogram 1	1	16.838531435	16.839529168	2767.800	5729.100	3359.180	3186.914
7	Spectrogram 1	1	16.839529168	16.840526900	2767.800	5729.100	3359.180	3186.914
8	Spectrogram 1	1	16.840526900	16.841524632	2767.800	5729.100	3359.180	3186.914
9	Spectrogram 1	1	16.841524632	16.842522365	2767.800	5729.100	3359.180	3186.914
10	Spectrogram 1	1	16.842522365	16.843520097	2767.800	5729.100	3359.180	3186.914
11	Spectrogram 1	1	16.843520097	16.844517830	2767.800	5729.100	3703.711	3703.711
12	Spectrogram 1	1	16.844517830	16.845515562	2767.800	5729.100	3703.711	3703.711
13	Spectrogram 1	1	16.845515562	16.846513295	2767.800	5729.100	3703.711	3703.711
14	Spectrogram 1	1	16.846513295	16.847511027	2767.800	5729.100	3703.711	3703.711
15	Spectrogram 1	1	16.847511027	16.848508759	2767.800	5729.100	3703.711	3703.711
16	Spectrogram 1	1	16.848508759	16.849506492	2767.800	5729.100	3789.844	3789.844
17	Spectrogram 1	1	16.849506492	16.850504224	2767.800	5729.100	3789.844	3789.844
18	Spectrogram 1	1	16.850504224	16.851501957	2767.800	5729.100	3789.844	3789.844
19	Spectrogram 1	1	16.851501957	16.852499689	2767.800	5729.100	3789.844	3789.844
20	Spectrogram 1	1	16.852499689	16.853497422	2767.800	5729.100	3789.844	3789.844
21	Spectrogram 1	1	16.853497422	16.854495154	2767.800	5729.100	3789.844	3789.844
22	Spectrogram 1	1	16.854495154	16.855492886	2767.800	5729.100	3962.109	3962.109
23	Spectrogram 1	1	16.855492886	16.856490619	2767.800	5729.100	3962.109	3962.109
24	Spectrogram 1	1	16.856490619	16.857488351	2767.800	5729.100	3962.109	3962.109
25	Spectrogram 1	1	16.857488351	16.858486084	2767.800	5729.100	3962.109	3962.109
26	Spectrogram 1	1	16.858486084	16.859483816	2767.800	5729.100	3962.109	3962.109
27	Spectrogram 1	1	16.859483816	16.860481549	2767.800	5729.100	3962.109	3962.109
28	Spectrogram 1	1	16.860481549	16.861479281	2767.800	5729.100	4134.375	4134.375
29	Spectrogram 1	1	16.861479281	16.862477013	2767.800	5729.100	4134.375	4134.375
30	Spectrogram 1	1	16.862477013	16.863474746	2767.800	5729.100	4134.375	4134.375
31	Spectrogram 1	1	16.863474746	16.864472478	2767.800	5729.100	4134.375	4134.375
32	Spectrogram 1	1	16.864472478	16.865470211	2767.800	5729.100	4134.375	4134.375
33	Spectrogram 1	1	16.865470211	16.866467943	2767.800	5729.100	4134.375	4134.375
34	Spectrogram 1	1	16.866467943	16.867465675	2767.800	5729.100	4134.375	4134.375
35	Spectrogram 1	1	16.867465675	16.868463408	2767.800	5729.100	4134.375	4134.375
36	Spectrogram 1	1	16.868463408	16.869461140	2767.800	5729.100	4134.375	4134.375
37	Spectrogram 1	1	16.869461140	16.870458873	2767.800	5729.100	4134.375	4134.375
38	Spectrogram 1	1	16.870458873	16.871456605	2767.800	5729.100	4134.375	4134.375
39	Spectrogram 1	1	16.871456605	16.872454338	2767.800	5729.100	4134.375	4134.375
40	Spectrogram 1	1	16.872454338	16.873452070	2767.800	5729.100	4220.508	4220.508
41	Spectrogram 1	1	16.873452070	16.874449802	2767.800	5729.100	4220.508	4220.508
42	Spectrogram 1	1	16.874449802	16.875447535	2767.800	5729.100	4220.508	4220.508
43	Spectrogram 1	1	16.875447535	16.876445267	2767.800	5729.100	4220.508	4220.508
44	Spectrogram 1	1	16.876445267	16.877443000	2767.800	5729.100	4220.508	4220.508
45	Spectrogram 1	1	16.877443000	16.878440732	2767.800	5729.100	4220.508	4220.508
46	Spectrogram 1	1	16.878440732	16.879438465	2767.800	5729.100	4306.641	4306.641
47	Spectrogram 1	1	16.879438465	16.880436197	2767.800	5729.100	4306.641	4306.641
48	Spectrogram 1	1	16.880436197	16.881433929	2767.800	5729.100	4306.641	4306.641
49	Spectrogram 1	1	16.881433929	16.882431662	2767.800	5729.100	4306.641	4306.641
50	Spectrogram 1	1	16.882431662	16.883429394	2767.800	5729.100	4306.641	4306.641
51	Spectrogram 1	1	16.883429394	16.884427127	2767.800	5729.100	4392.773	4392.773
52	Spectrogram 1	1	16.884427127	16.885424859	2767.800	5729.100	4392.773	4392.773
53	Spectrogram 1	1	16.885424859	16.886422592	2767.800	5729.100	4392.773	4392.773
54	Spectrogram 1	1	16.886422592	16.887420324	2767.800	5729.100	4392.773	4392.773
55	Spectrogram 1	1	16.887420324	16.888418056	2767.800	5729.100	4392.773	4392.773
56	Spectrogram 1	1	16.888418056	16.889415789	2767.800	5729.100	4392.773	4392.773
57	Spectrogram 1	1	16.889415789	16.890413521	2767.800	5729.100	4478.906	4478.906
58	Spectrogram 1	1	16.890413521	16.891411254	2767.800	5729.100	4478.906	4478.906
59	Spectrogram 1	1	16.891411254	16.892408986	2767.800	5729.100	4478.906	4478.906
60	Spectrogram 1	1	16.892408986	16.893406719	2767.800	5729.100	4478.906	4478.906
61	Spectrogram 1	1	16.893406719	16.894404451	2767.800	5729.100	4478.906	4478.906
62	Spectrogram 1	1	16.894404451	16.895402183	2767.800	5729.100	4478.906	4478.906
63	Spectrogram 1	1	16.895402183	16.896399916	2767.800	5729.100	4565.039	4651.172
64	Spectrogram 1	1	16.896399916	16.897397648	2767.800	5729.100	4565.039	4651.172
65	Spectrogram 1	1	16.897397648	16.898395381	2767.800	5729.100	4565.039	4651.172
66	Spectrogram 1	1	16.898395381	16.899393113	2767.800	5729.100	4565.039	4651.172
67	Spectrogram 1	1	16.899393113	16.900390846	2767.800	5729.100	4565.039	4651.172
68	Spectrogram 1	1	16.900390846	16.901388578	2767.800	5729.100	4565.039	4651.172
69	Spectrogram 1	1	16.901388578	16.902386310	2767.800	5729.100	4651.172	4737.305
70	Spectrogram 1	1	16.902386310	16.903384043	2767.800	5729.100	4651.172	4737.305
71	Spectrogram 1	1	16.903384043	16.904381775	2767.800	5729.100	4651.172	4737.305
72	Spectrogram 1	1	16.904381775	16.905379508	2767.800	5729.100	4651.172	4737.305
73	Spectrogram 1	1	16.905379508	16.906377240	2767.800	5729.100	4651.172	4737.305
74	Spectrogram 1	1	16.906377240	16.907374973	2767.800	5729.100	4651.172	4737.305
75	Spectrogram 1	1	16.907374973	16.908372705	2767.800	5729.100	4909.570	4909.570
76	Spectrogram 1	1	16.908372705	16.909370437	2767.800	5729.100	4909.570	4909.570
77	Spectrogram 1	1	16.909370437	16.910368170	2767.800	5729.100	4909.570	4909.570
78	Spectrogram 1	1	16.910368170	16.911365902	2767.800	5729.100	4909.570	4909.570
79	Spectrogram 1	1	16.911365902	16.912363635	2767.800	5729.100	4909.570	4909.570
80	Spectrogram 1	1	16.912363635	16.913361367	2767.800	5729.100	5512.500	5512.500
81	Spectrogram 1	1	16.913361367	16.914359100	2767.800	5729.100	5512.500	5512.500
82	Spectrogram 1	1	16.914359100	16.915356832	2767.800	5729.100	5512.500	5512.500
83	Spectrogram 1	1	16.915356832	16.916354564	2767.800	5729.100	5512.500	5512.500
84	Spectrogram 1	1	16.916354564	16.917352297	2767.800	5729.100	5512.500	5512.500
85	Spectrogram 1	1	16.917352297	16.918350029	2767.800	5729.100	5512.500	5512.500
86	Spectrogram 1	1	16.918350029	16.919347762	2767.800	5729.100	4823.438	5512.500
87	Spectrogram 1	1	16.919347762	16.920345494	2767.800	5729.100	4823.438	5512.500
88	Spectrogram 1	1	16.920345494	16.921343227	2767.800	5729.100	4823.438	5512.500
89	Spectrogram 1	1	16.921343227	16.922340959	2767.800	5729.100	4823.438	5512.500
90	Spectrogram 1	1	16.922340959	16.923338691	2767.800	5729.100	4823.438	5512.500
91	Spectrogram 1	1	16.923338691	16.924336424	2767.800	5729.100	4823.438	5512.500
92	Spectrogram 1	1	16.924336424	16.925334156	2767.800	5729.100	4306.641	5426.367
93	Spectrogram 1	1	16.925334156	16.926331889	2767.800	5729.100	4306.641	5426.367
94	Spectrogram 1	1	16.926331889	16.927329621	2767.800	5729.100	4306.641	5426.367
95	Spectrogram 1	1	16.927329621	16.928327353	2767.800	5729.100	4306.641	5426.367
96	Spectrogram 1	1	16.928327353	16.929325086	2767.800	5729.100	4306.641	5426.367
97	Spectrogram 1	1	16.929325086	16.930322818	2767.800	5729.100	4306.641	5426.367
98	Spectrogram 1	1	16.930322818	16.931320551	2767.800	5729.100	4565.039	3531.445
99	Spectrogram 1	1	16.931320551	16.932318283	2767.800	5729.100	4565.039	3531.445
100	Spectrogram 1	1	16.932318283	16.933316016	2767.800	5729.100	4565.039	3531.445
101	Spectrogram 1	1	16.933316016	16.934313748	2767.800	5729.100	4565.039	3531.445
102	Spectrogram 1	1	16.934313748	16.935311480	2767.800	5729.100	4565.039	3531.445
103	Spectrogram 1	1	16.935311480	16.936309213	2767.800	5729.100	4565.039	3531.445
104	Spectrogram 1	1	16.936309213	16.937306945	2767.800	5729.100	4306.641	3531.445
105	Spectrogram 1	1	16.937306945	16.938304678	2767.800	5729.100	4306.641	3531.445
106	Spectrogram 1	1	16.938304678	16.939302410	2767.800	5729.100	4306.641	3531.445
107	Spectrogram 1	1	16.939302410	16.940300143	2767.800	5729.100	4306.641	3531.445
108	Spectrogram 1	1	16.940300143	16.941297875	2767.800	5729.100	4306.641	3531.445
109	Spectrogram 1	1	16.941297875	16.942295607	2767.800	5729.100	4306.641	3531.445
110	Spectrogram 1	1	16.942295607	16.943293340	2767.800	5729.100	3875.977	3875.977
111	Spectrogram 1	1	16.943293340	16.944291072	2767.800	5729.100	3875.977	3875.977
112	Spectrogram 1	1	16.944291072	16.945288805	2767.800	5729.100	3875.977	3875.977
113	Spectrogram 1	1	16.945288805	16.946286537	2767.800	5729.100	3875.977	3875.977
114	Spectrogram 1	1	16.946286537	16.947284270	2767.800	5729.100	3875.977	3875.977
115	Spectrogram 1	1	16.947284270	16.948282002	2767.800	5729.100	4048.242	4048.242
116	Spectrogram 1	1	16.948282002	16.949279734	2767.800	5729.100	4048.242	4048.242
117	Spectrogram 1	1	16.949279734	16.950277467	2767.800	5729.100	4048.242	4048.242
118	Spectrogram 1	1	16.950277467	16.951275199	2767.800	5729.100	4048.242	4048.242
119	Spectrogram 1	1	16.951275199	16.952272932	2767.800	5729.100	4048.242	4048.242
120	Spectrogram 1	1	16.952272932	16.953270664	2767.800	5729.100	4048.242	4048.242
121	Spectrogram 1	1	16.953270664	16.954268397	2767.800	5729.100	4048.242	3962.109
122	Spectrogram 1	1	16.954268397	16.955266129	2767.800	5729.100	4048.242	3962.109
123	Spectrogram 1	1	16.955266129	16.956263861	2767.800	5729.100	4048.242	3962.109
124	Spectrogram 1	1	16.956263861	16.957261594	2767.800	5729.100	4048.242	3962.109
125	Spectrogram 1	1	16.957261594	16.958259326	2767.800	5729.100	4048.242	3962.109
126	Spectrogram 1	1	16.958259326	16.959257059	2767.800	5729.100	4048.242	3962.109
127	Spectrogram 1	1	16.959257059	16.960254791	2767.800	5729.100	3875.977	3789.844
128	Spectrogram 1	1	16.960254791	16.961252524	2767.800	5729.100	3875.977	3789.844
129	Spectrogram 1	1	16.961252524	16.962250256	2767.800	5729.100	3875.977	3789.844
130	Spectrogram 1	1	16.962250256	16.963247988	2767.800	5729.100	3875.977	3789.844
131	Spectrogram 1	1	16.963247988	16.964245721	2767.800	5729.100	3875.977	3789.844
132	Spectrogram 1	1	16.964245721	16.965243453	2767.800	5729.100	3875.977	3789.844
133	Spectrogram 1	1	16.965243453	16.966241186	2767.800	5729.100	3962.109	3875.977
134	Spectrogram 1	1	16.966241186	16.967238918	2767.800	5729.100	3962.109	3875.977
135	Spectrogram 1	1	16.967238918	16.968236651	2767.800	5729.100	3962.109	3875.977
136	Spectrogram 1	1	16.968236651	16.969234383	2767.800	5729.100	3962.109	3875.977
137	Spectrogram 1	1	16.969234383	16.970232115	2767.800	5729.100	3962.109	3875.977
138	Spectrogram 1	1	16.970232115	16.971229848	2767.800	5729.100	3962.109	3875.977
139	Spectrogram 1	1	16.971229848	16.972227580	2767.800	5729.100	4048.242	3962.109
140	Spectrogram 1	1	16.972227580	16.973225313	2767.800	5729.100	4048.242	3962.109
141	Spectrogram 1	1	16.973225313	16.974223045	2767.800	5729.100	4048.242	3962.109
142	Spectrogram 1	1	16.974223045	16.975220778	2767.800	5729.100	4048.242	3962.109
143	Spectrogram 1	1	16.975220778	16.976218510	2767.800	5729.100	4048.242	3962.109
144	Spectrogram 1	1	16.976218510	16.977216242	2767.800	5729.100	4048.242	3962.109
145	Spectrogram 1	1	16.977216242	16.978213975	2767.800	5729.100	4048.242	3962.109
146	Spectrogram 1	1	16.978213975	16.979211707	2767.800	5729.100	4048.242	3962.109
147	Spectrogram 1	1	16.979211707	16.980209440	2767.800	5729.100	4048.242	3962.109
148	Spectrogram 1	1	16.980209440	16.981207172	2767.800	5729.100	4048.242	3962.109
149	Spectrogram 1	1	16.981207172	16.982204905	2767.800	5729.100	4048.242	3962.109
150	Spectrogram 1	1	16.982204905	16.983202637	2767.800	5729.100	3875.977	3273.047
151	Spectrogram 1	1	16.983202637	16.984200369	2767.800	5729.100	3875.977	3273.047
152	Spectrogram 1	1	16.984200369	16.985198102	2767.800	5729.100	3875.977	3273.047
153	Spectrogram 1	1	16.985198102	16.986195834	2767.800	5729.100	3875.977	3273.047
154	Spectrogram 1	1	16.986195834	16.987193567	2767.800	5729.100	3875.977	3273.047
155	Spectrogram 1	1	16.987193567	16.988191299	2767.800	5729.100	3875.977	3273.047
156	Spectrogram 1	1	16.988191299	16.989189032	2767.800	5729.100	3789.844	3962.109
157	Spectrogram 1	1	16.989189032	16.990186764	2767.800	5729.100	3789.844	3962.109
158	Spectrogram 1	1	16.990186764	16.991184496	2767.800	5729.100	3789.844	3962.109
159	Spectrogram 1	1	16.991184496	16.992182229	2767.800	5729.100	3789.844	3962.109
160	Spectrogram 1	1	16.992182229	16.993179961	2767.800	5729.100	3789.844	3962.109
161	Spectrogram 1	1	16.993179961	16.994177694	2767.800	5729.100	3789.844	3962.109
162	Spectrogram 1	1	16.994177694	16.995175426	2767.800	5729.100	4220.508	4306.641
163	Spectrogram 1	1	16.995175426	16.996173158	2767.800	5729.100	4220.508	4306.641
164	Spectrogram 1	1	16.996173158	16.997170891	2767.800	5729.100	4220.508	4306.641
165	Spectrogram 1	1	16.997170891	16.998168623	2767.800	5729.100	4220.508	4306.641
166	Spectrogram 1	1	16.998168623	16.999166356	2767.800	5729.100	4220.508	4306.641
167	Spectrogram 1	1	16.999166356	17.000164088	2767.800	5729.100	4220.508	4306.641
168	Spectrogram 1	1	17.000164088	17.001161821	2767.800	5729.100	4306.641	4306.641
169	Spectrogram 1	1	17.001161821	17.002159553	2767.800	5729.100	4306.641	4306.641
170	Spectrogram 1	1	17.002159553	17.003157285	2767.800	5729.100	4306.641	4306.641
171	Spectrogram 1	1	17.003157285	17.004155018	2767.800	5729.100	4306.641	4306.641
172	Spectrogram 1	1	17.004155018	17.005152750	2767.800	5729.100	4306.641	4306.641
173	Spectrogram 1	1	17.005152750	17.006150483	2767.800	5729.100	4306.641	4306.641
174	Spectrogram 1	1	17.006150483	17.007148215	2767.800	5729.100	3962.109	4134.375
175	Spectrogram 1	1	17.007148215	17.008145948	2767.800	5729.100	3962.109	4134.375
176	Spectrogram 1	1	17.008145948	17.009143680	2767.800	5729.100	3962.109	4134.375
177	Spectrogram 1	1	17.009143680	17.010141412	2767.800	5729.100	3962.109	4134.375
178	Spectrogram 1	1	17.010141412	17.011139145	2767.800	5729.100	3962.109	4134.375
179	Spectrogram 1	1	17.011139145	17.012136877	2767.800	5729.100	4048.242	4134.375
180	Spectrogram 1	1	17.012136877	17.013134610	2767.800	5729.100	4048.242	4134.375
181	Spectrogram 1	1	17.013134610	17.014132342	2767.800	5729.100	4048.242	4134.375
182	Spectrogram 1	1	17.014132342	17.015130075	2767.800	5729.100	4048.242	4134.375
183	Spectrogram 1	1	17.015130075	17.016127807	2767.800	5729.100	4048.242	4134.375
184	Spectrogram 1	1	17.016127807	17.016229906	2767.800	5729.100	4048.242	4134.375
