Selection	View	Channel	Begin Time (s)	End Time (s)	Low Freq (Hz)	High Freq (Hz)	Center Freq (Hz)	Peak Freq (Hz)
1	Spectrogram 1	1	37.331869939	37.332869939	2013.700	6767.773	5437.500	4500.000
2	Spectrogram 1	1	37.332869939	37.333869939	2013.700	6767.773	5437.500	4500.000
3	Spectrogram 1	1	37.333869939	37.334869939	2013.700	6767.773	5437.500	4500.000
4	Spectrogram 1	1	37.334869939	37.335869939	2013.700	6767.773	5062.500	5062.500
5	Spectrogram 1	1	37.335869939	37.336869939	2013.700	6767.773	5062.500	5062.500
6	Spectrogram 1	1	37.336869939	37.337869939	2013.700	6767.773	5625.000	5625.000
7	Spectrogram 1	1	37.337869939	37.338869939	2013.700	6767.773	5625.000	5625.000
8	Spectrogram 1	1	37.338869939	37.339869939	2013.700	6767.773	5625.000	5625.000
9	Spectrogram 1	1	37.339869939	37.340869939	2013.700	6767.773	5812.500	6000.000
10	Spectrogram 1	1	37.340869939	37.341869939	2013.700	6767.773	5812.500	6000.000
11	Spectrogram 1	1	37.341869939	37.342869939	2013.700	6767.773	5812.500	6000.000
12	Spectrogram 1	1	37.342869939	37.343869939	2013.700	6767.773	6187.500	6187.500
13	Spectrogram 1	1	37.343869939	37.344869939	2013.700	6767.773	6187.500	6187.500
14	Spectrogram 1	1	37.344869939	37.345869939	2013.700	6767.773	6375.000	6375.000
15	Spectrogram 1	1	37.345869939	37.346869939	2013.700	6767.773	6375.000	6375.000
16	Spectrogram 1	1	37.346869939	37.347869939	2013.700	6767.773	6375.000	6375.000
17	Spectrogram 1	1	37.347869939	37.348869939	2013.700	6767.773	6375.000	6375.000
18	Spectrogram 1	1	37.348869939	37.349869939	2013.700	6767.773	6375.000	6375.000
19	Spectrogram 1	1	37.349869939	37.350869939	2013.700	6767.773	6375.000	6375.000
20	Spectrogram 1	1	37.350869939	37.351869939	2013.700	6767.773	6375.000	6375.000
21	Spectrogram 1	1	37.351869939	37.352869939	2013.700	6767.773	6375.000	6375.000
22	Spectrogram 1	1	37.352869939	37.353869939	2013.700	6767.773	6562.500	6562.500
23	Spectrogram 1	1	37.353869939	37.354869939	2013.700	6767.773	6562.500	6562.500
24	Spectrogram 1	1	37.354869939	37.355869939	2013.700	6767.773	6562.500	6562.500
25	Spectrogram 1	1	37.355869939	37.356869939	2013.700	6767.773	6562.500	6562.500
26	Spectrogram 1	1	37.356869939	37.357869939	2013.700	6767.773	6562.500	6562.500
27	Spectrogram 1	1	37.357869939	37.358869939	2013.700	6767.773	6562.500	6562.500
28	Spectrogram 1	1	37.358869939	37.359869939	2013.700	6767.773	6562.500	6750.000
29	Spectrogram 1	1	37.359869939	37.360869939	2013.700	6767.773	6562.500	6750.000
30	Spectrogram 1	1	37.360869939	37.361869939	2013.700	6767.773	6750.000	6750.000
31	Spectrogram 1	1	37.361869939	37.362869939	2013.700	6767.773	6750.000	6750.000
32	Spectrogram 1	1	37.362869939	37.363869939	2013.700	6767.773	6750.000	6750.000
33	Spectrogram 1	1	37.363869939	37.364869939	2013.700	6767.773	6562.500	6750.000
34	Spectrogram 1	1	37.364869939	37.365869939	2013.700	6767.773	6562.500	6750.000
35	Spectrogram 1	1	37.365869939	37.366869939	2013.700	6767.773	6562.500	6750.000
36	Spectrogram 1	1	37.366869939	37.367869939	2013.700	6767.773	3562.500	3375.000
37	Spectrogram 1	1	37.367869939	37.368869939	2013.700	6767.773	3562.500	3375.000
38	Spectrogram 1	1	37.368869939	37.369869939	2013.700	6767.773	3375.000	3375.000
39	Spectrogram 1	1	37.369869939	37.370869939	2013.700	6767.773	3375.000	3375.000
40	Spectrogram 1	1	37.370869939	37.371869939	2013.700	6767.773	3375.000	3375.000
41	Spectrogram 1	1	37.371869939	37.372869939	2013.700	6767.773	3375.000	3375.000
42	Spectrogram 1	1	37.372869939	37.373869939	2013.700	6767.773	3375.000	3375.000
43	Spectrogram 1	1	37.373869939	37.374869939	2013.700	6767.773	3375.000	3375.000
44	Spectrogram 1	1	37.374869939	37.375869939	2013.700	6767.773	3375.000	3375.000
45	Spectrogram 1	1	37.375869939	37.376869939	2013.700	6767.773	3375.000	3375.000
46	Spectrogram 1	1	37.376869939	37.377869939	2013.700	6767.773	3375.000	3375.000
47	Spectrogram 1	1	37.377869939	37.378869939	2013.700	6767.773	3375.000	3375.000
48	Spectrogram 1	1	37.378869939	37.379869939	2013.700	6767.773	3375.000	3375.000
49	Spectrogram 1	1	37.379869939	37.380869939	2013.700	6767.773	3562.500	3562.500
50	Spectrogram 1	1	37.380869939	37.381869939	2013.700	6767.773	3562.500	3562.500
51	Spectrogram 1	1	37.381869939	37.382869939	2013.700	6767.773	3562.500	3562.500
52	Spectrogram 1	1	37.382869939	37.383869939	2013.700	6767.773	3562.500	3562.500
53	Spectrogram 1	1	37.383869939	37.384869939	2013.700	6767.773	3562.500	3562.500
54	Spectrogram 1	1	37.384869939	37.385869939	2013.700	6767.773	3562.500	3562.500
55	Spectrogram 1	1	37.385869939	37.386869939	2013.700	6767.773	3562.500	3562.500
56	Spectrogram 1	1	37.386869939	37.387869939	2013.700	6767.773	3562.500	3562.500
57	Spectrogram 1	1	37.387869939	37.388869939	2013.700	6767.773	3750.000	3750.000
58	Spectrogram 1	1	37.388869939	37.389869939	2013.700	6767.773	3750.000	3750.000
59	Spectrogram 1	1	37.389869939	37.390869939	2013.700	6767.773	3750.000	3750.000
60	Spectrogram 1	1	37.390869939	37.391869939	2013.700	6767.773	3750.000	3750.000
61	Spectrogram 1	1	37.391869939	37.392869939	2013.700	6767.773	3750.000	3750.000
62	Spectrogram 1	1	37.392869939	37.393869939	2013.700	6767.773	3937.500	3750.000
63	Spectrogram 1	1	37.393869939	37.394869939	2013.700	6767.773	3937.500	3750.000
64	Spectrogram 1	1	37.394869939	37.395869939	2013.700	6767.773	3937.500	3750.000
65	Spectrogram 1	1	37.395869939	37.396869939	2013.700	6767.773	3937.500	3937.500
66	Spectrogram 1	1	37.396869939	37.397869939	2013.700	6767.773	3937.500	3937.500
67	Spectrogram 1	1	37.397869939	37.398869939	2013.700	6767.773	3937.500	3937.500
68	Spectrogram 1	1	37.398869939	37.399869939	2013.700	6767.773	3937.500	3937.500
69	Spectrogram 1	1	37.399869939	37.400869939	2013.700	6767.773	3937.500	3937.500
70	Spectrogram 1	1	37.400869939	37.401869939	2013.700	6767.773	3937.500	3937.500
71	Spectrogram 1	1	37.401869939	37.402869939	2013.700	6767.773	3937.500	3937.500
72	Spectrogram 1	1	37.402869939	37.403869939	2013.700	6767.773	3937.500	3937.500
73	Spectrogram 1	1	37.403869939	37.404869939	2013.700	6767.773	3937.500	3937.500
74	Spectrogram 1	1	37.404869939	37.405869939	2013.700	6767.773	3937.500	3937.500
75	Spectrogram 1	1	37.405869939	37.406869939	2013.700	6767.773	3937.500	3937.500
76	Spectrogram 1	1	37.406869939	37.407869939	2013.700	6767.773	3937.500	3937.500
77	Spectrogram 1	1	37.407869939	37.408869939	2013.700	6767.773	3937.500	3937.500
78	Spectrogram 1	1	37.408869939	37.409869939	2013.700	6767.773	3937.500	3937.500
79	Spectrogram 1	1	37.409869939	37.410869939	2013.700	6767.773	3937.500	3937.500
80	Spectrogram 1	1	37.410869939	37.411869939	2013.700	6767.773	3937.500	3937.500
81	Spectrogram 1	1	37.411869939	37.412869939	2013.700	6767.773	4125.000	4125.000
82	Spectrogram 1	1	37.412869939	37.413869939	2013.700	6767.773	4125.000	4125.000
83	Spectrogram 1	1	37.413869939	37.414869939	2013.700	6767.773	4125.000	4125.000
84	Spectrogram 1	1	37.414869939	37.415869939	2013.700	6767.773	4125.000	4125.000
85	Spectrogram 1	1	37.415869939	37.416869939	2013.700	6767.773	4125.000	4125.000
86	Spectrogram 1	1	37.416869939	37.417869939	2013.700	6767.773	4125.000	4125.000
87	Spectrogram 1	1	37.417869939	37.418869939	2013.700	6767.773	4125.000	4125.000
88	Spectrogram 1	1	37.418869939	37.419869939	2013.700	6767.773	4125.000	4125.000
89	Spectrogram 1	1	37.419869939	37.420869939	2013.700	6767.773	4312.500	4312.500
90	Spectrogram 1	1	37.420869939	37.421869939	2013.700	6767.773	4312.500	4312.500
91	Spectrogram 1	1	37.421869939	37.422869939	2013.700	6767.773	4312.500	4312.500
92	Spectrogram 1	1	37.422869939	37.423869939	2013.700	6767.773	4312.500	4312.500
93	Spectrogram 1	1	37.423869939	37.424869939	2013.700	6767.773	4312.500	4312.500
94	Spectrogram 1	1	37.424869939	37.425869939	2013.700	6767.773	4500.000	4500.000
95	Spectrogram 1	1	37.425869939	37.426869939	2013.700	6767.773	4500.000	4500.000
96	Spectrogram 1	1	37.426869939	37.427869939	2013.700	6767.773	4500.000	4500.000
97	Spectrogram 1	1	37.427869939	37.428869939	2013.700	6767.773	4500.000	4500.000
98	Spectrogram 1	1	37.428869939	37.429869939	2013.700	6767.773	4500.000	4500.000
99	Spectrogram 1	1	37.429869939	37.430869939	2013.700	6767.773	4500.000	4500.000
100	Spectrogram 1	1	37.430869939	37.431869939	2013.700	6767.773	4687.500	4687.500
101	Spectrogram 1	1	37.431869939	37.432869939	2013.700	6767.773	4687.500	4687.500
102	Spectrogram 1	1	37.432869939	37.433869939	2013.700	6767.773	4687.500	4687.500
103	Spectrogram 1	1	37.433869939	37.434869939	2013.700	6767.773	4687.500	4687.500
104	Spectrogram 1	1	37.434869939	37.435869939	2013.700	6767.773	4687.500	4687.500
105	Spectrogram 1	1	37.435869939	37.436869939	2013.700	6767.773	4875.000	4875.000
106	Spectrogram 1	1	37.436869939	37.437869939	2013.700	6767.773	4875.000	4875.000
107	Spectrogram 1	1	37.437869939	37.438869939	2013.700	6767.773	4875.000	4875.000
108	Spectrogram 1	1	37.438869939	37.439869939	2013.700	6767.773	4875.000	4875.000
109	Spectrogram 1	1	37.439869939	37.440869939	2013.700	6767.773	4875.000	4875.000
110	Spectrogram 1	1	37.440869939	37.441869939	2013.700	6767.773	5062.500	5062.500
111	Spectrogram 1	1	37.441869939	37.442869939	2013.700	6767.773	5062.500	5062.500
112	Spectrogram 1	1	37.442869939	37.443869939	2013.700	6767.773	5062.500	5062.500
113	Spectrogram 1	1	37.443869939	37.444869939	2013.700	6767.773	5062.500	5062.500
114	Spectrogram 1	1	37.444869939	37.445869939	2013.700	6767.773	5062.500	5062.500
115	Spectrogram 1	1	37.445869939	37.446869939	2013.700	6767.773	5062.500	5062.500
116	Spectrogram 1	1	37.446869939	37.447869939	2013.700	6767.773	5062.500	5062.500
117	Spectrogram 1	1	37.447869939	37.448869939	2013.700	6767.773	5062.500	5062.500
118	Spectrogram 1	1	37.448869939	37.449869939	2013.700	6767.773	5250.000	5250.000
119	Spectrogram 1	1	37.449869939	37.450869939	2013.700	6767.773	5250.000	5250.000
120	Spectrogram 1	1	37.450869939	37.451869939	2013.700	6767.773	5250.000	5250.000
121	Spectrogram 1	1	37.451869939	37.452869939	2013.700	6767.773	5250.000	5250.000
122	Spectrogram 1	1	37.452869939	37.453869939	2013.700	6767.773	5250.000	5250.000
123	Spectrogram 1	1	37.453869939	37.454869939	2013.700	6767.773	5250.000	5250.000
124	Spectrogram 1	1	37.454869939	37.455869939	2013.700	6767.773	5062.500	5062.500
125	Spectrogram 1	1	37.455869939	37.456869939	2013.700	6767.773	5062.500	5062.500
126	Spectrogram 1	1	37.456869939	37.457869939	2013.700	6767.773	5062.500	5062.500
127	Spectrogram 1	1	37.457869939	37.458869939	2013.700	6767.773	5062.500	5062.500
128	Spectrogram 1	1	37.458869939	37.459869939	2013.700	6767.773	5062.500	5062.500
129	Spectrogram 1	1	37.459869939	37.460869939	2013.700	6767.773	4875.000	4875.000
130	Spectrogram 1	1	37.460869939	37.461869939	2013.700	6767.773	4875.000	4875.000
131	Spectrogram 1	1	37.461869939	37.462869939	2013.700	6767.773	4875.000	4875.000
132	Spectrogram 1	1	37.462869939	37.463869939	2013.700	6767.773	4687.500	4687.500
133	Spectrogram 1	1	37.463869939	37.464869939	2013.700	6767.773	4687.500	4687.500
134	Spectrogram 1	1	37.464869939	37.465869939	2013.700	6767.773	4687.500	4687.500
135	Spectrogram 1	1	37.465869939	37.466869939	2013.700	6767.773	4687.500	4687.500
136	Spectrogram 1	1	37.466869939	37.467869939	2013.700	6767.773	4687.500	4687.500
137	Spectrogram 1	1	37.467869939	37.468869939	2013.700	6767.773	4312.500	4312.500
138	Spectrogram 1	1	37.468869939	37.469869939	2013.700	6767.773	4312.500	4312.500
139	Spectrogram 1	1	37.469869939	37.470869939	2013.700	6767.773	4312.500	4312.500
140	Spectrogram 1	1	37.470869939	37.471869939	2013.700	6767.773	6187.500	6375.000
141	Spectrogram 1	1	37.471869939	37.472869939	2013.700	6767.773	6187.500	6375.000
142	Spectrogram 1	1	37.472869939	37.473869939	2013.700	6767.773	6000.000	6000.000
143	Spectrogram 1	1	37.473869939	37.474869939	2013.700	6767.773	6000.000	6000.000
144	Spectrogram 1	1	37.474869939	37.475869939	2013.700	6767.773	6000.000	6000.000
145	Spectrogram 1	1	37.475869939	37.476869939	2013.700	6767.773	6187.500	6187.500
146	Spectrogram 1	1	37.476869939	37.477869939	2013.700	6767.773	6187.500	6187.500
147	Spectrogram 1	1	37.477869939	37.478869939	2013.700	6767.773	6187.500	6187.500
148	Spectrogram 1	1	37.478869939	37.479869939	2013.700	6767.773	6375.000	6375.000
149	Spectrogram 1	1	37.479869939	37.480869939	2013.700	6767.773	6375.000	6375.000
150	Spectrogram 1	1	37.480869939	37.481869939	2013.700	6767.773	6562.500	6562.500
151	Spectrogram 1	1	37.481869939	37.482869939	2013.700	6767.773	6562.500	6562.500
152	Spectrogram 1	1	37.482869939	37.483869939	2013.700	6767.773	6562.500	6562.500
153	Spectrogram 1	1	37.483869939	37.484869939	2013.700	6767.773	6375.000	6375.000
154	Spectrogram 1	1	37.484869939	37.485869939	2013.700	6767.773	6375.000	6375.000
155	Spectrogram 1	1	37.485869939	37.486869939	2013.700	6767.773	6375.000	6375.000
156	Spectrogram 1	1	37.486869939	37.487869939	2013.700	6767.773	6000.000	6000.000
157	Spectrogram 1	1	37.487869939	37.488869939	2013.700	6767.773	6000.000	6000.000
158	Spectrogram 1	1	37.488869939	37.489869939	2013.700	6767.773	5625.000	5625.000
159	Spectrogram 1	1	37.489869939	37.490869939	2013.700	6767.773	5625.000	5625.000
160	Spectrogram 1	1	37.490869939	37.491869939	2013.700	6767.773	5625.000	5625.000
161	Spectrogram 1	1	37.491869939	37.492869939	2013.700	6767.773	5250.000	5250.000
162	Spectrogram 1	1	37.492869939	37.493869939	2013.700	6767.773	5250.000	5250.000
163	Spectrogram 1	1	37.493869939	37.494869939	2013.700	6767.773	5250.000	5250.000
164	Spectrogram 1	1	37.494869939	37.495869939	2013.700	6767.773	5062.500	5062.500
165	Spectrogram 1	1	37.495869939	37.496869939	2013.700	6767.773	5062.500	5062.500
166	Spectrogram 1	1	37.496869939	37.497869939	2013.700	6767.773	4875.000	4875.000
167	Spectrogram 1	1	37.497869939	37.498869939	2013.700	6767.773	4875.000	4875.000
168	Spectrogram 1	1	37.498869939	37.499869939	2013.700	6767.773	4875.000	4875.000
169	Spectrogram 1	1	37.499869939	37.500869939	2013.700	6767.773	4687.500	4687.500
170	Spectrogram 1	1	37.500869939	37.501869939	2013.700	6767.773	4687.500	4687.500
171	Spectrogram 1	1	37.501869939	37.502869939	2013.700	6767.773	4687.500	4687.500
172	Spectrogram 1	1	37.502869939	37.503869939	2013.700	6767.773	4500.000	4500.000
173	Spectrogram 1	1	37.503869939	37.504869939	2013.700	6767.773	4500.000	4500.000
174	Spectrogram 1	1	37.504869939	37.505869939	2013.700	6767.773	4500.000	4500.000
175	Spectrogram 1	1	37.505869939	37.506869939	2013.700	6767.773	4500.000	4500.000
176	Spectrogram 1	1	37.506869939	37.507869939	2013.700	6767.773	4500.000	4500.000
177	Spectrogram 1	1	37.507869939	37.508869939	2013.700	6767.773	4125.000	4125.000
178	Spectrogram 1	1	37.508869939	37.509869939	2013.700	6767.773	4125.000	4125.000
179	Spectrogram 1	1	37.509869939	37.510869939	2013.700	6767.773	4125.000	4125.000
180	Spectrogram 1	1	37.510869939	37.511869939	2013.700	6767.773	4125.000	4500.000
181	Spectrogram 1	1	37.511869939	37.512869939	2013.700	6767.773	4125.000	4500.000
182	Spectrogram 1	1	37.512869939	37.513869939	2013.700	6767.773	4687.500	4687.500
183	Spectrogram 1	1	37.513869939	37.514869939	2013.700	6767.773	4687.500	4687.500
184	Spectrogram 1	1	37.514869939	37.515813581	2013.700	6767.773	4687.500	4687.500
