Selection	View	Channel	Begin Time (s)	End Time (s)	Low Freq (Hz)	High Freq (Hz)	Center Freq (Hz)	Peak Freq (Hz)
1	Spectrogram 1	1	75.621511194	75.622511194	2953.100	5953.100	3562.500	3375.000
2	Spectrogram 1	1	75.622511194	75.623511194	2953.100	5953.100	3187.500	3187.500
3	Spectrogram 1	1	75.623511194	75.624511194	2953.100	5953.100	3187.500	3187.500
4	Spectrogram 1	1	75.624511194	75.625511194	2953.100	5953.100	3187.500	3187.500
5	Spectrogram 1	1	75.625511194	75.626511194	2953.100	5953.100	3375.000	3375.000
6	Spectrogram 1	1	75.626511194	75.627511194	2953.100	5953.100	3375.000	3375.000
7	Spectrogram 1	1	75.627511194	75.628511194	2953.100	5953.100	3375.000	3375.000
8	Spectrogram 1	1	75.628511194	75.629511194	2953.100	5953.100	3375.000	3375.000
9	Spectrogram 1	1	75.629511194	75.630511194	2953.100	5953.100	3375.000	3375.000
10	Spectrogram 1	1	75.630511194	75.631511194	2953.100	5953.100	3375.000	3375.000
11	Spectrogram 1	1	75.631511194	75.632511194	2953.100	5953.100	3375.000	3375.000
12	Spectrogram 1	1	75.632511194	75.633511194	2953.100	5953.100	3375.000	3375.000
13	Spectrogram 1	1	75.633511194	75.634511194	2953.100	5953.100	3375.000	3375.000
14	Spectrogram 1	1	75.634511194	75.635511194	2953.100	5953.100	3375.000	3375.000
15	Spectrogram 1	1	75.635511194	75.636511194	2953.100	5953.100	3375.000	3375.000
16	Spectrogram 1	1	75.636511194	75.637511194	2953.100	5953.100	3375.000	3375.000
17	Spectrogram 1	1	75.637511194	75.638511194	2953.100	5953.100	3375.000	3375.000
18	Spectrogram 1	1	75.638511194	75.639511194	2953.100	5953.100	3562.500	3562.500
19	Spectrogram 1	1	75.639511194	75.640511194	2953.100	5953.100	3562.500	3562.500
20	Spectrogram 1	1	75.640511194	75.641511194	2953.100	5953.100	3562.500	3562.500
21	Spectrogram 1	1	75.641511194	75.642511194	2953.100	5953.100	3750.000	3750.000
22	Spectrogram 1	1	75.642511194	75.643511194	2953.100	5953.100	3750.000	3750.000
23	Spectrogram 1	1	75.643511194	75.644511194	2953.100	5953.100	3750.000	3750.000
24	Spectrogram 1	1	75.644511194	75.645511194	2953.100	5953.100	3750.000	3750.000
25	Spectrogram 1	1	75.645511194	75.646511194	2953.100	5953.100	3750.000	3750.000
26	Spectrogram 1	1	75.646511194	75.647511194	2953.100	5953.100	3750.000	3750.000
27	Spectrogram 1	1	75.647511194	75.648511194	2953.100	5953.100	3750.000	3750.000
28	Spectrogram 1	1	75.648511194	75.649511194	2953.100	5953.100	3750.000	3750.000
29	Spectrogram 1	1	75.649511194	75.650511194	2953.100	5953.100	3937.500	3937.500
30	Spectrogram 1	1	75.650511194	75.651511194	2953.100	5953.100	3937.500	3937.500
31	Spectrogram 1	1	75.651511194	75.652511194	2953.100	5953.100	3937.500	3937.500
32	Spectrogram 1	1	75.652511194	75.653511194	2953.100	5953.100	3937.500	3937.500
33	Spectrogram 1	1	75.653511194	75.654511194	2953.100	5953.100	3937.500	3937.500
34	Spectrogram 1	1	75.654511194	75.655511194	2953.100	5953.100	3937.500	3937.500
35	Spectrogram 1	1	75.655511194	75.656511194	2953.100	5953.100	3937.500	3937.500
36	Spectrogram 1	1	75.656511194	75.657511194	2953.100	5953.100	3937.500	3937.500
37	Spectrogram 1	1	75.657511194	75.658511194	2953.100	5953.100	4125.000	4125.000
38	Spectrogram 1	1	75.658511194	75.659511194	2953.100	5953.100	4125.000	4125.000
39	Spectrogram 1	1	75.659511194	75.660511194	2953.100	5953.100	4125.000	4125.000
40	Spectrogram 1	1	75.660511194	75.661511194	2953.100	5953.100	4125.000	4125.000
41	Spectrogram 1	1	75.661511194	75.662511194	2953.100	5953.100	4125.000	4125.000
42	Spectrogram 1	1	75.662511194	75.663511194	2953.100	5953.100	4125.000	4125.000
43	Spectrogram 1	1	75.663511194	75.664511194	2953.100	5953.100	4125.000	4125.000
44	Spectrogram 1	1	75.664511194	75.665511194	2953.100	5953.100	4125.000	4125.000
45	Spectrogram 1	1	75.665511194	75.666511194	2953.100	5953.100	4125.000	4125.000
46	Spectrogram 1	1	75.666511194	75.667511194	2953.100	5953.100	4125.000	4125.000
47	Spectrogram 1	1	75.667511194	75.668511194	2953.100	5953.100	4125.000	4125.000
48	Spectrogram 1	1	75.668511194	75.669511194	2953.100	5953.100	4125.000	4125.000
49	Spectrogram 1	1	75.669511194	75.670511194	2953.100	5953.100	4125.000	4125.000
50	Spectrogram 1	1	75.670511194	75.671511194	2953.100	5953.100	4312.500	4312.500
51	Spectrogram 1	1	75.671511194	75.672511194	2953.100	5953.100	4312.500	4312.500
52	Spectrogram 1	1	75.672511194	75.673511194	2953.100	5953.100	4312.500	4312.500
53	Spectrogram 1	1	75.673511194	75.674511194	2953.100	5953.100	4312.500	4312.500
54	Spectrogram 1	1	75.674511194	75.675511194	2953.100	5953.100	4312.500	4312.500
55	Spectrogram 1	1	75.675511194	75.676511194	2953.100	5953.100	4312.500	4312.500
56	Spectrogram 1	1	75.676511194	75.677511194	2953.100	5953.100	4312.500	4312.500
57	Spectrogram 1	1	75.677511194	75.678511194	2953.100	5953.100	4312.500	4312.500
58	Spectrogram 1	1	75.678511194	75.679511194	2953.100	5953.100	4312.500	4312.500
59	Spectrogram 1	1	75.679511194	75.680511194	2953.100	5953.100	4312.500	4312.500
60	Spectrogram 1	1	75.680511194	75.681511194	2953.100	5953.100	4312.500	4312.500
61	Spectrogram 1	1	75.681511194	75.682511194	2953.100	5953.100	4312.500	4312.500
62	Spectrogram 1	1	75.682511194	75.683511194	2953.100	5953.100	4312.500	4312.500
63	Spectrogram 1	1	75.683511194	75.684511194	2953.100	5953.100	4312.500	4312.500
64	Spectrogram 1	1	75.684511194	75.685511194	2953.100	5953.100	4312.500	4312.500
65	Spectrogram 1	1	75.685511194	75.686511194	2953.100	5953.100	4312.500	4312.500
66	Spectrogram 1	1	75.686511194	75.687511194	2953.100	5953.100	4312.500	4312.500
67	Spectrogram 1	1	75.687511194	75.688511194	2953.100	5953.100	4312.500	4312.500
68	Spectrogram 1	1	75.688511194	75.689511194	2953.100	5953.100	4312.500	4312.500
69	Spectrogram 1	1	75.689511194	75.690511194	2953.100	5953.100	4500.000	4500.000
70	Spectrogram 1	1	75.690511194	75.691511194	2953.100	5953.100	4500.000	4500.000
71	Spectrogram 1	1	75.691511194	75.692511194	2953.100	5953.100	4687.500	4687.500
72	Spectrogram 1	1	75.692511194	75.693511194	2953.100	5953.100	4687.500	4687.500
73	Spectrogram 1	1	75.693511194	75.694511194	2953.100	5953.100	4687.500	4687.500
74	Spectrogram 1	1	75.694511194	75.695511194	2953.100	5953.100	4687.500	4687.500
75	Spectrogram 1	1	75.695511194	75.696511194	2953.100	5953.100	4687.500	4687.500
76	Spectrogram 1	1	75.696511194	75.697511194	2953.100	5953.100	4687.500	4687.500
77	Spectrogram 1	1	75.697511194	75.698511194	2953.100	5953.100	4875.000	4875.000
78	Spectrogram 1	1	75.698511194	75.699511194	2953.100	5953.100	4875.000	4875.000
79	Spectrogram 1	1	75.699511194	75.700511194	2953.100	5953.100	5062.500	5062.500
80	Spectrogram 1	1	75.700511194	75.701511194	2953.100	5953.100	5062.500	5062.500
81	Spectrogram 1	1	75.701511194	75.702511194	2953.100	5953.100	5062.500	5062.500
82	Spectrogram 1	1	75.702511194	75.703511194	2953.100	5953.100	5437.500	5437.500
83	Spectrogram 1	1	75.703511194	75.704511194	2953.100	5953.100	5437.500	5437.500
84	Spectrogram 1	1	75.704511194	75.705511194	2953.100	5953.100	5437.500	5437.500
85	Spectrogram 1	1	75.705511194	75.706511194	2953.100	5953.100	5437.500	5625.000
86	Spectrogram 1	1	75.706511194	75.707511194	2953.100	5953.100	5437.500	5625.000
87	Spectrogram 1	1	75.707511194	75.708511194	2953.100	5953.100	5250.000	5250.000
88	Spectrogram 1	1	75.708511194	75.709511194	2953.100	5953.100	5250.000	5250.000
89	Spectrogram 1	1	75.709511194	75.710511194	2953.100	5953.100	5250.000	5250.000
90	Spectrogram 1	1	75.710511194	75.711511194	2953.100	5953.100	4875.000	4875.000
91	Spectrogram 1	1	75.711511194	75.712511194	2953.100	5953.100	4875.000	4875.000
92	Spectrogram 1	1	75.712511194	75.713511194	2953.100	5953.100	4875.000	4875.000
93	Spectrogram 1	1	75.713511194	75.714511194	2953.100	5953.100	4312.500	4312.500
94	Spectrogram 1	1	75.714511194	75.715511194	2953.100	5953.100	4312.500	4312.500
95	Spectrogram 1	1	75.715511194	75.716511194	2953.100	5953.100	4500.000	3937.500
96	Spectrogram 1	1	75.716511194	75.717511194	2953.100	5953.100	4500.000	3937.500
97	Spectrogram 1	1	75.717511194	75.718511194	2953.100	5953.100	4500.000	3937.500
98	Spectrogram 1	1	75.718511194	75.719511194	2953.100	5953.100	3750.000	3750.000
99	Spectrogram 1	1	75.719511194	75.720511194	2953.100	5953.100	3750.000	3750.000
100	Spectrogram 1	1	75.720511194	75.721511194	2953.100	5953.100	3750.000	3750.000
101	Spectrogram 1	1	75.721511194	75.722511194	2953.100	5953.100	3750.000	3750.000
102	Spectrogram 1	1	75.722511194	75.723511194	2953.100	5953.100	3750.000	3750.000
103	Spectrogram 1	1	75.723511194	75.724511194	2953.100	5953.100	3750.000	3562.500
104	Spectrogram 1	1	75.724511194	75.725511194	2953.100	5953.100	3750.000	3562.500
105	Spectrogram 1	1	75.725511194	75.726511194	2953.100	5953.100	3750.000	3562.500
106	Spectrogram 1	1	75.726511194	75.727511194	2953.100	5953.100	3750.000	3562.500
107	Spectrogram 1	1	75.727511194	75.728511194	2953.100	5953.100	3750.000	3562.500
108	Spectrogram 1	1	75.728511194	75.729511194	2953.100	5953.100	3750.000	3562.500
109	Spectrogram 1	1	75.729511194	75.730511194	2953.100	5953.100	3750.000	3562.500
110	Spectrogram 1	1	75.730511194	75.731511194	2953.100	5953.100	3750.000	3562.500
111	Spectrogram 1	1	75.731511194	75.732511194	2953.100	5953.100	3750.000	3750.000
112	Spectrogram 1	1	75.732511194	75.733511194	2953.100	5953.100	3750.000	3750.000
113	Spectrogram 1	1	75.733511194	75.734511194	2953.100	5953.100	3750.000	3750.000
114	Spectrogram 1	1	75.734511194	75.735511194	2953.100	5953.100	3750.000	3750.000
115	Spectrogram 1	1	75.735511194	75.736511194	2953.100	5953.100	3750.000	3750.000
116	Spectrogram 1	1	75.736511194	75.737511194	2953.100	5953.100	3750.000	3750.000
117	Spectrogram 1	1	75.737511194	75.738511194	2953.100	5953.100	3937.500	3937.500
118	Spectrogram 1	1	75.738511194	75.739511194	2953.100	5953.100	3937.500	3937.500
119	Spectrogram 1	1	75.739511194	75.740511194	2953.100	5953.100	3937.500	3937.500
120	Spectrogram 1	1	75.740511194	75.741511194	2953.100	5953.100	3937.500	3937.500
121	Spectrogram 1	1	75.741511194	75.742511194	2953.100	5953.100	3937.500	3937.500
122	Spectrogram 1	1	75.742511194	75.743511194	2953.100	5953.100	3937.500	3937.500
123	Spectrogram 1	1	75.743511194	75.744511194	2953.100	5953.100	3937.500	3937.500
124	Spectrogram 1	1	75.744511194	75.745511194	2953.100	5953.100	3937.500	3937.500
125	Spectrogram 1	1	75.745511194	75.746511194	2953.100	5953.100	4125.000	4125.000
126	Spectrogram 1	1	75.746511194	75.747511194	2953.100	5953.100	4125.000	4125.000
127	Spectrogram 1	1	75.747511194	75.748511194	2953.100	5953.100	4125.000	4125.000
128	Spectrogram 1	1	75.748511194	75.749511194	2953.100	5953.100	4125.000	4125.000
129	Spectrogram 1	1	75.749511194	75.750511194	2953.100	5953.100	4125.000	4125.000
130	Spectrogram 1	1	75.750511194	75.751511194	2953.100	5953.100	4125.000	4125.000
131	Spectrogram 1	1	75.751511194	75.752511194	2953.100	5953.100	4125.000	4125.000
132	Spectrogram 1	1	75.752511194	75.753511194	2953.100	5953.100	4125.000	4125.000
133	Spectrogram 1	1	75.753511194	75.754511194	2953.100	5953.100	4125.000	4125.000
134	Spectrogram 1	1	75.754511194	75.755511194	2953.100	5953.100	4125.000	4125.000
135	Spectrogram 1	1	75.755511194	75.756511194	2953.100	5953.100	4125.000	4125.000
136	Spectrogram 1	1	75.756511194	75.757511194	2953.100	5953.100	4125.000	4125.000
137	Spectrogram 1	1	75.757511194	75.758511194	2953.100	5953.100	4125.000	4125.000
138	Spectrogram 1	1	75.758511194	75.759511194	2953.100	5953.100	4125.000	4125.000
139	Spectrogram 1	1	75.759511194	75.760511194	2953.100	5953.100	4125.000	4125.000
140	Spectrogram 1	1	75.760511194	75.761511194	2953.100	5953.100	4125.000	4125.000
141	Spectrogram 1	1	75.761511194	75.762511194	2953.100	5953.100	3937.500	3937.500
142	Spectrogram 1	1	75.762511194	75.763511194	2953.100	5953.100	3937.500	3937.500
143	Spectrogram 1	1	75.763511194	75.764511194	2953.100	5953.100	3937.500	3937.500
144	Spectrogram 1	1	75.764511194	75.765511194	2953.100	5953.100	3937.500	3937.500
145	Spectrogram 1	1	75.765511194	75.766511194	2953.100	5953.100	3937.500	3937.500
146	Spectrogram 1	1	75.766511194	75.767511194	2953.100	5953.100	3937.500	3750.000
147	Spectrogram 1	1	75.767511194	75.768511194	2953.100	5953.100	3937.500	3750.000
148	Spectrogram 1	1	75.768511194	75.769511194	2953.100	5953.100	3937.500	3750.000
149	Spectrogram 1	1	75.769511194	75.770511194	2953.100	5953.100	3937.500	3937.500
150	Spectrogram 1	1	75.770511194	75.771511194	2953.100	5953.100	3937.500	3937.500
151	Spectrogram 1	1	75.771511194	75.772511194	2953.100	5953.100	3937.500	3750.000
152	Spectrogram 1	1	75.772511194	75.773511194	2953.100	5953.100	3937.500	3750.000
153	Spectrogram 1	1	75.773511194	75.774511194	2953.100	5953.100	3937.500	3750.000
154	Spectrogram 1	1	75.774511194	75.775511194	2953.100	5953.100	3750.000	3750.000
155	Spectrogram 1	1	75.775511194	75.776511194	2953.100	5953.100	3750.000	3750.000
156	Spectrogram 1	1	75.776511194	75.777511194	2953.100	5953.100	3750.000	3750.000
157	Spectrogram 1	1	75.777511194	75.778511194	2953.100	5953.100	3562.500	3562.500
158	Spectrogram 1	1	75.778511194	75.779511194	2953.100	5953.100	3562.500	3562.500
159	Spectrogram 1	1	75.779511194	75.780511194	2953.100	5953.100	3562.500	3375.000
160	Spectrogram 1	1	75.780511194	75.781511194	2953.100	5953.100	3562.500	3375.000
161	Spectrogram 1	1	75.781511194	75.782511194	2953.100	5953.100	3562.500	3375.000
162	Spectrogram 1	1	75.782511194	75.783511194	2953.100	5953.100	3562.500	3375.000
163	Spectrogram 1	1	75.783511194	75.784511194	2953.100	5953.100	3562.500	3375.000
164	Spectrogram 1	1	75.784511194	75.785511194	2953.100	5953.100	3562.500	3375.000
165	Spectrogram 1	1	75.785511194	75.786511194	2953.100	5953.100	3375.000	3375.000
166	Spectrogram 1	1	75.786511194	75.787511194	2953.100	5953.100	3375.000	3375.000
167	Spectrogram 1	1	75.787511194	75.788511194	2953.100	5953.100	3562.500	3562.500
168	Spectrogram 1	1	75.788511194	75.789511194	2953.100	5953.100	3562.500	3562.500
169	Spectrogram 1	1	75.789511194	75.790511194	2953.100	5953.100	3562.500	3562.500
170	Spectrogram 1	1	75.790511194	75.791511194	2953.100	5953.100	3562.500	3562.500
171	Spectrogram 1	1	75.791511194	75.792511194	2953.100	5953.100	3562.500	3562.500
172	Spectrogram 1	1	75.792511194	75.793511194	2953.100	5953.100	3562.500	3562.500
173	Spectrogram 1	1	75.793511194	75.794511194	2953.100	5953.100	3562.500	3562.500
174	Spectrogram 1	1	75.794511194	75.795511194	2953.100	5953.100	3562.500	3562.500
175	Spectrogram 1	1	75.795511194	75.796511194	2953.100	5953.100	3750.000	3750.000
176	Spectrogram 1	1	75.796511194	75.797511194	2953.100	5953.100	3750.000	3750.000
177	Spectrogram 1	1	75.797511194	75.798511194	2953.100	5953.100	3750.000	3750.000
178	Spectrogram 1	1	75.798511194	75.799511194	2953.100	5953.100	3750.000	3750.000
179	Spectrogram 1	1	75.799511194	75.800511194	2953.100	5953.100	3750.000	3750.000
180	Spectrogram 1	1	75.800511194	75.801511194	2953.100	5953.100	3750.000	3750.000
181	Spectrogram 1	1	75.801511194	75.802511194	2953.100	5953.100	3937.500	3937.500
182	Spectrogram 1	1	75.802511194	75.803511194	2953.100	5953.100	3937.500	3937.500
183	Spectrogram 1	1	75.803511194	75.804511194	2953.100	5953.100	3937.500	3937.500
184	Spectrogram 1	1	75.804511194	75.805511194	2953.100	5953.100	3937.500	3937.500
185	Spectrogram 1	1	75.805511194	75.806511194	2953.100	5953.100	3937.500	3937.500
186	Spectrogram 1	1	75.806511194	75.807511194	2953.100	5953.100	3937.500	3937.500
187	Spectrogram 1	1	75.807511194	75.808511194	2953.100	5953.100	3937.500	3937.500
188	Spectrogram 1	1	75.808511194	75.809511194	2953.100	5953.100	3937.500	3937.500
189	Spectrogram 1	1	75.809511194	75.810511194	2953.100	5953.100	3750.000	3750.000
190	Spectrogram 1	1	75.810511194	75.811511194	2953.100	5953.100	3750.000	3750.000
191	Spectrogram 1	1	75.811511194	75.812511194	2953.100	5953.100	3750.000	3750.000
192	Spectrogram 1	1	75.812511194	75.813511194	2953.100	5953.100	3750.000	3750.000
193	Spectrogram 1	1	75.813511194	75.814511194	2953.100	5953.100	3750.000	3750.000
194	Spectrogram 1	1	75.814511194	75.815511194	2953.100	5953.100	3562.500	3562.500
195	Spectrogram 1	1	75.815511194	75.816511194	2953.100	5953.100	3562.500	3562.500
196	Spectrogram 1	1	75.816511194	75.817511194	2953.100	5953.100	3562.500	3562.500
197	Spectrogram 1	1	75.817511194	75.818511194	2953.100	5953.100	3562.500	3375.000
198	Spectrogram 1	1	75.818511194	75.819511194	2953.100	5953.100	3562.500	3375.000
199	Spectrogram 1	1	75.819511194	75.820511194	2953.100	5953.100	3375.000	3375.000
200	Spectrogram 1	1	75.820511194	75.821511194	2953.100	5953.100	3375.000	3375.000
201	Spectrogram 1	1	75.821511194	75.822511194	2953.100	5953.100	3375.000	3375.000
202	Spectrogram 1	1	75.822511194	75.823000000	2953.100	5953.100	3375.000	3187.500
