Selection	View	Channel	Begin Time (s)	End Time (s)	Low Freq (Hz)	High Freq (Hz)	Center Freq (Hz)	Peak Freq (Hz)
1	Spectrogram 1	1	603.757416044	603.758413776	2317.100	7099.900	5512.500	5426.367
2	Spectrogram 1	1	603.758413776	603.759411509	2317.100	7099.900	5512.500	5426.367
3	Spectrogram 1	1	603.759411509	603.760409241	2317.100	7099.900	5512.500	5426.367
4	Spectrogram 1	1	603.760409241	603.761406974	2317.100	7099.900	5512.500	5426.367
5	Spectrogram 1	1	603.761406974	603.762404706	2317.100	7099.900	5512.500	5426.367
6	Spectrogram 1	1	603.762404706	603.763402439	2317.100	7099.900	3962.109	3875.977
7	Spectrogram 1	1	603.763402439	603.764400171	2317.100	7099.900	3962.109	3875.977
8	Spectrogram 1	1	603.764400171	603.765397903	2317.100	7099.900	3962.109	3875.977
9	Spectrogram 1	1	603.765397903	603.766395636	2317.100	7099.900	3962.109	3875.977
10	Spectrogram 1	1	603.766395636	603.767393368	2317.100	7099.900	3962.109	3875.977
11	Spectrogram 1	1	603.767393368	603.768391101	2317.100	7099.900	3962.109	3875.977
12	Spectrogram 1	1	603.768391101	603.769388833	2317.100	7099.900	3703.711	3703.711
13	Spectrogram 1	1	603.769388833	603.770386566	2317.100	7099.900	3703.711	3703.711
14	Spectrogram 1	1	603.770386566	603.771384298	2317.100	7099.900	3703.711	3703.711
15	Spectrogram 1	1	603.771384298	603.772382030	2317.100	7099.900	3703.711	3703.711
16	Spectrogram 1	1	603.772382030	603.773379763	2317.100	7099.900	3703.711	3703.711
17	Spectrogram 1	1	603.773379763	603.774377495	2317.100	7099.900	3703.711	3703.711
18	Spectrogram 1	1	603.774377495	603.775375228	2317.100	7099.900	3703.711	3359.180
19	Spectrogram 1	1	603.775375228	603.776372960	2317.100	7099.900	3703.711	3359.180
20	Spectrogram 1	1	603.776372960	603.777370693	2317.100	7099.900	3703.711	3359.180
21	Spectrogram 1	1	603.777370693	603.778368425	2317.100	7099.900	3703.711	3359.180
22	Spectrogram 1	1	603.778368425	603.779366157	2317.100	7099.900	3703.711	3359.180
23	Spectrogram 1	1	603.779366157	603.780363890	2317.100	7099.900	3789.844	3186.914
24	Spectrogram 1	1	603.780363890	603.781361622	2317.100	7099.900	3789.844	3186.914
25	Spectrogram 1	1	603.781361622	603.782359355	2317.100	7099.900	3789.844	3186.914
26	Spectrogram 1	1	603.782359355	603.783357087	2317.100	7099.900	3789.844	3186.914
27	Spectrogram 1	1	603.783357087	603.784354820	2317.100	7099.900	3789.844	3186.914
28	Spectrogram 1	1	603.784354820	603.785352552	2317.100	7099.900	3789.844	3186.914
29	Spectrogram 1	1	603.785352552	603.786350284	2317.100	7099.900	3273.047	3273.047
30	Spectrogram 1	1	603.786350284	603.787348017	2317.100	7099.900	3273.047	3273.047
31	Spectrogram 1	1	603.787348017	603.788345749	2317.100	7099.900	3273.047	3273.047
32	Spectrogram 1	1	603.788345749	603.789343482	2317.100	7099.900	3273.047	3273.047
33	Spectrogram 1	1	603.789343482	603.790341214	2317.100	7099.900	3273.047	3273.047
34	Spectrogram 1	1	603.790341214	603.791338946	2317.100	7099.900	3273.047	3273.047
35	Spectrogram 1	1	603.791338946	603.792336679	2317.100	7099.900	3186.914	3186.914
36	Spectrogram 1	1	603.792336679	603.793334411	2317.100	7099.900	3186.914	3186.914
37	Spectrogram 1	1	603.793334411	603.794332144	2317.100	7099.900	3186.914	3186.914
38	Spectrogram 1	1	603.794332144	603.795329876	2317.100	7099.900	3186.914	3186.914
39	Spectrogram 1	1	603.795329876	603.796327609	2317.100	7099.900	3186.914	3186.914
40	Spectrogram 1	1	603.796327609	603.797325341	2317.100	7099.900	3186.914	3186.914
41	Spectrogram 1	1	603.797325341	603.798323073	2317.100	7099.900	3186.914	3186.914
42	Spectrogram 1	1	603.798323073	603.799320806	2317.100	7099.900	3186.914	3186.914
43	Spectrogram 1	1	603.799320806	603.800318538	2317.100	7099.900	3186.914	3186.914
44	Spectrogram 1	1	603.800318538	603.801316271	2317.100	7099.900	3186.914	3186.914
45	Spectrogram 1	1	603.801316271	603.802314003	2317.100	7099.900	3186.914	3186.914
46	Spectrogram 1	1	603.802314003	603.803311736	2317.100	7099.900	3186.914	3186.914
47	Spectrogram 1	1	603.803311736	603.804309468	2317.100	7099.900	4220.508	3186.914
48	Spectrogram 1	1	603.804309468	603.805307200	2317.100	7099.900	4220.508	3186.914
49	Spectrogram 1	1	603.805307200	603.806304933	2317.100	7099.900	4220.508	3186.914
50	Spectrogram 1	1	603.806304933	603.807302665	2317.100	7099.900	4220.508	3186.914
51	Spectrogram 1	1	603.807302665	603.808300398	2317.100	7099.900	4220.508	3186.914
52	Spectrogram 1	1	603.808300398	603.809298130	2317.100	7099.900	5340.234	6373.828
53	Spectrogram 1	1	603.809298130	603.810295863	2317.100	7099.900	5340.234	6373.828
54	Spectrogram 1	1	603.810295863	603.811293595	2317.100	7099.900	5340.234	6373.828
55	Spectrogram 1	1	603.811293595	603.812291327	2317.100	7099.900	5340.234	6373.828
56	Spectrogram 1	1	603.812291327	603.813289060	2317.100	7099.900	5340.234	6373.828
57	Spectrogram 1	1	603.813289060	603.814286792	2317.100	7099.900	5340.234	6373.828
58	Spectrogram 1	1	603.814286792	603.815284525	2317.100	7099.900	3962.109	3445.312
59	Spectrogram 1	1	603.815284525	603.816282257	2317.100	7099.900	3962.109	3445.312
60	Spectrogram 1	1	603.816282257	603.817279990	2317.100	7099.900	3962.109	3445.312
61	Spectrogram 1	1	603.817279990	603.818277722	2317.100	7099.900	3962.109	3445.312
62	Spectrogram 1	1	603.818277722	603.819275454	2317.100	7099.900	3962.109	3445.312
63	Spectrogram 1	1	603.819275454	603.820273187	2317.100	7099.900	3962.109	3445.312
64	Spectrogram 1	1	603.820273187	603.821270919	2317.100	7099.900	3445.312	3445.312
65	Spectrogram 1	1	603.821270919	603.822268652	2317.100	7099.900	3445.312	3445.312
66	Spectrogram 1	1	603.822268652	603.823266384	2317.100	7099.900	3445.312	3445.312
67	Spectrogram 1	1	603.823266384	603.824264117	2317.100	7099.900	3445.312	3445.312
68	Spectrogram 1	1	603.824264117	603.825261849	2317.100	7099.900	3445.312	3445.312
69	Spectrogram 1	1	603.825261849	603.826259581	2317.100	7099.900	3445.312	3445.312
70	Spectrogram 1	1	603.826259581	603.827257314	2317.100	7099.900	3617.578	3617.578
71	Spectrogram 1	1	603.827257314	603.828255046	2317.100	7099.900	3617.578	3617.578
72	Spectrogram 1	1	603.828255046	603.829252779	2317.100	7099.900	3617.578	3617.578
73	Spectrogram 1	1	603.829252779	603.830250511	2317.100	7099.900	3617.578	3617.578
74	Spectrogram 1	1	603.830250511	603.831248244	2317.100	7099.900	3617.578	3617.578
75	Spectrogram 1	1	603.831248244	603.832245976	2317.100	7099.900	3617.578	3617.578
76	Spectrogram 1	1	603.832245976	603.833243708	2317.100	7099.900	3875.977	3875.977
77	Spectrogram 1	1	603.833243708	603.834241441	2317.100	7099.900	3875.977	3875.977
78	Spectrogram 1	1	603.834241441	603.835239173	2317.100	7099.900	3875.977	3875.977
79	Spectrogram 1	1	603.835239173	603.836236906	2317.100	7099.900	3875.977	3875.977
80	Spectrogram 1	1	603.836236906	603.837234638	2317.100	7099.900	3875.977	3875.977
81	Spectrogram 1	1	603.837234638	603.838232371	2317.100	7099.900	3875.977	3875.977
82	Spectrogram 1	1	603.838232371	603.839230103	2317.100	7099.900	4048.242	4048.242
83	Spectrogram 1	1	603.839230103	603.840227835	2317.100	7099.900	4048.242	4048.242
84	Spectrogram 1	1	603.840227835	603.841225568	2317.100	7099.900	4048.242	4048.242
85	Spectrogram 1	1	603.841225568	603.842223300	2317.100	7099.900	4048.242	4048.242
86	Spectrogram 1	1	603.842223300	603.843221033	2317.100	7099.900	4048.242	4048.242
87	Spectrogram 1	1	603.843221033	603.844218765	2317.100	7099.900	4134.375	4134.375
88	Spectrogram 1	1	603.844218765	603.845216498	2317.100	7099.900	4134.375	4134.375
89	Spectrogram 1	1	603.845216498	603.846214230	2317.100	7099.900	4134.375	4134.375
90	Spectrogram 1	1	603.846214230	603.847211962	2317.100	7099.900	4134.375	4134.375
91	Spectrogram 1	1	603.847211962	603.848209695	2317.100	7099.900	4134.375	4134.375
92	Spectrogram 1	1	603.848209695	603.849207427	2317.100	7099.900	4134.375	4134.375
93	Spectrogram 1	1	603.849207427	603.850205160	2317.100	7099.900	4306.641	4306.641
94	Spectrogram 1	1	603.850205160	603.851202892	2317.100	7099.900	4306.641	4306.641
95	Spectrogram 1	1	603.851202892	603.852200624	2317.100	7099.900	4306.641	4306.641
96	Spectrogram 1	1	603.852200624	603.853198357	2317.100	7099.900	4306.641	4306.641
97	Spectrogram 1	1	603.853198357	603.854196089	2317.100	7099.900	4306.641	4306.641
98	Spectrogram 1	1	603.854196089	603.855193822	2317.100	7099.900	4306.641	4306.641
99	Spectrogram 1	1	603.855193822	603.856191554	2317.100	7099.900	4478.906	4478.906
100	Spectrogram 1	1	603.856191554	603.857189287	2317.100	7099.900	4478.906	4478.906
101	Spectrogram 1	1	603.857189287	603.858187019	2317.100	7099.900	4478.906	4478.906
102	Spectrogram 1	1	603.858187019	603.859184751	2317.100	7099.900	4478.906	4478.906
103	Spectrogram 1	1	603.859184751	603.860182484	2317.100	7099.900	4478.906	4478.906
104	Spectrogram 1	1	603.860182484	603.861180216	2317.100	7099.900	4478.906	4478.906
105	Spectrogram 1	1	603.861180216	603.862177949	2317.100	7099.900	4565.039	4565.039
106	Spectrogram 1	1	603.862177949	603.863175681	2317.100	7099.900	4565.039	4565.039
107	Spectrogram 1	1	603.863175681	603.864173414	2317.100	7099.900	4565.039	4565.039
108	Spectrogram 1	1	603.864173414	603.865171146	2317.100	7099.900	4565.039	4565.039
109	Spectrogram 1	1	603.865171146	603.866168878	2317.100	7099.900	4565.039	4565.039
110	Spectrogram 1	1	603.866168878	603.867166611	2317.100	7099.900	4565.039	4565.039
111	Spectrogram 1	1	603.867166611	603.868164343	2317.100	7099.900	4737.305	4737.305
112	Spectrogram 1	1	603.868164343	603.869162076	2317.100	7099.900	4737.305	4737.305
113	Spectrogram 1	1	603.869162076	603.870159808	2317.100	7099.900	4737.305	4737.305
114	Spectrogram 1	1	603.870159808	603.871157541	2317.100	7099.900	4737.305	4737.305
115	Spectrogram 1	1	603.871157541	603.872155273	2317.100	7099.900	4737.305	4737.305
116	Spectrogram 1	1	603.872155273	603.873153005	2317.100	7099.900	4909.570	4909.570
117	Spectrogram 1	1	603.873153005	603.874150738	2317.100	7099.900	4909.570	4909.570
118	Spectrogram 1	1	603.874150738	603.875148470	2317.100	7099.900	4909.570	4909.570
119	Spectrogram 1	1	603.875148470	603.876146203	2317.100	7099.900	4909.570	4909.570
120	Spectrogram 1	1	603.876146203	603.877143935	2317.100	7099.900	4909.570	4909.570
121	Spectrogram 1	1	603.877143935	603.878141668	2317.100	7099.900	4909.570	4909.570
122	Spectrogram 1	1	603.878141668	603.879139400	2317.100	7099.900	4995.703	4995.703
123	Spectrogram 1	1	603.879139400	603.880137132	2317.100	7099.900	4995.703	4995.703
124	Spectrogram 1	1	603.880137132	603.881134865	2317.100	7099.900	4995.703	4995.703
125	Spectrogram 1	1	603.881134865	603.882132597	2317.100	7099.900	4995.703	4995.703
126	Spectrogram 1	1	603.882132597	603.883130330	2317.100	7099.900	4995.703	4995.703
127	Spectrogram 1	1	603.883130330	603.884128062	2317.100	7099.900	4995.703	4995.703
128	Spectrogram 1	1	603.884128062	603.885125795	2317.100	7099.900	4909.570	4909.570
129	Spectrogram 1	1	603.885125795	603.886123527	2317.100	7099.900	4909.570	4909.570
130	Spectrogram 1	1	603.886123527	603.887121259	2317.100	7099.900	4909.570	4909.570
131	Spectrogram 1	1	603.887121259	603.888118992	2317.100	7099.900	4909.570	4909.570
132	Spectrogram 1	1	603.888118992	603.889116724	2317.100	7099.900	4909.570	4909.570
133	Spectrogram 1	1	603.889116724	603.890114457	2317.100	7099.900	4909.570	4909.570
134	Spectrogram 1	1	603.890114457	603.891112189	2317.100	7099.900	4565.039	4565.039
135	Spectrogram 1	1	603.891112189	603.892109922	2317.100	7099.900	4565.039	4565.039
136	Spectrogram 1	1	603.892109922	603.893107654	2317.100	7099.900	4565.039	4565.039
137	Spectrogram 1	1	603.893107654	603.894105386	2317.100	7099.900	4565.039	4565.039
138	Spectrogram 1	1	603.894105386	603.895103119	2317.100	7099.900	4565.039	4565.039
139	Spectrogram 1	1	603.895103119	603.896100851	2317.100	7099.900	4565.039	4565.039
140	Spectrogram 1	1	603.896100851	603.897098584	2317.100	7099.900	4478.906	4478.906
141	Spectrogram 1	1	603.897098584	603.898096316	2317.100	7099.900	4478.906	4478.906
142	Spectrogram 1	1	603.898096316	603.899094049	2317.100	7099.900	4478.906	4478.906
143	Spectrogram 1	1	603.899094049	603.900091781	2317.100	7099.900	4478.906	4478.906
144	Spectrogram 1	1	603.900091781	603.901089513	2317.100	7099.900	4478.906	4478.906
145	Spectrogram 1	1	603.901089513	603.902087246	2317.100	7099.900	4478.906	4478.906
146	Spectrogram 1	1	603.902087246	603.903084978	2317.100	7099.900	4565.039	4478.906
147	Spectrogram 1	1	603.903084978	603.904082711	2317.100	7099.900	4565.039	4478.906
148	Spectrogram 1	1	603.904082711	603.905080443	2317.100	7099.900	4565.039	4478.906
149	Spectrogram 1	1	603.905080443	603.906078176	2317.100	7099.900	4565.039	4478.906
150	Spectrogram 1	1	603.906078176	603.907075908	2317.100	7099.900	4565.039	4478.906
151	Spectrogram 1	1	603.907075908	603.908073640	2317.100	7099.900	6115.430	6201.562
152	Spectrogram 1	1	603.908073640	603.909071373	2317.100	7099.900	6115.430	6201.562
153	Spectrogram 1	1	603.909071373	603.910069105	2317.100	7099.900	6115.430	6201.562
154	Spectrogram 1	1	603.910069105	603.911066838	2317.100	7099.900	6115.430	6201.562
155	Spectrogram 1	1	603.911066838	603.912064570	2317.100	7099.900	6115.430	6201.562
156	Spectrogram 1	1	603.912064570	603.913062303	2317.100	7099.900	6115.430	6201.562
157	Spectrogram 1	1	603.913062303	603.914060035	2317.100	7099.900	6632.227	6632.227
158	Spectrogram 1	1	603.914060035	603.915057767	2317.100	7099.900	6632.227	6632.227
159	Spectrogram 1	1	603.915057767	603.916055500	2317.100	7099.900	6632.227	6632.227
160	Spectrogram 1	1	603.916055500	603.917053232	2317.100	7099.900	6632.227	6632.227
161	Spectrogram 1	1	603.917053232	603.918050965	2317.100	7099.900	6632.227	6632.227
162	Spectrogram 1	1	603.918050965	603.919048697	2317.100	7099.900	6632.227	6632.227
163	Spectrogram 1	1	603.919048697	603.920046429	2317.100	7099.900	6029.297	6115.430
164	Spectrogram 1	1	603.920046429	603.921044162	2317.100	7099.900	6029.297	6115.430
165	Spectrogram 1	1	603.921044162	603.922041894	2317.100	7099.900	6029.297	6115.430
166	Spectrogram 1	1	603.922041894	603.923039627	2317.100	7099.900	6029.297	6115.430
167	Spectrogram 1	1	603.923039627	603.924037359	2317.100	7099.900	6029.297	6115.430
168	Spectrogram 1	1	603.924037359	603.925035092	2317.100	7099.900	6029.297	6115.430
169	Spectrogram 1	1	603.925035092	603.926032824	2317.100	7099.900	5254.102	5340.234
170	Spectrogram 1	1	603.926032824	603.927030556	2317.100	7099.900	5254.102	5340.234
171	Spectrogram 1	1	603.927030556	603.928028289	2317.100	7099.900	5254.102	5340.234
172	Spectrogram 1	1	603.928028289	603.929026021	2317.100	7099.900	5254.102	5340.234
173	Spectrogram 1	1	603.929026021	603.930023754	2317.100	7099.900	5254.102	5340.234
174	Spectrogram 1	1	603.930023754	603.931021486	2317.100	7099.900	5254.102	5340.234
175	Spectrogram 1	1	603.931021486	603.932019219	2317.100	7099.900	4737.305	4651.172
176	Spectrogram 1	1	603.932019219	603.933016951	2317.100	7099.900	4737.305	4651.172
177	Spectrogram 1	1	603.933016951	603.934014683	2317.100	7099.900	4737.305	4651.172
178	Spectrogram 1	1	603.934014683	603.935012416	2317.100	7099.900	4737.305	4651.172
179	Spectrogram 1	1	603.935012416	603.936010148	2317.100	7099.900	4737.305	4651.172
180	Spectrogram 1	1	603.936010148	603.937007881	2317.100	7099.900	4478.906	4478.906
181	Spectrogram 1	1	603.937007881	603.938005613	2317.100	7099.900	4478.906	4478.906
182	Spectrogram 1	1	603.938005613	603.939003346	2317.100	7099.900	4478.906	4478.906
183	Spectrogram 1	1	603.939003346	603.940001078	2317.100	7099.900	4478.906	4478.906
184	Spectrogram 1	1	603.940001078	603.940998810	2317.100	7099.900	4478.906	4478.906
185	Spectrogram 1	1	603.940998810	603.941996543	2317.100	7099.900	4478.906	4478.906
186	Spectrogram 1	1	603.941996543	603.942994275	2317.100	7099.900	4737.305	4651.172
187	Spectrogram 1	1	603.942994275	603.943188736	2317.100	7099.900	4737.305	4651.172
