Selection	View	Channel	Begin Time (s)	End Time (s)	Low Freq (Hz)	High Freq (Hz)	Center Freq (Hz)	Peak Freq (Hz)
1	Spectrogram 1	1	25.434659925	25.435657657	2490.833	6452.600	3014.648	3014.648
2	Spectrogram 1	1	25.435657657	25.436655390	2490.833	6452.600	3014.648	3014.648
3	Spectrogram 1	1	25.436655390	25.437653122	2490.833	6452.600	3014.648	3014.648
4	Spectrogram 1	1	25.437653122	25.438650855	2490.833	6452.600	3014.648	3014.648
5	Spectrogram 1	1	25.438650855	25.439648587	2490.833	6452.600	3014.648	3014.648
6	Spectrogram 1	1	25.439648587	25.440646320	2490.833	6452.600	3014.648	3014.648
7	Spectrogram 1	1	25.440646320	25.441644052	2490.833	6452.600	4134.375	4134.375
8	Spectrogram 1	1	25.441644052	25.442641784	2490.833	6452.600	4134.375	4134.375
9	Spectrogram 1	1	25.442641784	25.443639517	2490.833	6452.600	4134.375	4134.375
10	Spectrogram 1	1	25.443639517	25.444637249	2490.833	6452.600	4134.375	4134.375
11	Spectrogram 1	1	25.444637249	25.445634982	2490.833	6452.600	4134.375	4134.375
12	Spectrogram 1	1	25.445634982	25.446632714	2490.833	6452.600	4134.375	4134.375
13	Spectrogram 1	1	25.446632714	25.447630447	2490.833	6452.600	4909.570	4995.703
14	Spectrogram 1	1	25.447630447	25.448628179	2490.833	6452.600	4909.570	4995.703
15	Spectrogram 1	1	25.448628179	25.449625911	2490.833	6452.600	4909.570	4995.703
16	Spectrogram 1	1	25.449625911	25.450623644	2490.833	6452.600	4909.570	4995.703
17	Spectrogram 1	1	25.450623644	25.451621376	2490.833	6452.600	4909.570	4995.703
18	Spectrogram 1	1	25.451621376	25.452619109	2490.833	6452.600	5081.836	5167.969
19	Spectrogram 1	1	25.452619109	25.453616841	2490.833	6452.600	5081.836	5167.969
20	Spectrogram 1	1	25.453616841	25.454614574	2490.833	6452.600	5081.836	5167.969
21	Spectrogram 1	1	25.454614574	25.455612306	2490.833	6452.600	5081.836	5167.969
22	Spectrogram 1	1	25.455612306	25.456610038	2490.833	6452.600	5081.836	5167.969
23	Spectrogram 1	1	25.456610038	25.457607771	2490.833	6452.600	5081.836	5167.969
24	Spectrogram 1	1	25.457607771	25.458605503	2490.833	6452.600	5167.969	5254.102
25	Spectrogram 1	1	25.458605503	25.459603236	2490.833	6452.600	5167.969	5254.102
26	Spectrogram 1	1	25.459603236	25.460600968	2490.833	6452.600	5167.969	5254.102
27	Spectrogram 1	1	25.460600968	25.461598701	2490.833	6452.600	5167.969	5254.102
28	Spectrogram 1	1	25.461598701	25.462596433	2490.833	6452.600	5167.969	5254.102
29	Spectrogram 1	1	25.462596433	25.463594165	2490.833	6452.600	5167.969	5254.102
30	Spectrogram 1	1	25.463594165	25.464591898	2490.833	6452.600	5167.969	5167.969
31	Spectrogram 1	1	25.464591898	25.465589630	2490.833	6452.600	5167.969	5167.969
32	Spectrogram 1	1	25.465589630	25.466587363	2490.833	6452.600	5167.969	5167.969
33	Spectrogram 1	1	25.466587363	25.467585095	2490.833	6452.600	5167.969	5167.969
34	Spectrogram 1	1	25.467585095	25.468582827	2490.833	6452.600	5167.969	5167.969
35	Spectrogram 1	1	25.468582827	25.469580560	2490.833	6452.600	5167.969	5167.969
36	Spectrogram 1	1	25.469580560	25.470578292	2490.833	6452.600	5340.234	5340.234
37	Spectrogram 1	1	25.470578292	25.471576025	2490.833	6452.600	5340.234	5340.234
38	Spectrogram 1	1	25.471576025	25.472573757	2490.833	6452.600	5340.234	5340.234
39	Spectrogram 1	1	25.472573757	25.473571490	2490.833	6452.600	5340.234	5340.234
40	Spectrogram 1	1	25.473571490	25.474569222	2490.833	6452.600	5340.234	5340.234
41	Spectrogram 1	1	25.474569222	25.475566954	2490.833	6452.600	5340.234	5340.234
42	Spectrogram 1	1	25.475566954	25.476564687	2490.833	6452.600	5167.969	5167.969
43	Spectrogram 1	1	25.476564687	25.477562419	2490.833	6452.600	5167.969	5167.969
44	Spectrogram 1	1	25.477562419	25.478560152	2490.833	6452.600	5167.969	5167.969
45	Spectrogram 1	1	25.478560152	25.479557884	2490.833	6452.600	5167.969	5167.969
46	Spectrogram 1	1	25.479557884	25.480555617	2490.833	6452.600	5167.969	5167.969
47	Spectrogram 1	1	25.480555617	25.481553349	2490.833	6452.600	5081.836	5081.836
48	Spectrogram 1	1	25.481553349	25.482551081	2490.833	6452.600	5081.836	5081.836
49	Spectrogram 1	1	25.482551081	25.483548814	2490.833	6452.600	5081.836	5081.836
50	Spectrogram 1	1	25.483548814	25.484546546	2490.833	6452.600	5081.836	5081.836
51	Spectrogram 1	1	25.484546546	25.485544279	2490.833	6452.600	5081.836	5081.836
52	Spectrogram 1	1	25.485544279	25.486542011	2490.833	6452.600	5081.836	5081.836
53	Spectrogram 1	1	25.486542011	25.487539744	2490.833	6452.600	4995.703	4995.703
54	Spectrogram 1	1	25.487539744	25.488537476	2490.833	6452.600	4995.703	4995.703
55	Spectrogram 1	1	25.488537476	25.489535208	2490.833	6452.600	4995.703	4995.703
56	Spectrogram 1	1	25.489535208	25.490532941	2490.833	6452.600	4995.703	4995.703
57	Spectrogram 1	1	25.490532941	25.491530673	2490.833	6452.600	4995.703	4995.703
58	Spectrogram 1	1	25.491530673	25.492528406	2490.833	6452.600	4995.703	4995.703
59	Spectrogram 1	1	25.492528406	25.493526138	2490.833	6452.600	4909.570	4909.570
60	Spectrogram 1	1	25.493526138	25.494523871	2490.833	6452.600	4909.570	4909.570
61	Spectrogram 1	1	25.494523871	25.495521603	2490.833	6452.600	4909.570	4909.570
62	Spectrogram 1	1	25.495521603	25.496519335	2490.833	6452.600	4909.570	4909.570
63	Spectrogram 1	1	25.496519335	25.497517068	2490.833	6452.600	4909.570	4909.570
64	Spectrogram 1	1	25.497517068	25.498514800	2490.833	6452.600	4909.570	4909.570
65	Spectrogram 1	1	25.498514800	25.499512533	2490.833	6452.600	4909.570	4909.570
66	Spectrogram 1	1	25.499512533	25.500510265	2490.833	6452.600	4909.570	4909.570
67	Spectrogram 1	1	25.500510265	25.501507998	2490.833	6452.600	4909.570	4909.570
68	Spectrogram 1	1	25.501507998	25.502505730	2490.833	6452.600	4909.570	4909.570
69	Spectrogram 1	1	25.502505730	25.503503462	2490.833	6452.600	4909.570	4909.570
70	Spectrogram 1	1	25.503503462	25.504501195	2490.833	6452.600	4909.570	4909.570
71	Spectrogram 1	1	25.504501195	25.505498927	2490.833	6452.600	5081.836	5081.836
72	Spectrogram 1	1	25.505498927	25.506496660	2490.833	6452.600	5081.836	5081.836
73	Spectrogram 1	1	25.506496660	25.507494392	2490.833	6452.600	5081.836	5081.836
74	Spectrogram 1	1	25.507494392	25.508492125	2490.833	6452.600	5081.836	5081.836
75	Spectrogram 1	1	25.508492125	25.509489857	2490.833	6452.600	5081.836	5081.836
76	Spectrogram 1	1	25.509489857	25.510487589	2490.833	6452.600	5081.836	5081.836
77	Spectrogram 1	1	25.510487589	25.511485322	2490.833	6452.600	4995.703	5081.836
78	Spectrogram 1	1	25.511485322	25.512483054	2490.833	6452.600	4995.703	5081.836
79	Spectrogram 1	1	25.512483054	25.513480787	2490.833	6452.600	4995.703	5081.836
80	Spectrogram 1	1	25.513480787	25.514478519	2490.833	6452.600	4995.703	5081.836
81	Spectrogram 1	1	25.514478519	25.515476252	2490.833	6452.600	4995.703	5081.836
82	Spectrogram 1	1	25.515476252	25.516473984	2490.833	6452.600	5081.836	5167.969
83	Spectrogram 1	1	25.516473984	25.517471716	2490.833	6452.600	5081.836	5167.969
84	Spectrogram 1	1	25.517471716	25.518469449	2490.833	6452.600	5081.836	5167.969
85	Spectrogram 1	1	25.518469449	25.519467181	2490.833	6452.600	5081.836	5167.969
86	Spectrogram 1	1	25.519467181	25.520464914	2490.833	6452.600	5081.836	5167.969
87	Spectrogram 1	1	25.520464914	25.521462646	2490.833	6452.600	5081.836	5167.969
88	Spectrogram 1	1	25.521462646	25.522460379	2490.833	6452.600	5081.836	5081.836
89	Spectrogram 1	1	25.522460379	25.523458111	2490.833	6452.600	5081.836	5081.836
90	Spectrogram 1	1	25.523458111	25.524455843	2490.833	6452.600	5081.836	5081.836
91	Spectrogram 1	1	25.524455843	25.525453576	2490.833	6452.600	5081.836	5081.836
92	Spectrogram 1	1	25.525453576	25.526451308	2490.833	6452.600	5081.836	5081.836
93	Spectrogram 1	1	25.526451308	25.527449041	2490.833	6452.600	5081.836	5081.836
94	Spectrogram 1	1	25.527449041	25.528446773	2490.833	6452.600	4909.570	4909.570
95	Spectrogram 1	1	25.528446773	25.529444505	2490.833	6452.600	4909.570	4909.570
96	Spectrogram 1	1	25.529444505	25.530442238	2490.833	6452.600	4909.570	4909.570
97	Spectrogram 1	1	25.530442238	25.531439970	2490.833	6452.600	4909.570	4909.570
98	Spectrogram 1	1	25.531439970	25.532437703	2490.833	6452.600	4909.570	4909.570
99	Spectrogram 1	1	25.532437703	25.533435435	2490.833	6452.600	4909.570	4909.570
100	Spectrogram 1	1	25.533435435	25.534433168	2490.833	6452.600	4995.703	4995.703
101	Spectrogram 1	1	25.534433168	25.535430900	2490.833	6452.600	4995.703	4995.703
102	Spectrogram 1	1	25.535430900	25.536428632	2490.833	6452.600	4995.703	4995.703
103	Spectrogram 1	1	25.536428632	25.537426365	2490.833	6452.600	4995.703	4995.703
104	Spectrogram 1	1	25.537426365	25.538424097	2490.833	6452.600	4995.703	4995.703
105	Spectrogram 1	1	25.538424097	25.539421830	2490.833	6452.600	4995.703	4995.703
106	Spectrogram 1	1	25.539421830	25.540419562	2490.833	6452.600	4909.570	3359.180
107	Spectrogram 1	1	25.540419562	25.541417295	2490.833	6452.600	4909.570	3359.180
108	Spectrogram 1	1	25.541417295	25.542415027	2490.833	6452.600	4909.570	3359.180
109	Spectrogram 1	1	25.542415027	25.543412759	2490.833	6452.600	4909.570	3359.180
110	Spectrogram 1	1	25.543412759	25.544410492	2490.833	6452.600	4909.570	3359.180
111	Spectrogram 1	1	25.544410492	25.545408224	2490.833	6452.600	3531.445	3531.445
112	Spectrogram 1	1	25.545408224	25.546405957	2490.833	6452.600	3531.445	3531.445
113	Spectrogram 1	1	25.546405957	25.547403689	2490.833	6452.600	3531.445	3531.445
114	Spectrogram 1	1	25.547403689	25.548401422	2490.833	6452.600	3531.445	3531.445
115	Spectrogram 1	1	25.548401422	25.549399154	2490.833	6452.600	3531.445	3531.445
116	Spectrogram 1	1	25.549399154	25.550396886	2490.833	6452.600	3531.445	3531.445
117	Spectrogram 1	1	25.550396886	25.551394619	2490.833	6452.600	3703.711	3703.711
118	Spectrogram 1	1	25.551394619	25.552392351	2490.833	6452.600	3703.711	3703.711
119	Spectrogram 1	1	25.552392351	25.553390084	2490.833	6452.600	3703.711	3703.711
120	Spectrogram 1	1	25.553390084	25.554387816	2490.833	6452.600	3703.711	3703.711
121	Spectrogram 1	1	25.554387816	25.555385549	2490.833	6452.600	3703.711	3703.711
122	Spectrogram 1	1	25.555385549	25.556383281	2490.833	6452.600	3703.711	3703.711
123	Spectrogram 1	1	25.556383281	25.557381013	2490.833	6452.600	3789.844	3789.844
124	Spectrogram 1	1	25.557381013	25.558378746	2490.833	6452.600	3789.844	3789.844
125	Spectrogram 1	1	25.558378746	25.559376478	2490.833	6452.600	3789.844	3789.844
126	Spectrogram 1	1	25.559376478	25.560374211	2490.833	6452.600	3789.844	3789.844
127	Spectrogram 1	1	25.560374211	25.561371943	2490.833	6452.600	3789.844	3789.844
128	Spectrogram 1	1	25.561371943	25.562369676	2490.833	6452.600	3789.844	3789.844
129	Spectrogram 1	1	25.562369676	25.563367408	2490.833	6452.600	3875.977	3875.977
130	Spectrogram 1	1	25.563367408	25.564365140	2490.833	6452.600	3875.977	3875.977
131	Spectrogram 1	1	25.564365140	25.565362873	2490.833	6452.600	3875.977	3875.977
132	Spectrogram 1	1	25.565362873	25.566360605	2490.833	6452.600	3875.977	3875.977
133	Spectrogram 1	1	25.566360605	25.567358338	2490.833	6452.600	3875.977	3875.977
134	Spectrogram 1	1	25.567358338	25.568356070	2490.833	6452.600	3875.977	3875.977
135	Spectrogram 1	1	25.568356070	25.569353803	2490.833	6452.600	4048.242	4048.242
136	Spectrogram 1	1	25.569353803	25.570351535	2490.833	6452.600	4048.242	4048.242
137	Spectrogram 1	1	25.570351535	25.571349267	2490.833	6452.600	4048.242	4048.242
138	Spectrogram 1	1	25.571349267	25.572347000	2490.833	6452.600	4048.242	4048.242
139	Spectrogram 1	1	25.572347000	25.573344732	2490.833	6452.600	4048.242	4048.242
140	Spectrogram 1	1	25.573344732	25.574342465	2490.833	6452.600	4048.242	4048.242
141	Spectrogram 1	1	25.574342465	25.575340197	2490.833	6452.600	4134.375	4134.375
142	Spectrogram 1	1	25.575340197	25.576337930	2490.833	6452.600	4134.375	4134.375
143	Spectrogram 1	1	25.576337930	25.577335662	2490.833	6452.600	4134.375	4134.375
144	Spectrogram 1	1	25.577335662	25.578333394	2490.833	6452.600	4134.375	4134.375
145	Spectrogram 1	1	25.578333394	25.579331127	2490.833	6452.600	4134.375	4134.375
146	Spectrogram 1	1	25.579331127	25.580328859	2490.833	6452.600	4220.508	4220.508
147	Spectrogram 1	1	25.580328859	25.581326592	2490.833	6452.600	4220.508	4220.508
148	Spectrogram 1	1	25.581326592	25.582324324	2490.833	6452.600	4220.508	4220.508
149	Spectrogram 1	1	25.582324324	25.583322057	2490.833	6452.600	4220.508	4220.508
150	Spectrogram 1	1	25.583322057	25.584319789	2490.833	6452.600	4220.508	4220.508
151	Spectrogram 1	1	25.584319789	25.585317521	2490.833	6452.600	4220.508	4220.508
152	Spectrogram 1	1	25.585317521	25.586315254	2490.833	6452.600	4306.641	4306.641
153	Spectrogram 1	1	25.586315254	25.587312986	2490.833	6452.600	4306.641	4306.641
154	Spectrogram 1	1	25.587312986	25.588310719	2490.833	6452.600	4306.641	4306.641
155	Spectrogram 1	1	25.588310719	25.589308451	2490.833	6452.600	4306.641	4306.641
156	Spectrogram 1	1	25.589308451	25.590306184	2490.833	6452.600	4306.641	4306.641
157	Spectrogram 1	1	25.590306184	25.591303916	2490.833	6452.600	4306.641	4306.641
158	Spectrogram 1	1	25.591303916	25.592301648	2490.833	6452.600	4306.641	4306.641
159	Spectrogram 1	1	25.592301648	25.593299381	2490.833	6452.600	4306.641	4306.641
160	Spectrogram 1	1	25.593299381	25.594297113	2490.833	6452.600	4306.641	4306.641
161	Spectrogram 1	1	25.594297113	25.595294846	2490.833	6452.600	4306.641	4306.641
162	Spectrogram 1	1	25.595294846	25.596292578	2490.833	6452.600	4306.641	4306.641
163	Spectrogram 1	1	25.596292578	25.597290310	2490.833	6452.600	4306.641	4306.641
164	Spectrogram 1	1	25.597290310	25.598288043	2490.833	6452.600	4306.641	4306.641
165	Spectrogram 1	1	25.598288043	25.599285775	2490.833	6452.600	4306.641	4306.641
166	Spectrogram 1	1	25.599285775	25.600283508	2490.833	6452.600	4306.641	4306.641
167	Spectrogram 1	1	25.600283508	25.601281240	2490.833	6452.600	4306.641	4306.641
168	Spectrogram 1	1	25.601281240	25.602278973	2490.833	6452.600	4306.641	4306.641
169	Spectrogram 1	1	25.602278973	25.603276705	2490.833	6452.600	4306.641	4306.641
170	Spectrogram 1	1	25.603276705	25.604274437	2490.833	6452.600	4478.906	4478.906
171	Spectrogram 1	1	25.604274437	25.605272170	2490.833	6452.600	4478.906	4478.906
172	Spectrogram 1	1	25.605272170	25.606269902	2490.833	6452.600	4478.906	4478.906
173	Spectrogram 1	1	25.606269902	25.607267635	2490.833	6452.600	4478.906	4478.906
174	Spectrogram 1	1	25.607267635	25.608265367	2490.833	6452.600	4478.906	4478.906
175	Spectrogram 1	1	25.608265367	25.609263100	2490.833	6452.600	4995.703	4995.703
176	Spectrogram 1	1	25.609263100	25.610260832	2490.833	6452.600	4995.703	4995.703
177	Spectrogram 1	1	25.610260832	25.611258564	2490.833	6452.600	4995.703	4995.703
178	Spectrogram 1	1	25.611258564	25.612256297	2490.833	6452.600	4995.703	4995.703
179	Spectrogram 1	1	25.612256297	25.613254029	2490.833	6452.600	4995.703	4995.703
180	Spectrogram 1	1	25.613254029	25.614251762	2490.833	6452.600	4995.703	4995.703
181	Spectrogram 1	1	25.614251762	25.615249494	2490.833	6452.600	5857.031	5943.164
182	Spectrogram 1	1	25.615249494	25.616247227	2490.833	6452.600	5857.031	5943.164
183	Spectrogram 1	1	25.616247227	25.617244959	2490.833	6452.600	5857.031	5943.164
184	Spectrogram 1	1	25.617244959	25.618242691	2490.833	6452.600	5857.031	5943.164
185	Spectrogram 1	1	25.618242691	25.619240424	2490.833	6452.600	5857.031	5943.164
186	Spectrogram 1	1	25.619240424	25.620238156	2490.833	6452.600	5857.031	5943.164
187	Spectrogram 1	1	25.620238156	25.621235889	2490.833	6452.600	6115.430	6115.430
188	Spectrogram 1	1	25.621235889	25.622233621	2490.833	6452.600	6115.430	6115.430
189	Spectrogram 1	1	25.622233621	25.623231354	2490.833	6452.600	6115.430	6115.430
190	Spectrogram 1	1	25.623231354	25.624229086	2490.833	6452.600	6115.430	6115.430
191	Spectrogram 1	1	25.624229086	25.625226818	2490.833	6452.600	6115.430	6115.430
192	Spectrogram 1	1	25.625226818	25.626224551	2490.833	6452.600	6115.430	6115.430
193	Spectrogram 1	1	25.626224551	25.627222283	2490.833	6452.600	5770.898	5770.898
194	Spectrogram 1	1	25.627222283	25.628220016	2490.833	6452.600	5770.898	5770.898
195	Spectrogram 1	1	25.628220016	25.629217748	2490.833	6452.600	5770.898	5770.898
196	Spectrogram 1	1	25.629217748	25.630215481	2490.833	6452.600	5770.898	5770.898
197	Spectrogram 1	1	25.630215481	25.631213213	2490.833	6452.600	5770.898	5770.898
198	Spectrogram 1	1	25.631213213	25.632210945	2490.833	6452.600	5770.898	5770.898
199	Spectrogram 1	1	25.632210945	25.633208678	2490.833	6452.600	5081.836	5081.836
200	Spectrogram 1	1	25.633208678	25.634206410	2490.833	6452.600	5081.836	5081.836
201	Spectrogram 1	1	25.634206410	25.635204143	2490.833	6452.600	5081.836	5081.836
202	Spectrogram 1	1	25.635204143	25.636201875	2490.833	6452.600	5081.836	5081.836
203	Spectrogram 1	1	25.636201875	25.637199608	2490.833	6452.600	5081.836	5081.836
204	Spectrogram 1	1	25.637199608	25.638197340	2490.833	6452.600	5081.836	5081.836
205	Spectrogram 1	1	25.638197340	25.639195072	2490.833	6452.600	4909.570	4909.570
206	Spectrogram 1	1	25.639195072	25.640192805	2490.833	6452.600	4909.570	4909.570
207	Spectrogram 1	1	25.640192805	25.641190537	2490.833	6452.600	4909.570	4909.570
208	Spectrogram 1	1	25.641190537	25.642188270	2490.833	6452.600	4909.570	4909.570
209	Spectrogram 1	1	25.642188270	25.643186002	2490.833	6452.600	4909.570	4909.570
210	Spectrogram 1	1	25.643186002	25.644183735	2490.833	6452.600	5426.367	4823.438
211	Spectrogram 1	1	25.644183735	25.644336266	2490.833	6452.600	5426.367	4823.438
