Selection	View	Channel	Begin Time (s)	End Time (s)	Low Freq (Hz)	High Freq (Hz)	Center Freq (Hz)	Peak Freq (Hz)
1	Spectrogram 1	1	1.734403929	1.735403929	2448.200	6343.100	4750.000	5312.500
2	Spectrogram 1	1	1.735403929	1.736403929	2448.200	6343.100	4750.000	5312.500
3	Spectrogram 1	1	1.736403929	1.737403929	2448.200	6343.100	4750.000	5312.500
4	Spectrogram 1	1	1.737403929	1.738403929	2448.200	6343.100	4750.000	5312.500
5	Spectrogram 1	1	1.738403929	1.739403929	2448.200	6343.100	4750.000	5312.500
6	Spectrogram 1	1	1.739403929	1.740403929	2448.200	6343.100	4750.000	5312.500
7	Spectrogram 1	1	1.740403929	1.741403929	2448.200	6343.100	5312.500	5312.500
8	Spectrogram 1	1	1.741403929	1.742403929	2448.200	6343.100	5312.500	5312.500
9	Spectrogram 1	1	1.742403929	1.743403929	2448.200	6343.100	5312.500	5312.500
10	Spectrogram 1	1	1.743403929	1.744403929	2448.200	6343.100	5312.500	5312.500
11	Spectrogram 1	1	1.744403929	1.745403929	2448.200	6343.100	5312.500	5312.500
12	Spectrogram 1	1	1.745403929	1.746403929	2448.200	6343.100	5312.500	5312.500
13	Spectrogram 1	1	1.746403929	1.747403929	2448.200	6343.100	5312.500	5312.500
14	Spectrogram 1	1	1.747403929	1.748403929	2448.200	6343.100	5312.500	5312.500
15	Spectrogram 1	1	1.748403929	1.749403929	2448.200	6343.100	4687.500	4875.000
16	Spectrogram 1	1	1.749403929	1.750403929	2448.200	6343.100	4687.500	4875.000
17	Spectrogram 1	1	1.750403929	1.751403929	2448.200	6343.100	4687.500	4875.000
18	Spectrogram 1	1	1.751403929	1.752403929	2448.200	6343.100	4687.500	4875.000
19	Spectrogram 1	1	1.752403929	1.753403929	2448.200	6343.100	4687.500	4875.000
20	Spectrogram 1	1	1.753403929	1.754403929	2448.200	6343.100	4687.500	4875.000
21	Spectrogram 1	1	1.754403929	1.755403929	2448.200	6343.100	4687.500	4875.000
22	Spectrogram 1	1	1.755403929	1.756403929	2448.200	6343.100	4687.500	4875.000
23	Spectrogram 1	1	1.756403929	1.757403929	2448.200	6343.100	5562.500	5562.500
24	Spectrogram 1	1	1.757403929	1.758403929	2448.200	6343.100	5562.500	5562.500
25	Spectrogram 1	1	1.758403929	1.759403929	2448.200	6343.100	5562.500	5562.500
26	Spectrogram 1	1	1.759403929	1.760403929	2448.200	6343.100	5562.500	5562.500
27	Spectrogram 1	1	1.760403929	1.761403929	2448.200	6343.100	5562.500	5562.500
28	Spectrogram 1	1	1.761403929	1.762403929	2448.200	6343.100	5562.500	5562.500
29	Spectrogram 1	1	1.762403929	1.763403929	2448.200	6343.100	5562.500	5562.500
30	Spectrogram 1	1	1.763403929	1.764403929	2448.200	6343.100	5562.500	5562.500
31	Spectrogram 1	1	1.764403929	1.765403929	2448.200	6343.100	5562.500	5562.500
32	Spectrogram 1	1	1.765403929	1.766403929	2448.200	6343.100	5562.500	5562.500
33	Spectrogram 1	1	1.766403929	1.767403929	2448.200	6343.100	5562.500	5562.500
34	Spectrogram 1	1	1.767403929	1.768403929	2448.200	6343.100	5562.500	5562.500
35	Spectrogram 1	1	1.768403929	1.769403929	2448.200	6343.100	5562.500	5562.500
36	Spectrogram 1	1	1.769403929	1.770403929	2448.200	6343.100	5562.500	5562.500
37	Spectrogram 1	1	1.770403929	1.771403929	2448.200	6343.100	5562.500	5562.500
38	Spectrogram 1	1	1.771403929	1.772403929	2448.200	6343.100	5562.500	5562.500
39	Spectrogram 1	1	1.772403929	1.773403929	2448.200	6343.100	5437.500	5437.500
40	Spectrogram 1	1	1.773403929	1.774403929	2448.200	6343.100	5437.500	5437.500
41	Spectrogram 1	1	1.774403929	1.775403929	2448.200	6343.100	5437.500	5437.500
42	Spectrogram 1	1	1.775403929	1.776403929	2448.200	6343.100	5437.500	5437.500
43	Spectrogram 1	1	1.776403929	1.777403929	2448.200	6343.100	5437.500	5437.500
44	Spectrogram 1	1	1.777403929	1.778403929	2448.200	6343.100	5437.500	5437.500
45	Spectrogram 1	1	1.778403929	1.779403929	2448.200	6343.100	5437.500	5437.500
46	Spectrogram 1	1	1.779403929	1.780403929	2448.200	6343.100	5437.500	5437.500
47	Spectrogram 1	1	1.780403929	1.781403929	2448.200	6343.100	5187.500	5187.500
48	Spectrogram 1	1	1.781403929	1.782403929	2448.200	6343.100	5187.500	5187.500
49	Spectrogram 1	1	1.782403929	1.783403929	2448.200	6343.100	5187.500	5187.500
50	Spectrogram 1	1	1.783403929	1.784403929	2448.200	6343.100	5187.500	5187.500
51	Spectrogram 1	1	1.784403929	1.785403929	2448.200	6343.100	5187.500	5187.500
52	Spectrogram 1	1	1.785403929	1.786403929	2448.200	6343.100	5187.500	5187.500
53	Spectrogram 1	1	1.786403929	1.787403929	2448.200	6343.100	5187.500	5187.500
54	Spectrogram 1	1	1.787403929	1.788403929	2448.200	6343.100	5187.500	5187.500
55	Spectrogram 1	1	1.788403929	1.789403929	2448.200	6343.100	5187.500	5000.000
56	Spectrogram 1	1	1.789403929	1.790403929	2448.200	6343.100	5187.500	5000.000
57	Spectrogram 1	1	1.790403929	1.791403929	2448.200	6343.100	5187.500	5000.000
58	Spectrogram 1	1	1.791403929	1.792403929	2448.200	6343.100	5187.500	5000.000
59	Spectrogram 1	1	1.792403929	1.793403929	2448.200	6343.100	5187.500	5000.000
60	Spectrogram 1	1	1.793403929	1.794403929	2448.200	6343.100	5187.500	5000.000
61	Spectrogram 1	1	1.794403929	1.795403929	2448.200	6343.100	5187.500	5000.000
62	Spectrogram 1	1	1.795403929	1.796403929	2448.200	6343.100	5187.500	5000.000
63	Spectrogram 1	1	1.796403929	1.797403929	2448.200	6343.100	5250.000	5250.000
64	Spectrogram 1	1	1.797403929	1.798403929	2448.200	6343.100	5250.000	5250.000
65	Spectrogram 1	1	1.798403929	1.799403929	2448.200	6343.100	5250.000	5250.000
66	Spectrogram 1	1	1.799403929	1.800403929	2448.200	6343.100	5250.000	5250.000
67	Spectrogram 1	1	1.800403929	1.801403929	2448.200	6343.100	5250.000	5250.000
68	Spectrogram 1	1	1.801403929	1.802403929	2448.200	6343.100	5250.000	5250.000
69	Spectrogram 1	1	1.802403929	1.803403929	2448.200	6343.100	5250.000	5250.000
70	Spectrogram 1	1	1.803403929	1.804403929	2448.200	6343.100	5250.000	5250.000
71	Spectrogram 1	1	1.804403929	1.805403929	2448.200	6343.100	5125.000	5437.500
72	Spectrogram 1	1	1.805403929	1.806403929	2448.200	6343.100	5125.000	5437.500
73	Spectrogram 1	1	1.806403929	1.807403929	2448.200	6343.100	5125.000	5437.500
74	Spectrogram 1	1	1.807403929	1.808403929	2448.200	6343.100	5125.000	5437.500
75	Spectrogram 1	1	1.808403929	1.809403929	2448.200	6343.100	5125.000	5437.500
76	Spectrogram 1	1	1.809403929	1.810403929	2448.200	6343.100	5125.000	5437.500
77	Spectrogram 1	1	1.810403929	1.811403929	2448.200	6343.100	5125.000	5437.500
78	Spectrogram 1	1	1.811403929	1.812403929	2448.200	6343.100	5125.000	5437.500
79	Spectrogram 1	1	1.812403929	1.813403929	2448.200	6343.100	3187.500	3187.500
80	Spectrogram 1	1	1.813403929	1.814403929	2448.200	6343.100	3187.500	3187.500
81	Spectrogram 1	1	1.814403929	1.815403929	2448.200	6343.100	3187.500	3187.500
82	Spectrogram 1	1	1.815403929	1.816403929	2448.200	6343.100	3187.500	3187.500
83	Spectrogram 1	1	1.816403929	1.817403929	2448.200	6343.100	3187.500	3187.500
84	Spectrogram 1	1	1.817403929	1.818403929	2448.200	6343.100	3187.500	3187.500
85	Spectrogram 1	1	1.818403929	1.819403929	2448.200	6343.100	3187.500	3187.500
86	Spectrogram 1	1	1.819403929	1.820403929	2448.200	6343.100	3187.500	3187.500
87	Spectrogram 1	1	1.820403929	1.821403929	2448.200	6343.100	3437.500	3437.500
88	Spectrogram 1	1	1.821403929	1.822403929	2448.200	6343.100	3437.500	3437.500
89	Spectrogram 1	1	1.822403929	1.823403929	2448.200	6343.100	3437.500	3437.500
90	Spectrogram 1	1	1.823403929	1.824403929	2448.200	6343.100	3437.500	3437.500
91	Spectrogram 1	1	1.824403929	1.825403929	2448.200	6343.100	3437.500	3437.500
92	Spectrogram 1	1	1.825403929	1.826403929	2448.200	6343.100	3437.500	3437.500
93	Spectrogram 1	1	1.826403929	1.827403929	2448.200	6343.100	3437.500	3437.500
94	Spectrogram 1	1	1.827403929	1.828403929	2448.200	6343.100	3437.500	3437.500
95	Spectrogram 1	1	1.828403929	1.829403929	2448.200	6343.100	3750.000	3750.000
96	Spectrogram 1	1	1.829403929	1.830403929	2448.200	6343.100	3750.000	3750.000
97	Spectrogram 1	1	1.830403929	1.831403929	2448.200	6343.100	3750.000	3750.000
98	Spectrogram 1	1	1.831403929	1.832403929	2448.200	6343.100	3750.000	3750.000
99	Spectrogram 1	1	1.832403929	1.833403929	2448.200	6343.100	3750.000	3750.000
100	Spectrogram 1	1	1.833403929	1.834403929	2448.200	6343.100	3750.000	3750.000
101	Spectrogram 1	1	1.834403929	1.835403929	2448.200	6343.100	3750.000	3750.000
102	Spectrogram 1	1	1.835403929	1.836403929	2448.200	6343.100	3750.000	3750.000
103	Spectrogram 1	1	1.836403929	1.837403929	2448.200	6343.100	3937.500	3937.500
104	Spectrogram 1	1	1.837403929	1.838403929	2448.200	6343.100	3937.500	3937.500
105	Spectrogram 1	1	1.838403929	1.839403929	2448.200	6343.100	3937.500	3937.500
106	Spectrogram 1	1	1.839403929	1.840403929	2448.200	6343.100	3937.500	3937.500
107	Spectrogram 1	1	1.840403929	1.841403929	2448.200	6343.100	3937.500	3937.500
108	Spectrogram 1	1	1.841403929	1.842403929	2448.200	6343.100	3937.500	3937.500
109	Spectrogram 1	1	1.842403929	1.843403929	2448.200	6343.100	3937.500	3937.500
110	Spectrogram 1	1	1.843403929	1.844403929	2448.200	6343.100	3937.500	3937.500
111	Spectrogram 1	1	1.844403929	1.845403929	2448.200	6343.100	4062.500	4062.500
112	Spectrogram 1	1	1.845403929	1.846403929	2448.200	6343.100	4062.500	4062.500
113	Spectrogram 1	1	1.846403929	1.847403929	2448.200	6343.100	4062.500	4062.500
114	Spectrogram 1	1	1.847403929	1.848403929	2448.200	6343.100	4062.500	4062.500
115	Spectrogram 1	1	1.848403929	1.849403929	2448.200	6343.100	4062.500	4062.500
116	Spectrogram 1	1	1.849403929	1.850403929	2448.200	6343.100	4062.500	4062.500
117	Spectrogram 1	1	1.850403929	1.851403929	2448.200	6343.100	4062.500	4062.500
118	Spectrogram 1	1	1.851403929	1.852403929	2448.200	6343.100	4062.500	4062.500
119	Spectrogram 1	1	1.852403929	1.853403929	2448.200	6343.100	4125.000	4125.000
120	Spectrogram 1	1	1.853403929	1.854403929	2448.200	6343.100	4125.000	4125.000
121	Spectrogram 1	1	1.854403929	1.855403929	2448.200	6343.100	4125.000	4125.000
122	Spectrogram 1	1	1.855403929	1.856403929	2448.200	6343.100	4125.000	4125.000
123	Spectrogram 1	1	1.856403929	1.857403929	2448.200	6343.100	4125.000	4125.000
124	Spectrogram 1	1	1.857403929	1.858403929	2448.200	6343.100	4125.000	4125.000
125	Spectrogram 1	1	1.858403929	1.859403929	2448.200	6343.100	4125.000	4125.000
126	Spectrogram 1	1	1.859403929	1.860403929	2448.200	6343.100	4125.000	4125.000
127	Spectrogram 1	1	1.860403929	1.861403929	2448.200	6343.100	4125.000	4125.000
128	Spectrogram 1	1	1.861403929	1.862403929	2448.200	6343.100	4125.000	4125.000
129	Spectrogram 1	1	1.862403929	1.863403929	2448.200	6343.100	4125.000	4125.000
130	Spectrogram 1	1	1.863403929	1.864403929	2448.200	6343.100	4125.000	4125.000
131	Spectrogram 1	1	1.864403929	1.865403929	2448.200	6343.100	4125.000	4125.000
132	Spectrogram 1	1	1.865403929	1.866403929	2448.200	6343.100	4125.000	4125.000
133	Spectrogram 1	1	1.866403929	1.867403929	2448.200	6343.100	4125.000	4125.000
134	Spectrogram 1	1	1.867403929	1.868403929	2448.200	6343.100	4125.000	4125.000
135	Spectrogram 1	1	1.868403929	1.869403929	2448.200	6343.100	4187.500	4187.500
136	Spectrogram 1	1	1.869403929	1.870403929	2448.200	6343.100	4187.500	4187.500
137	Spectrogram 1	1	1.870403929	1.871403929	2448.200	6343.100	4187.500	4187.500
138	Spectrogram 1	1	1.871403929	1.872403929	2448.200	6343.100	4187.500	4187.500
139	Spectrogram 1	1	1.872403929	1.873403929	2448.200	6343.100	4187.500	4187.500
140	Spectrogram 1	1	1.873403929	1.874403929	2448.200	6343.100	4187.500	4187.500
141	Spectrogram 1	1	1.874403929	1.875403929	2448.200	6343.100	4187.500	4187.500
142	Spectrogram 1	1	1.875403929	1.876403929	2448.200	6343.100	4187.500	4187.500
143	Spectrogram 1	1	1.876403929	1.877403929	2448.200	6343.100	4250.000	4250.000
144	Spectrogram 1	1	1.877403929	1.878403929	2448.200	6343.100	4250.000	4250.000
145	Spectrogram 1	1	1.878403929	1.879403929	2448.200	6343.100	4250.000	4250.000
146	Spectrogram 1	1	1.879403929	1.880403929	2448.200	6343.100	4250.000	4250.000
147	Spectrogram 1	1	1.880403929	1.881403929	2448.200	6343.100	4250.000	4250.000
148	Spectrogram 1	1	1.881403929	1.882403929	2448.200	6343.100	4250.000	4250.000
149	Spectrogram 1	1	1.882403929	1.883403929	2448.200	6343.100	4250.000	4250.000
150	Spectrogram 1	1	1.883403929	1.884403929	2448.200	6343.100	4250.000	4250.000
151	Spectrogram 1	1	1.884403929	1.885403929	2448.200	6343.100	4312.500	4312.500
152	Spectrogram 1	1	1.885403929	1.886403929	2448.200	6343.100	4312.500	4312.500
153	Spectrogram 1	1	1.886403929	1.887403929	2448.200	6343.100	4312.500	4312.500
154	Spectrogram 1	1	1.887403929	1.888403929	2448.200	6343.100	4312.500	4312.500
155	Spectrogram 1	1	1.888403929	1.889403929	2448.200	6343.100	4312.500	4312.500
156	Spectrogram 1	1	1.889403929	1.890403929	2448.200	6343.100	4312.500	4312.500
157	Spectrogram 1	1	1.890403929	1.891403929	2448.200	6343.100	4312.500	4312.500
158	Spectrogram 1	1	1.891403929	1.892403929	2448.200	6343.100	4312.500	4312.500
159	Spectrogram 1	1	1.892403929	1.893403929	2448.200	6343.100	4312.500	4312.500
160	Spectrogram 1	1	1.893403929	1.894403929	2448.200	6343.100	4312.500	4312.500
161	Spectrogram 1	1	1.894403929	1.895403929	2448.200	6343.100	4312.500	4312.500
162	Spectrogram 1	1	1.895403929	1.896403929	2448.200	6343.100	4312.500	4312.500
163	Spectrogram 1	1	1.896403929	1.897403929	2448.200	6343.100	4312.500	4312.500
164	Spectrogram 1	1	1.897403929	1.898403929	2448.200	6343.100	4312.500	4312.500
165	Spectrogram 1	1	1.898403929	1.899403929	2448.200	6343.100	4312.500	4312.500
166	Spectrogram 1	1	1.899403929	1.900403929	2448.200	6343.100	4312.500	4312.500
167	Spectrogram 1	1	1.900403929	1.901403929	2448.200	6343.100	4812.500	4812.500
168	Spectrogram 1	1	1.901403929	1.902403929	2448.200	6343.100	4812.500	4812.500
169	Spectrogram 1	1	1.902403929	1.903403929	2448.200	6343.100	4812.500	4812.500
170	Spectrogram 1	1	1.903403929	1.904403929	2448.200	6343.100	4812.500	4812.500
171	Spectrogram 1	1	1.904403929	1.905403929	2448.200	6343.100	4812.500	4812.500
172	Spectrogram 1	1	1.905403929	1.906403929	2448.200	6343.100	4812.500	4812.500
173	Spectrogram 1	1	1.906403929	1.907403929	2448.200	6343.100	4812.500	4812.500
174	Spectrogram 1	1	1.907403929	1.908403929	2448.200	6343.100	4812.500	4812.500
175	Spectrogram 1	1	1.908403929	1.909403929	2448.200	6343.100	5937.500	6000.000
176	Spectrogram 1	1	1.909403929	1.910403929	2448.200	6343.100	5937.500	6000.000
177	Spectrogram 1	1	1.910403929	1.911403929	2448.200	6343.100	5937.500	6000.000
178	Spectrogram 1	1	1.911403929	1.912403929	2448.200	6343.100	5937.500	6000.000
179	Spectrogram 1	1	1.912403929	1.913403929	2448.200	6343.100	5937.500	6000.000
180	Spectrogram 1	1	1.913403929	1.914403929	2448.200	6343.100	5937.500	6000.000
181	Spectrogram 1	1	1.914403929	1.915403929	2448.200	6343.100	5937.500	6000.000
182	Spectrogram 1	1	1.915403929	1.916403929	2448.200	6343.100	5937.500	6000.000
183	Spectrogram 1	1	1.916403929	1.917403929	2448.200	6343.100	5937.500	6062.500
184	Spectrogram 1	1	1.917403929	1.918403929	2448.200	6343.100	5937.500	6062.500
185	Spectrogram 1	1	1.918403929	1.919403929	2448.200	6343.100	5937.500	6062.500
186	Spectrogram 1	1	1.919403929	1.920403929	2448.200	6343.100	5937.500	6062.500
187	Spectrogram 1	1	1.920403929	1.921403929	2448.200	6343.100	5937.500	6062.500
188	Spectrogram 1	1	1.921403929	1.922403929	2448.200	6343.100	5937.500	6062.500
189	Spectrogram 1	1	1.922403929	1.923403929	2448.200	6343.100	5937.500	6062.500
190	Spectrogram 1	1	1.923403929	1.924403929	2448.200	6343.100	5937.500	6062.500
191	Spectrogram 1	1	1.924403929	1.925403929	2448.200	6343.100	5000.000	4937.500
192	Spectrogram 1	1	1.925403929	1.926403929	2448.200	6343.100	5000.000	4937.500
193	Spectrogram 1	1	1.926403929	1.927403929	2448.200	6343.100	5000.000	4937.500
194	Spectrogram 1	1	1.927403929	1.928403929	2448.200	6343.100	5000.000	4937.500
195	Spectrogram 1	1	1.928403929	1.929403929	2448.200	6343.100	5000.000	4937.500
196	Spectrogram 1	1	1.929403929	1.930403929	2448.200	6343.100	5000.000	4937.500
197	Spectrogram 1	1	1.930403929	1.931403929	2448.200	6343.100	5000.000	4937.500
198	Spectrogram 1	1	1.931403929	1.932403929	2448.200	6343.100	5000.000	4937.500
199	Spectrogram 1	1	1.932403929	1.933403929	2448.200	6343.100	4312.500	4187.500
200	Spectrogram 1	1	1.933403929	1.934403929	2448.200	6343.100	4312.500	4187.500
201	Spectrogram 1	1	1.934403929	1.935403929	2448.200	6343.100	4312.500	4187.500
202	Spectrogram 1	1	1.935403929	1.936403929	2448.200	6343.100	4312.500	4187.500
203	Spectrogram 1	1	1.936403929	1.937403929	2448.200	6343.100	4312.500	4187.500
204	Spectrogram 1	1	1.937403929	1.938403929	2448.200	6343.100	4312.500	4187.500
205	Spectrogram 1	1	1.938403929	1.939403929	2448.200	6343.100	4312.500	4187.500
206	Spectrogram 1	1	1.939403929	1.940403929	2448.200	6343.100	4312.500	4187.500
207	Spectrogram 1	1	1.940403929	1.941403929	2448.200	6343.100	4000.000	4000.000
208	Spectrogram 1	1	1.941403929	1.942403929	2448.200	6343.100	4000.000	4000.000
209	Spectrogram 1	1	1.942403929	1.943403929	2448.200	6343.100	4000.000	4000.000
210	Spectrogram 1	1	1.943403929	1.944403929	2448.200	6343.100	4000.000	4000.000
211	Spectrogram 1	1	1.944403929	1.945403929	2448.200	6343.100	4000.000	4000.000
212	Spectrogram 1	1	1.945403929	1.946403929	2448.200	6343.100	4000.000	4000.000
213	Spectrogram 1	1	1.946403929	1.947000000	2448.200	6343.100	4000.000	4000.000
