Selection	View	Channel	Begin Time (s)	End Time (s)	Low Freq (Hz)	High Freq (Hz)	Center Freq (Hz)	Peak Freq (Hz)
1	Spectrogram 1	1	12.537128274	12.538126006	2687.700	6009.868	3962.109	3962.109
2	Spectrogram 1	1	12.538126006	12.539123739	2687.700	6009.868	3962.109	3962.109
3	Spectrogram 1	1	12.539123739	12.540121471	2687.700	6009.868	3962.109	3962.109
4	Spectrogram 1	1	12.540121471	12.541119204	2687.700	6009.868	3962.109	3962.109
5	Spectrogram 1	1	12.541119204	12.542116936	2687.700	6009.868	3962.109	3962.109
6	Spectrogram 1	1	12.542116936	12.543114669	2687.700	6009.868	4823.438	4823.438
7	Spectrogram 1	1	12.543114669	12.544112401	2687.700	6009.868	4823.438	4823.438
8	Spectrogram 1	1	12.544112401	12.545110133	2687.700	6009.868	4823.438	4823.438
9	Spectrogram 1	1	12.545110133	12.546107866	2687.700	6009.868	4823.438	4823.438
10	Spectrogram 1	1	12.546107866	12.547105598	2687.700	6009.868	4823.438	4823.438
11	Spectrogram 1	1	12.547105598	12.548103331	2687.700	6009.868	4737.305	4909.570
12	Spectrogram 1	1	12.548103331	12.549101063	2687.700	6009.868	4737.305	4909.570
13	Spectrogram 1	1	12.549101063	12.550098796	2687.700	6009.868	4737.305	4909.570
14	Spectrogram 1	1	12.550098796	12.551096528	2687.700	6009.868	4737.305	4909.570
15	Spectrogram 1	1	12.551096528	12.552094260	2687.700	6009.868	4737.305	4909.570
16	Spectrogram 1	1	12.552094260	12.553091993	2687.700	6009.868	4737.305	4909.570
17	Spectrogram 1	1	12.553091993	12.554089725	2687.700	6009.868	4823.438	4823.438
18	Spectrogram 1	1	12.554089725	12.555087458	2687.700	6009.868	4823.438	4823.438
19	Spectrogram 1	1	12.555087458	12.556085190	2687.700	6009.868	4823.438	4823.438
20	Spectrogram 1	1	12.556085190	12.557082923	2687.700	6009.868	4823.438	4823.438
21	Spectrogram 1	1	12.557082923	12.558080655	2687.700	6009.868	4823.438	4823.438
22	Spectrogram 1	1	12.558080655	12.559078387	2687.700	6009.868	4823.438	4823.438
23	Spectrogram 1	1	12.559078387	12.560076120	2687.700	6009.868	4651.172	4909.570
24	Spectrogram 1	1	12.560076120	12.561073852	2687.700	6009.868	4651.172	4909.570
25	Spectrogram 1	1	12.561073852	12.562071585	2687.700	6009.868	4651.172	4909.570
26	Spectrogram 1	1	12.562071585	12.563069317	2687.700	6009.868	4651.172	4909.570
27	Spectrogram 1	1	12.563069317	12.564067050	2687.700	6009.868	4651.172	4909.570
28	Spectrogram 1	1	12.564067050	12.565064782	2687.700	6009.868	4651.172	4909.570
29	Spectrogram 1	1	12.565064782	12.566062514	2687.700	6009.868	4823.438	5081.836
30	Spectrogram 1	1	12.566062514	12.567060247	2687.700	6009.868	4823.438	5081.836
31	Spectrogram 1	1	12.567060247	12.568057979	2687.700	6009.868	4823.438	5081.836
32	Spectrogram 1	1	12.568057979	12.569055712	2687.700	6009.868	4823.438	5081.836
33	Spectrogram 1	1	12.569055712	12.570053444	2687.700	6009.868	4823.438	5081.836
34	Spectrogram 1	1	12.570053444	12.571051176	2687.700	6009.868	4823.438	5081.836
35	Spectrogram 1	1	12.571051176	12.572048909	2687.700	6009.868	5167.969	5254.102
36	Spectrogram 1	1	12.572048909	12.573046641	2687.700	6009.868	5167.969	5254.102
37	Spectrogram 1	1	12.573046641	12.574044374	2687.700	6009.868	5167.969	5254.102
38	Spectrogram 1	1	12.574044374	12.575042106	2687.700	6009.868	5167.969	5254.102
39	Spectrogram 1	1	12.575042106	12.576039839	2687.700	6009.868	5167.969	5254.102
40	Spectrogram 1	1	12.576039839	12.577037571	2687.700	6009.868	5254.102	5254.102
41	Spectrogram 1	1	12.577037571	12.578035303	2687.700	6009.868	5254.102	5254.102
42	Spectrogram 1	1	12.578035303	12.579033036	2687.700	6009.868	5254.102	5254.102
43	Spectrogram 1	1	12.579033036	12.580030768	2687.700	6009.868	5254.102	5254.102
44	Spectrogram 1	1	12.580030768	12.581028501	2687.700	6009.868	5254.102	5254.102
45	Spectrogram 1	1	12.581028501	12.582026233	2687.700	6009.868	5254.102	5254.102
46	Spectrogram 1	1	12.582026233	12.583023966	2687.700	6009.868	5167.969	5167.969
47	Spectrogram 1	1	12.583023966	12.584021698	2687.700	6009.868	5167.969	5167.969
48	Spectrogram 1	1	12.584021698	12.585019430	2687.700	6009.868	5167.969	5167.969
49	Spectrogram 1	1	12.585019430	12.586017163	2687.700	6009.868	5167.969	5167.969
50	Spectrogram 1	1	12.586017163	12.587014895	2687.700	6009.868	5167.969	5167.969
51	Spectrogram 1	1	12.587014895	12.588012628	2687.700	6009.868	5167.969	5167.969
52	Spectrogram 1	1	12.588012628	12.589010360	2687.700	6009.868	4995.703	4995.703
53	Spectrogram 1	1	12.589010360	12.590008093	2687.700	6009.868	4995.703	4995.703
54	Spectrogram 1	1	12.590008093	12.591005825	2687.700	6009.868	4995.703	4995.703
55	Spectrogram 1	1	12.591005825	12.592003557	2687.700	6009.868	4995.703	4995.703
56	Spectrogram 1	1	12.592003557	12.593001290	2687.700	6009.868	4995.703	4995.703
57	Spectrogram 1	1	12.593001290	12.593999022	2687.700	6009.868	4995.703	4995.703
58	Spectrogram 1	1	12.593999022	12.594996755	2687.700	6009.868	4995.703	4995.703
59	Spectrogram 1	1	12.594996755	12.595994487	2687.700	6009.868	4995.703	4995.703
60	Spectrogram 1	1	12.595994487	12.596992220	2687.700	6009.868	4995.703	4995.703
61	Spectrogram 1	1	12.596992220	12.597989952	2687.700	6009.868	4995.703	4995.703
62	Spectrogram 1	1	12.597989952	12.598987684	2687.700	6009.868	4995.703	4995.703
63	Spectrogram 1	1	12.598987684	12.599985417	2687.700	6009.868	4995.703	4995.703
64	Spectrogram 1	1	12.599985417	12.600983149	2687.700	6009.868	5081.836	5081.836
65	Spectrogram 1	1	12.600983149	12.601980882	2687.700	6009.868	5081.836	5081.836
66	Spectrogram 1	1	12.601980882	12.602978614	2687.700	6009.868	5081.836	5081.836
67	Spectrogram 1	1	12.602978614	12.603976347	2687.700	6009.868	5081.836	5081.836
68	Spectrogram 1	1	12.603976347	12.604974079	2687.700	6009.868	5081.836	5081.836
69	Spectrogram 1	1	12.604974079	12.605971811	2687.700	6009.868	5081.836	5081.836
70	Spectrogram 1	1	12.605971811	12.606969544	2687.700	6009.868	5167.969	5081.836
71	Spectrogram 1	1	12.606969544	12.607967276	2687.700	6009.868	5167.969	5081.836
72	Spectrogram 1	1	12.607967276	12.608965009	2687.700	6009.868	5167.969	5081.836
73	Spectrogram 1	1	12.608965009	12.609962741	2687.700	6009.868	5167.969	5081.836
74	Spectrogram 1	1	12.609962741	12.610960474	2687.700	6009.868	5167.969	5081.836
75	Spectrogram 1	1	12.610960474	12.611958206	2687.700	6009.868	5167.969	5167.969
76	Spectrogram 1	1	12.611958206	12.612955938	2687.700	6009.868	5167.969	5167.969
77	Spectrogram 1	1	12.612955938	12.613953671	2687.700	6009.868	5167.969	5167.969
78	Spectrogram 1	1	12.613953671	12.614951403	2687.700	6009.868	5167.969	5167.969
79	Spectrogram 1	1	12.614951403	12.615949136	2687.700	6009.868	5167.969	5167.969
80	Spectrogram 1	1	12.615949136	12.616946868	2687.700	6009.868	5167.969	5167.969
81	Spectrogram 1	1	12.616946868	12.617944601	2687.700	6009.868	5081.836	5081.836
82	Spectrogram 1	1	12.617944601	12.618942333	2687.700	6009.868	5081.836	5081.836
83	Spectrogram 1	1	12.618942333	12.619940065	2687.700	6009.868	5081.836	5081.836
84	Spectrogram 1	1	12.619940065	12.620937798	2687.700	6009.868	5081.836	5081.836
85	Spectrogram 1	1	12.620937798	12.621935530	2687.700	6009.868	5081.836	5081.836
86	Spectrogram 1	1	12.621935530	12.622933263	2687.700	6009.868	5081.836	5081.836
87	Spectrogram 1	1	12.622933263	12.623930995	2687.700	6009.868	5167.969	5167.969
88	Spectrogram 1	1	12.623930995	12.624928728	2687.700	6009.868	5167.969	5167.969
89	Spectrogram 1	1	12.624928728	12.625926460	2687.700	6009.868	5167.969	5167.969
90	Spectrogram 1	1	12.625926460	12.626924192	2687.700	6009.868	5167.969	5167.969
91	Spectrogram 1	1	12.626924192	12.627921925	2687.700	6009.868	5167.969	5167.969
92	Spectrogram 1	1	12.627921925	12.628919657	2687.700	6009.868	5167.969	5167.969
93	Spectrogram 1	1	12.628919657	12.629917390	2687.700	6009.868	5081.836	5081.836
94	Spectrogram 1	1	12.629917390	12.630915122	2687.700	6009.868	5081.836	5081.836
95	Spectrogram 1	1	12.630915122	12.631912854	2687.700	6009.868	5081.836	5081.836
96	Spectrogram 1	1	12.631912854	12.632910587	2687.700	6009.868	5081.836	5081.836
97	Spectrogram 1	1	12.632910587	12.633908319	2687.700	6009.868	5081.836	5081.836
98	Spectrogram 1	1	12.633908319	12.634906052	2687.700	6009.868	5081.836	5081.836
99	Spectrogram 1	1	12.634906052	12.635903784	2687.700	6009.868	5081.836	5254.102
100	Spectrogram 1	1	12.635903784	12.636901517	2687.700	6009.868	5081.836	5254.102
101	Spectrogram 1	1	12.636901517	12.637899249	2687.700	6009.868	5081.836	5254.102
102	Spectrogram 1	1	12.637899249	12.638896981	2687.700	6009.868	5081.836	5254.102
103	Spectrogram 1	1	12.638896981	12.639894714	2687.700	6009.868	5081.836	5254.102
104	Spectrogram 1	1	12.639894714	12.640892446	2687.700	6009.868	3617.578	5167.969
105	Spectrogram 1	1	12.640892446	12.641890179	2687.700	6009.868	3617.578	5167.969
106	Spectrogram 1	1	12.641890179	12.642887911	2687.700	6009.868	3617.578	5167.969
107	Spectrogram 1	1	12.642887911	12.643885644	2687.700	6009.868	3617.578	5167.969
108	Spectrogram 1	1	12.643885644	12.644883376	2687.700	6009.868	3617.578	5167.969
109	Spectrogram 1	1	12.644883376	12.645881108	2687.700	6009.868	3617.578	5167.969
110	Spectrogram 1	1	12.645881108	12.646878841	2687.700	6009.868	3703.711	3617.578
111	Spectrogram 1	1	12.646878841	12.647876573	2687.700	6009.868	3703.711	3617.578
112	Spectrogram 1	1	12.647876573	12.648874306	2687.700	6009.868	3703.711	3617.578
113	Spectrogram 1	1	12.648874306	12.649872038	2687.700	6009.868	3703.711	3617.578
114	Spectrogram 1	1	12.649872038	12.650869771	2687.700	6009.868	3703.711	3617.578
115	Spectrogram 1	1	12.650869771	12.651867503	2687.700	6009.868	3703.711	3617.578
116	Spectrogram 1	1	12.651867503	12.652865235	2687.700	6009.868	3789.844	3789.844
117	Spectrogram 1	1	12.652865235	12.653862968	2687.700	6009.868	3789.844	3789.844
118	Spectrogram 1	1	12.653862968	12.654860700	2687.700	6009.868	3789.844	3789.844
119	Spectrogram 1	1	12.654860700	12.655858433	2687.700	6009.868	3789.844	3789.844
120	Spectrogram 1	1	12.655858433	12.656856165	2687.700	6009.868	3789.844	3789.844
121	Spectrogram 1	1	12.656856165	12.657853898	2687.700	6009.868	3789.844	3789.844
122	Spectrogram 1	1	12.657853898	12.658851630	2687.700	6009.868	3789.844	3789.844
123	Spectrogram 1	1	12.658851630	12.659849362	2687.700	6009.868	3789.844	3789.844
124	Spectrogram 1	1	12.659849362	12.660847095	2687.700	6009.868	3789.844	3789.844
125	Spectrogram 1	1	12.660847095	12.661844827	2687.700	6009.868	3789.844	3789.844
126	Spectrogram 1	1	12.661844827	12.662842560	2687.700	6009.868	3789.844	3789.844
127	Spectrogram 1	1	12.662842560	12.663840292	2687.700	6009.868	3789.844	3789.844
128	Spectrogram 1	1	12.663840292	12.664838025	2687.700	6009.868	3875.977	3875.977
129	Spectrogram 1	1	12.664838025	12.665835757	2687.700	6009.868	3875.977	3875.977
130	Spectrogram 1	1	12.665835757	12.666833489	2687.700	6009.868	3875.977	3875.977
131	Spectrogram 1	1	12.666833489	12.667831222	2687.700	6009.868	3875.977	3875.977
132	Spectrogram 1	1	12.667831222	12.668828954	2687.700	6009.868	3875.977	3875.977
133	Spectrogram 1	1	12.668828954	12.669826687	2687.700	6009.868	3875.977	3875.977
134	Spectrogram 1	1	12.669826687	12.670824419	2687.700	6009.868	3875.977	3875.977
135	Spectrogram 1	1	12.670824419	12.671822152	2687.700	6009.868	3875.977	3875.977
136	Spectrogram 1	1	12.671822152	12.672819884	2687.700	6009.868	3875.977	3875.977
137	Spectrogram 1	1	12.672819884	12.673817616	2687.700	6009.868	3875.977	3875.977
138	Spectrogram 1	1	12.673817616	12.674815349	2687.700	6009.868	3875.977	3875.977
139	Spectrogram 1	1	12.674815349	12.675813081	2687.700	6009.868	3962.109	3962.109
140	Spectrogram 1	1	12.675813081	12.676810814	2687.700	6009.868	3962.109	3962.109
141	Spectrogram 1	1	12.676810814	12.677808546	2687.700	6009.868	3962.109	3962.109
142	Spectrogram 1	1	12.677808546	12.678806279	2687.700	6009.868	3962.109	3962.109
143	Spectrogram 1	1	12.678806279	12.679804011	2687.700	6009.868	3962.109	3962.109
144	Spectrogram 1	1	12.679804011	12.680801743	2687.700	6009.868	3962.109	3962.109
145	Spectrogram 1	1	12.680801743	12.681799476	2687.700	6009.868	3962.109	3962.109
146	Spectrogram 1	1	12.681799476	12.682797208	2687.700	6009.868	3962.109	3962.109
147	Spectrogram 1	1	12.682797208	12.683794941	2687.700	6009.868	3962.109	3962.109
148	Spectrogram 1	1	12.683794941	12.684792673	2687.700	6009.868	3962.109	3962.109
149	Spectrogram 1	1	12.684792673	12.685790406	2687.700	6009.868	3962.109	3962.109
150	Spectrogram 1	1	12.685790406	12.686788138	2687.700	6009.868	3962.109	3962.109
151	Spectrogram 1	1	12.686788138	12.687785870	2687.700	6009.868	4048.242	4048.242
152	Spectrogram 1	1	12.687785870	12.688783603	2687.700	6009.868	4048.242	4048.242
153	Spectrogram 1	1	12.688783603	12.689781335	2687.700	6009.868	4048.242	4048.242
154	Spectrogram 1	1	12.689781335	12.690779068	2687.700	6009.868	4048.242	4048.242
155	Spectrogram 1	1	12.690779068	12.691776800	2687.700	6009.868	4048.242	4048.242
156	Spectrogram 1	1	12.691776800	12.692774533	2687.700	6009.868	4048.242	4048.242
157	Spectrogram 1	1	12.692774533	12.693772265	2687.700	6009.868	4134.375	4134.375
158	Spectrogram 1	1	12.693772265	12.694769997	2687.700	6009.868	4134.375	4134.375
159	Spectrogram 1	1	12.694769997	12.695767730	2687.700	6009.868	4134.375	4134.375
160	Spectrogram 1	1	12.695767730	12.696765462	2687.700	6009.868	4134.375	4134.375
161	Spectrogram 1	1	12.696765462	12.697763195	2687.700	6009.868	4134.375	4134.375
162	Spectrogram 1	1	12.697763195	12.698760927	2687.700	6009.868	4134.375	4134.375
163	Spectrogram 1	1	12.698760927	12.699758659	2687.700	6009.868	4048.242	4048.242
164	Spectrogram 1	1	12.699758659	12.700756392	2687.700	6009.868	4048.242	4048.242
165	Spectrogram 1	1	12.700756392	12.701754124	2687.700	6009.868	4048.242	4048.242
166	Spectrogram 1	1	12.701754124	12.702751857	2687.700	6009.868	4048.242	4048.242
167	Spectrogram 1	1	12.702751857	12.703749589	2687.700	6009.868	4048.242	4048.242
168	Spectrogram 1	1	12.703749589	12.704747322	2687.700	6009.868	4048.242	4048.242
169	Spectrogram 1	1	12.704747322	12.705745054	2687.700	6009.868	4048.242	4048.242
170	Spectrogram 1	1	12.705745054	12.706742786	2687.700	6009.868	4048.242	4048.242
171	Spectrogram 1	1	12.706742786	12.707740519	2687.700	6009.868	4048.242	4048.242
172	Spectrogram 1	1	12.707740519	12.708738251	2687.700	6009.868	4048.242	4048.242
173	Spectrogram 1	1	12.708738251	12.709735984	2687.700	6009.868	4048.242	4048.242
174	Spectrogram 1	1	12.709735984	12.710733716	2687.700	6009.868	4048.242	4048.242
175	Spectrogram 1	1	12.710733716	12.711731449	2687.700	6009.868	4048.242	4048.242
176	Spectrogram 1	1	12.711731449	12.712729181	2687.700	6009.868	4048.242	4048.242
177	Spectrogram 1	1	12.712729181	12.713726913	2687.700	6009.868	4048.242	4048.242
178	Spectrogram 1	1	12.713726913	12.714724646	2687.700	6009.868	4048.242	4048.242
179	Spectrogram 1	1	12.714724646	12.715722378	2687.700	6009.868	4048.242	4048.242
180	Spectrogram 1	1	12.715722378	12.716720111	2687.700	6009.868	4134.375	4134.375
181	Spectrogram 1	1	12.716720111	12.717717843	2687.700	6009.868	4134.375	4134.375
182	Spectrogram 1	1	12.717717843	12.718715576	2687.700	6009.868	4134.375	4134.375
183	Spectrogram 1	1	12.718715576	12.719713308	2687.700	6009.868	4134.375	4134.375
184	Spectrogram 1	1	12.719713308	12.720711040	2687.700	6009.868	4134.375	4134.375
185	Spectrogram 1	1	12.720711040	12.721708773	2687.700	6009.868	4134.375	4134.375
186	Spectrogram 1	1	12.721708773	12.722706505	2687.700	6009.868	5340.234	5512.500
187	Spectrogram 1	1	12.722706505	12.723704238	2687.700	6009.868	5340.234	5512.500
188	Spectrogram 1	1	12.723704238	12.724701970	2687.700	6009.868	5340.234	5512.500
189	Spectrogram 1	1	12.724701970	12.725699703	2687.700	6009.868	5340.234	5512.500
190	Spectrogram 1	1	12.725699703	12.726697435	2687.700	6009.868	5340.234	5512.500
191	Spectrogram 1	1	12.726697435	12.727695167	2687.700	6009.868	5340.234	5512.500
192	Spectrogram 1	1	12.727695167	12.728692900	2687.700	6009.868	5167.969	4995.703
193	Spectrogram 1	1	12.728692900	12.729690632	2687.700	6009.868	5167.969	4995.703
194	Spectrogram 1	1	12.729690632	12.730688365	2687.700	6009.868	5167.969	4995.703
195	Spectrogram 1	1	12.730688365	12.731686097	2687.700	6009.868	5167.969	4995.703
196	Spectrogram 1	1	12.731686097	12.732683830	2687.700	6009.868	5167.969	4995.703
197	Spectrogram 1	1	12.732683830	12.733681562	2687.700	6009.868	5167.969	4995.703
198	Spectrogram 1	1	12.733681562	12.734679294	2687.700	6009.868	4737.305	4737.305
199	Spectrogram 1	1	12.734679294	12.735677027	2687.700	6009.868	4737.305	4737.305
200	Spectrogram 1	1	12.735677027	12.736674759	2687.700	6009.868	4737.305	4737.305
201	Spectrogram 1	1	12.736674759	12.737672492	2687.700	6009.868	4737.305	4737.305
202	Spectrogram 1	1	12.737672492	12.738670224	2687.700	6009.868	4737.305	4737.305
203	Spectrogram 1	1	12.738670224	12.739667957	2687.700	6009.868	4737.305	4306.641
204	Spectrogram 1	1	12.739667957	12.740665689	2687.700	6009.868	4737.305	4306.641
205	Spectrogram 1	1	12.740665689	12.741663421	2687.700	6009.868	4737.305	4306.641
206	Spectrogram 1	1	12.741663421	12.742661154	2687.700	6009.868	4737.305	4306.641
207	Spectrogram 1	1	12.742661154	12.743658886	2687.700	6009.868	4737.305	4306.641
208	Spectrogram 1	1	12.743658886	12.744656619	2687.700	6009.868	4737.305	4306.641
209	Spectrogram 1	1	12.744656619	12.745654351	2687.700	6009.868	4392.773	4478.906
210	Spectrogram 1	1	12.745654351	12.746652084	2687.700	6009.868	4392.773	4478.906
211	Spectrogram 1	1	12.746652084	12.747649816	2687.700	6009.868	4392.773	4478.906
212	Spectrogram 1	1	12.747649816	12.748647548	2687.700	6009.868	4392.773	4478.906
213	Spectrogram 1	1	12.748647548	12.749645281	2687.700	6009.868	4392.773	4478.906
214	Spectrogram 1	1	12.749645281	12.750643013	2687.700	6009.868	4392.773	4478.906
215	Spectrogram 1	1	12.750643013	12.751640746	2687.700	6009.868	4565.039	4651.172
216	Spectrogram 1	1	12.751640746	12.752638478	2687.700	6009.868	4565.039	4651.172
217	Spectrogram 1	1	12.752638478	12.753636211	2687.700	6009.868	4565.039	4651.172
218	Spectrogram 1	1	12.753636211	12.754195793	2687.700	6009.868	4565.039	4651.172
