Selection	View	Channel	Begin Time (s)	End Time (s)	Low Freq (Hz)	High Freq (Hz)	Center Freq (Hz)	Peak Freq (Hz)
1	Spectrogram 1	1	5.497795755	5.498793487	2258.100	6162.000	4651.172	4565.039
2	Spectrogram 1	1	5.498793487	5.499791220	2258.100	6162.000	4651.172	4565.039
3	Spectrogram 1	1	5.499791220	5.500788952	2258.100	6162.000	4220.508	4134.375
4	Spectrogram 1	1	5.500788952	5.501786685	2258.100	6162.000	4220.508	4134.375
5	Spectrogram 1	1	5.501786685	5.502784417	2258.100	6162.000	4220.508	4134.375
6	Spectrogram 1	1	5.502784417	5.503782150	2258.100	6162.000	4220.508	4134.375
7	Spectrogram 1	1	5.503782150	5.504779882	2258.100	6162.000	4220.508	4134.375
8	Spectrogram 1	1	5.504779882	5.505777614	2258.100	6162.000	4220.508	4134.375
9	Spectrogram 1	1	5.505777614	5.506775347	2258.100	6162.000	4995.703	5081.836
10	Spectrogram 1	1	5.506775347	5.507773079	2258.100	6162.000	4995.703	5081.836
11	Spectrogram 1	1	5.507773079	5.508770812	2258.100	6162.000	4995.703	5081.836
12	Spectrogram 1	1	5.508770812	5.509768544	2258.100	6162.000	4995.703	5081.836
13	Spectrogram 1	1	5.509768544	5.510766277	2258.100	6162.000	4995.703	5081.836
14	Spectrogram 1	1	5.510766277	5.511764009	2258.100	6162.000	4995.703	5081.836
15	Spectrogram 1	1	5.511764009	5.512761741	2258.100	6162.000	5426.367	5426.367
16	Spectrogram 1	1	5.512761741	5.513759474	2258.100	6162.000	5426.367	5426.367
17	Spectrogram 1	1	5.513759474	5.514757206	2258.100	6162.000	5426.367	5426.367
18	Spectrogram 1	1	5.514757206	5.515754939	2258.100	6162.000	5426.367	5426.367
19	Spectrogram 1	1	5.515754939	5.516752671	2258.100	6162.000	5426.367	5426.367
20	Spectrogram 1	1	5.516752671	5.517750404	2258.100	6162.000	5426.367	5426.367
21	Spectrogram 1	1	5.517750404	5.518748136	2258.100	6162.000	4909.570	4909.570
22	Spectrogram 1	1	5.518748136	5.519745868	2258.100	6162.000	4909.570	4909.570
23	Spectrogram 1	1	5.519745868	5.520743601	2258.100	6162.000	4909.570	4909.570
24	Spectrogram 1	1	5.520743601	5.521741333	2258.100	6162.000	4909.570	4909.570
25	Spectrogram 1	1	5.521741333	5.522739066	2258.100	6162.000	4909.570	4909.570
26	Spectrogram 1	1	5.522739066	5.523736798	2258.100	6162.000	4909.570	4909.570
27	Spectrogram 1	1	5.523736798	5.524734531	2258.100	6162.000	4909.570	4909.570
28	Spectrogram 1	1	5.524734531	5.525732263	2258.100	6162.000	4909.570	4909.570
29	Spectrogram 1	1	5.525732263	5.526729995	2258.100	6162.000	4909.570	4909.570
30	Spectrogram 1	1	5.526729995	5.527727728	2258.100	6162.000	4909.570	4909.570
31	Spectrogram 1	1	5.527727728	5.528725460	2258.100	6162.000	4909.570	4909.570
32	Spectrogram 1	1	5.528725460	5.529723193	2258.100	6162.000	4909.570	4909.570
33	Spectrogram 1	1	5.529723193	5.530720925	2258.100	6162.000	5081.836	5081.836
34	Spectrogram 1	1	5.530720925	5.531718657	2258.100	6162.000	5081.836	5081.836
35	Spectrogram 1	1	5.531718657	5.532716390	2258.100	6162.000	5081.836	5081.836
36	Spectrogram 1	1	5.532716390	5.533714122	2258.100	6162.000	5081.836	5081.836
37	Spectrogram 1	1	5.533714122	5.534711855	2258.100	6162.000	5081.836	5081.836
38	Spectrogram 1	1	5.534711855	5.535709587	2258.100	6162.000	5167.969	5167.969
39	Spectrogram 1	1	5.535709587	5.536707320	2258.100	6162.000	5167.969	5167.969
40	Spectrogram 1	1	5.536707320	5.537705052	2258.100	6162.000	5167.969	5167.969
41	Spectrogram 1	1	5.537705052	5.538702784	2258.100	6162.000	5167.969	5167.969
42	Spectrogram 1	1	5.538702784	5.539700517	2258.100	6162.000	5167.969	5167.969
43	Spectrogram 1	1	5.539700517	5.540698249	2258.100	6162.000	5167.969	5167.969
44	Spectrogram 1	1	5.540698249	5.541695982	2258.100	6162.000	5167.969	5167.969
45	Spectrogram 1	1	5.541695982	5.542693714	2258.100	6162.000	5167.969	5167.969
46	Spectrogram 1	1	5.542693714	5.543691447	2258.100	6162.000	5167.969	5167.969
47	Spectrogram 1	1	5.543691447	5.544689179	2258.100	6162.000	5167.969	5167.969
48	Spectrogram 1	1	5.544689179	5.545686911	2258.100	6162.000	5167.969	5167.969
49	Spectrogram 1	1	5.545686911	5.546684644	2258.100	6162.000	5167.969	5167.969
50	Spectrogram 1	1	5.546684644	5.547682376	2258.100	6162.000	5081.836	5081.836
51	Spectrogram 1	1	5.547682376	5.548680109	2258.100	6162.000	5081.836	5081.836
52	Spectrogram 1	1	5.548680109	5.549677841	2258.100	6162.000	5081.836	5081.836
53	Spectrogram 1	1	5.549677841	5.550675574	2258.100	6162.000	5081.836	5081.836
54	Spectrogram 1	1	5.550675574	5.551673306	2258.100	6162.000	5081.836	5081.836
55	Spectrogram 1	1	5.551673306	5.552671038	2258.100	6162.000	5081.836	5081.836
56	Spectrogram 1	1	5.552671038	5.553668771	2258.100	6162.000	4995.703	4995.703
57	Spectrogram 1	1	5.553668771	5.554666503	2258.100	6162.000	4995.703	4995.703
58	Spectrogram 1	1	5.554666503	5.555664236	2258.100	6162.000	4995.703	4995.703
59	Spectrogram 1	1	5.555664236	5.556661968	2258.100	6162.000	4995.703	4995.703
60	Spectrogram 1	1	5.556661968	5.557659701	2258.100	6162.000	4995.703	4995.703
61	Spectrogram 1	1	5.557659701	5.558657433	2258.100	6162.000	4995.703	4995.703
62	Spectrogram 1	1	5.558657433	5.559655165	2258.100	6162.000	4909.570	4909.570
63	Spectrogram 1	1	5.559655165	5.560652898	2258.100	6162.000	4909.570	4909.570
64	Spectrogram 1	1	5.560652898	5.561650630	2258.100	6162.000	4909.570	4909.570
65	Spectrogram 1	1	5.561650630	5.562648363	2258.100	6162.000	4909.570	4909.570
66	Spectrogram 1	1	5.562648363	5.563646095	2258.100	6162.000	4909.570	4909.570
67	Spectrogram 1	1	5.563646095	5.564643828	2258.100	6162.000	4909.570	4909.570
68	Spectrogram 1	1	5.564643828	5.565641560	2258.100	6162.000	4909.570	4909.570
69	Spectrogram 1	1	5.565641560	5.566639292	2258.100	6162.000	4909.570	4909.570
70	Spectrogram 1	1	5.566639292	5.567637025	2258.100	6162.000	4909.570	4909.570
71	Spectrogram 1	1	5.567637025	5.568634757	2258.100	6162.000	4909.570	4909.570
72	Spectrogram 1	1	5.568634757	5.569632490	2258.100	6162.000	4909.570	4909.570
73	Spectrogram 1	1	5.569632490	5.570630222	2258.100	6162.000	4995.703	4995.703
74	Spectrogram 1	1	5.570630222	5.571627955	2258.100	6162.000	4995.703	4995.703
75	Spectrogram 1	1	5.571627955	5.572625687	2258.100	6162.000	4995.703	4995.703
76	Spectrogram 1	1	5.572625687	5.573623419	2258.100	6162.000	4995.703	4995.703
77	Spectrogram 1	1	5.573623419	5.574621152	2258.100	6162.000	4995.703	4995.703
78	Spectrogram 1	1	5.574621152	5.575618884	2258.100	6162.000	4995.703	4995.703
79	Spectrogram 1	1	5.575618884	5.576616617	2258.100	6162.000	4995.703	4995.703
80	Spectrogram 1	1	5.576616617	5.577614349	2258.100	6162.000	4995.703	4995.703
81	Spectrogram 1	1	5.577614349	5.578612082	2258.100	6162.000	4995.703	4995.703
82	Spectrogram 1	1	5.578612082	5.579609814	2258.100	6162.000	4995.703	4995.703
83	Spectrogram 1	1	5.579609814	5.580607546	2258.100	6162.000	4995.703	4995.703
84	Spectrogram 1	1	5.580607546	5.581605279	2258.100	6162.000	4995.703	4995.703
85	Spectrogram 1	1	5.581605279	5.582603011	2258.100	6162.000	5081.836	5081.836
86	Spectrogram 1	1	5.582603011	5.583600744	2258.100	6162.000	5081.836	5081.836
87	Spectrogram 1	1	5.583600744	5.584598476	2258.100	6162.000	5081.836	5081.836
88	Spectrogram 1	1	5.584598476	5.585596209	2258.100	6162.000	5081.836	5081.836
89	Spectrogram 1	1	5.585596209	5.586593941	2258.100	6162.000	5081.836	5081.836
90	Spectrogram 1	1	5.586593941	5.587591673	2258.100	6162.000	5081.836	5081.836
91	Spectrogram 1	1	5.587591673	5.588589406	2258.100	6162.000	5081.836	5081.836
92	Spectrogram 1	1	5.588589406	5.589587138	2258.100	6162.000	5081.836	5081.836
93	Spectrogram 1	1	5.589587138	5.590584871	2258.100	6162.000	5081.836	5081.836
94	Spectrogram 1	1	5.590584871	5.591582603	2258.100	6162.000	5081.836	5081.836
95	Spectrogram 1	1	5.591582603	5.592580335	2258.100	6162.000	5081.836	5081.836
96	Spectrogram 1	1	5.592580335	5.593578068	2258.100	6162.000	5081.836	5081.836
97	Spectrogram 1	1	5.593578068	5.594575800	2258.100	6162.000	2928.516	2842.383
98	Spectrogram 1	1	5.594575800	5.595573533	2258.100	6162.000	2928.516	2842.383
99	Spectrogram 1	1	5.595573533	5.596571265	2258.100	6162.000	2928.516	2842.383
100	Spectrogram 1	1	5.596571265	5.597568998	2258.100	6162.000	2928.516	2842.383
101	Spectrogram 1	1	5.597568998	5.598566730	2258.100	6162.000	2928.516	2842.383
102	Spectrogram 1	1	5.598566730	5.599564462	2258.100	6162.000	3186.914	3186.914
103	Spectrogram 1	1	5.599564462	5.600562195	2258.100	6162.000	3186.914	3186.914
104	Spectrogram 1	1	5.600562195	5.601559927	2258.100	6162.000	3186.914	3186.914
105	Spectrogram 1	1	5.601559927	5.602557660	2258.100	6162.000	3186.914	3186.914
106	Spectrogram 1	1	5.602557660	5.603555392	2258.100	6162.000	3186.914	3186.914
107	Spectrogram 1	1	5.603555392	5.604553125	2258.100	6162.000	3186.914	3186.914
108	Spectrogram 1	1	5.604553125	5.605550857	2258.100	6162.000	3359.180	3359.180
109	Spectrogram 1	1	5.605550857	5.606548589	2258.100	6162.000	3359.180	3359.180
110	Spectrogram 1	1	5.606548589	5.607546322	2258.100	6162.000	3359.180	3359.180
111	Spectrogram 1	1	5.607546322	5.608544054	2258.100	6162.000	3359.180	3359.180
112	Spectrogram 1	1	5.608544054	5.609541787	2258.100	6162.000	3359.180	3359.180
113	Spectrogram 1	1	5.609541787	5.610539519	2258.100	6162.000	3359.180	3359.180
114	Spectrogram 1	1	5.610539519	5.611537252	2258.100	6162.000	3531.445	3531.445
115	Spectrogram 1	1	5.611537252	5.612534984	2258.100	6162.000	3531.445	3531.445
116	Spectrogram 1	1	5.612534984	5.613532716	2258.100	6162.000	3531.445	3531.445
117	Spectrogram 1	1	5.613532716	5.614530449	2258.100	6162.000	3531.445	3531.445
118	Spectrogram 1	1	5.614530449	5.615528181	2258.100	6162.000	3531.445	3531.445
119	Spectrogram 1	1	5.615528181	5.616525914	2258.100	6162.000	3531.445	3531.445
120	Spectrogram 1	1	5.616525914	5.617523646	2258.100	6162.000	3703.711	3703.711
121	Spectrogram 1	1	5.617523646	5.618521379	2258.100	6162.000	3703.711	3703.711
122	Spectrogram 1	1	5.618521379	5.619519111	2258.100	6162.000	3703.711	3703.711
123	Spectrogram 1	1	5.619519111	5.620516843	2258.100	6162.000	3703.711	3703.711
124	Spectrogram 1	1	5.620516843	5.621514576	2258.100	6162.000	3703.711	3703.711
125	Spectrogram 1	1	5.621514576	5.622512308	2258.100	6162.000	3703.711	3703.711
126	Spectrogram 1	1	5.622512308	5.623510041	2258.100	6162.000	3789.844	3789.844
127	Spectrogram 1	1	5.623510041	5.624507773	2258.100	6162.000	3789.844	3789.844
128	Spectrogram 1	1	5.624507773	5.625505506	2258.100	6162.000	3789.844	3789.844
129	Spectrogram 1	1	5.625505506	5.626503238	2258.100	6162.000	3789.844	3789.844
130	Spectrogram 1	1	5.626503238	5.627500970	2258.100	6162.000	3789.844	3789.844
131	Spectrogram 1	1	5.627500970	5.628498703	2258.100	6162.000	3875.977	3789.844
132	Spectrogram 1	1	5.628498703	5.629496435	2258.100	6162.000	3875.977	3789.844
133	Spectrogram 1	1	5.629496435	5.630494168	2258.100	6162.000	3875.977	3789.844
134	Spectrogram 1	1	5.630494168	5.631491900	2258.100	6162.000	3875.977	3789.844
135	Spectrogram 1	1	5.631491900	5.632489633	2258.100	6162.000	3875.977	3789.844
136	Spectrogram 1	1	5.632489633	5.633487365	2258.100	6162.000	3875.977	3789.844
137	Spectrogram 1	1	5.633487365	5.634485097	2258.100	6162.000	3875.977	3875.977
138	Spectrogram 1	1	5.634485097	5.635482830	2258.100	6162.000	3875.977	3875.977
139	Spectrogram 1	1	5.635482830	5.636480562	2258.100	6162.000	3875.977	3875.977
140	Spectrogram 1	1	5.636480562	5.637478295	2258.100	6162.000	3875.977	3875.977
141	Spectrogram 1	1	5.637478295	5.638476027	2258.100	6162.000	3875.977	3875.977
142	Spectrogram 1	1	5.638476027	5.639473760	2258.100	6162.000	3875.977	3875.977
143	Spectrogram 1	1	5.639473760	5.640471492	2258.100	6162.000	3875.977	3875.977
144	Spectrogram 1	1	5.640471492	5.641469224	2258.100	6162.000	3875.977	3875.977
145	Spectrogram 1	1	5.641469224	5.642466957	2258.100	6162.000	3875.977	3875.977
146	Spectrogram 1	1	5.642466957	5.643464689	2258.100	6162.000	3875.977	3875.977
147	Spectrogram 1	1	5.643464689	5.644462422	2258.100	6162.000	3875.977	3875.977
148	Spectrogram 1	1	5.644462422	5.645460154	2258.100	6162.000	3875.977	3875.977
149	Spectrogram 1	1	5.645460154	5.646457887	2258.100	6162.000	3962.109	3962.109
150	Spectrogram 1	1	5.646457887	5.647455619	2258.100	6162.000	3962.109	3962.109
151	Spectrogram 1	1	5.647455619	5.648453351	2258.100	6162.000	3962.109	3962.109
152	Spectrogram 1	1	5.648453351	5.649451084	2258.100	6162.000	3962.109	3962.109
153	Spectrogram 1	1	5.649451084	5.650448816	2258.100	6162.000	3962.109	3962.109
154	Spectrogram 1	1	5.650448816	5.651446549	2258.100	6162.000	3962.109	3962.109
155	Spectrogram 1	1	5.651446549	5.652444281	2258.100	6162.000	3875.977	3875.977
156	Spectrogram 1	1	5.652444281	5.653442014	2258.100	6162.000	3875.977	3875.977
157	Spectrogram 1	1	5.653442014	5.654439746	2258.100	6162.000	3875.977	3875.977
158	Spectrogram 1	1	5.654439746	5.655437478	2258.100	6162.000	3875.977	3875.977
159	Spectrogram 1	1	5.655437478	5.656435211	2258.100	6162.000	3875.977	3875.977
160	Spectrogram 1	1	5.656435211	5.657432943	2258.100	6162.000	3875.977	3875.977
161	Spectrogram 1	1	5.657432943	5.658430676	2258.100	6162.000	3703.711	3703.711
162	Spectrogram 1	1	5.658430676	5.659428408	2258.100	6162.000	3703.711	3703.711
163	Spectrogram 1	1	5.659428408	5.660426140	2258.100	6162.000	3703.711	3703.711
164	Spectrogram 1	1	5.660426140	5.661423873	2258.100	6162.000	3703.711	3703.711
165	Spectrogram 1	1	5.661423873	5.662421605	2258.100	6162.000	3703.711	3703.711
166	Spectrogram 1	1	5.662421605	5.663419338	2258.100	6162.000	3531.445	3445.312
167	Spectrogram 1	1	5.663419338	5.664417070	2258.100	6162.000	3531.445	3445.312
168	Spectrogram 1	1	5.664417070	5.665414803	2258.100	6162.000	3531.445	3445.312
169	Spectrogram 1	1	5.665414803	5.666412535	2258.100	6162.000	3531.445	3445.312
170	Spectrogram 1	1	5.666412535	5.667410267	2258.100	6162.000	3531.445	3445.312
171	Spectrogram 1	1	5.667410267	5.668408000	2258.100	6162.000	3531.445	3445.312
172	Spectrogram 1	1	5.668408000	5.669405732	2258.100	6162.000	3359.180	3359.180
173	Spectrogram 1	1	5.669405732	5.670403465	2258.100	6162.000	3359.180	3359.180
174	Spectrogram 1	1	5.670403465	5.671401197	2258.100	6162.000	3359.180	3359.180
175	Spectrogram 1	1	5.671401197	5.672398930	2258.100	6162.000	3359.180	3359.180
176	Spectrogram 1	1	5.672398930	5.673396662	2258.100	6162.000	3359.180	3359.180
177	Spectrogram 1	1	5.673396662	5.674394394	2258.100	6162.000	3359.180	3359.180
178	Spectrogram 1	1	5.674394394	5.675392127	2258.100	6162.000	3875.977	3789.844
179	Spectrogram 1	1	5.675392127	5.676389859	2258.100	6162.000	3875.977	3789.844
180	Spectrogram 1	1	5.676389859	5.677387592	2258.100	6162.000	3875.977	3789.844
181	Spectrogram 1	1	5.677387592	5.678385324	2258.100	6162.000	3875.977	3789.844
182	Spectrogram 1	1	5.678385324	5.679383057	2258.100	6162.000	3875.977	3789.844
183	Spectrogram 1	1	5.679383057	5.680380789	2258.100	6162.000	3875.977	3789.844
184	Spectrogram 1	1	5.680380789	5.681378521	2258.100	6162.000	5598.633	5684.766
185	Spectrogram 1	1	5.681378521	5.682376254	2258.100	6162.000	5598.633	5684.766
186	Spectrogram 1	1	5.682376254	5.683373986	2258.100	6162.000	5598.633	5684.766
187	Spectrogram 1	1	5.683373986	5.684371719	2258.100	6162.000	5598.633	5684.766
188	Spectrogram 1	1	5.684371719	5.685369451	2258.100	6162.000	5598.633	5684.766
189	Spectrogram 1	1	5.685369451	5.686367184	2258.100	6162.000	5598.633	5684.766
190	Spectrogram 1	1	5.686367184	5.687364916	2258.100	6162.000	5684.766	5770.898
191	Spectrogram 1	1	5.687364916	5.688362648	2258.100	6162.000	5684.766	5770.898
192	Spectrogram 1	1	5.688362648	5.689360381	2258.100	6162.000	5684.766	5770.898
193	Spectrogram 1	1	5.689360381	5.690358113	2258.100	6162.000	5684.766	5770.898
194	Spectrogram 1	1	5.690358113	5.691355846	2258.100	6162.000	5684.766	5770.898
195	Spectrogram 1	1	5.691355846	5.692353578	2258.100	6162.000	5340.234	5340.234
196	Spectrogram 1	1	5.692353578	5.693351311	2258.100	6162.000	5340.234	5340.234
197	Spectrogram 1	1	5.693351311	5.694349043	2258.100	6162.000	5340.234	5340.234
198	Spectrogram 1	1	5.694349043	5.695346775	2258.100	6162.000	5340.234	5340.234
199	Spectrogram 1	1	5.695346775	5.696344508	2258.100	6162.000	5340.234	5340.234
200	Spectrogram 1	1	5.696344508	5.697342240	2258.100	6162.000	5340.234	5340.234
201	Spectrogram 1	1	5.697342240	5.698339973	2258.100	6162.000	4823.438	4823.438
202	Spectrogram 1	1	5.698339973	5.699337705	2258.100	6162.000	4823.438	4823.438
203	Spectrogram 1	1	5.699337705	5.700335438	2258.100	6162.000	4823.438	4823.438
204	Spectrogram 1	1	5.700335438	5.701333170	2258.100	6162.000	4823.438	4823.438
205	Spectrogram 1	1	5.701333170	5.702330902	2258.100	6162.000	4823.438	4823.438
206	Spectrogram 1	1	5.702330902	5.703328635	2258.100	6162.000	4823.438	4823.438
207	Spectrogram 1	1	5.703328635	5.704326367	2258.100	6162.000	4478.906	4392.773
208	Spectrogram 1	1	5.704326367	5.705324100	2258.100	6162.000	4478.906	4392.773
209	Spectrogram 1	1	5.705324100	5.706321832	2258.100	6162.000	4478.906	4392.773
210	Spectrogram 1	1	5.706321832	5.707319565	2258.100	6162.000	4478.906	4392.773
211	Spectrogram 1	1	5.707319565	5.708317297	2258.100	6162.000	4478.906	4392.773
212	Spectrogram 1	1	5.708317297	5.709315029	2258.100	6162.000	4478.906	4392.773
213	Spectrogram 1	1	5.709315029	5.710312762	2258.100	6162.000	4048.242	4048.242
214	Spectrogram 1	1	5.710312762	5.711310494	2258.100	6162.000	4048.242	4048.242
215	Spectrogram 1	1	5.711310494	5.712308227	2258.100	6162.000	4048.242	4048.242
216	Spectrogram 1	1	5.712308227	5.713305959	2258.100	6162.000	4048.242	4048.242
217	Spectrogram 1	1	5.713305959	5.714303692	2258.100	6162.000	4048.242	4048.242
218	Spectrogram 1	1	5.714303692	5.715301424	2258.100	6162.000	4048.242	4048.242
219	Spectrogram 1	1	5.715301424	5.716299156	2258.100	6162.000	3875.977	3875.977
220	Spectrogram 1	1	5.716299156	5.717296889	2258.100	6162.000	3875.977	3875.977
221	Spectrogram 1	1	5.717296889	5.718294621	2258.100	6162.000	3875.977	3875.977
222	Spectrogram 1	1	5.718294621	5.719292354	2258.100	6162.000	3875.977	3875.977
223	Spectrogram 1	1	5.719292354	5.720290086	2258.100	6162.000	3875.977	3875.977
224	Spectrogram 1	1	5.720290086	5.721287818	2258.100	6162.000	3875.977	3875.977
225	Spectrogram 1	1	5.721287818	5.722285551	2258.100	6162.000	3703.711	3617.578
226	Spectrogram 1	1	5.722285551	5.723283283	2258.100	6162.000	3703.711	3617.578
227	Spectrogram 1	1	5.723283283	5.724281016	2258.100	6162.000	3703.711	3617.578
228	Spectrogram 1	1	5.724281016	5.725278748	2258.100	6162.000	3703.711	3617.578
229	Spectrogram 1	1	5.725278748	5.725600000	2258.100	6162.000	3703.711	3617.578
