Selection	View	Channel	Begin Time (s)	End Time (s)	Low Freq (Hz)	High Freq (Hz)	Center Freq (Hz)	Peak Freq (Hz)
1	Spectrogram 1	1	39.913047343	39.914045075	2627.300	5925.000	4306.641	5598.633
2	Spectrogram 1	1	39.914045075	39.915042808	2627.300	5925.000	4306.641	5598.633
3	Spectrogram 1	1	39.915042808	39.916040540	2627.300	5925.000	4306.641	5598.633
4	Spectrogram 1	1	39.916040540	39.917038273	2627.300	5925.000	4306.641	5598.633
5	Spectrogram 1	1	39.917038273	39.918036005	2627.300	5925.000	4306.641	5598.633
6	Spectrogram 1	1	39.918036005	39.919033738	2627.300	5925.000	4995.703	4823.438
7	Spectrogram 1	1	39.919033738	39.920031470	2627.300	5925.000	4995.703	4823.438
8	Spectrogram 1	1	39.920031470	39.921029202	2627.300	5925.000	4995.703	4823.438
9	Spectrogram 1	1	39.921029202	39.922026935	2627.300	5925.000	4995.703	4823.438
10	Spectrogram 1	1	39.922026935	39.923024667	2627.300	5925.000	4995.703	4823.438
11	Spectrogram 1	1	39.923024667	39.924022400	2627.300	5925.000	4995.703	4823.438
12	Spectrogram 1	1	39.924022400	39.925020132	2627.300	5925.000	5512.500	5512.500
13	Spectrogram 1	1	39.925020132	39.926017865	2627.300	5925.000	5512.500	5512.500
14	Spectrogram 1	1	39.926017865	39.927015597	2627.300	5925.000	5512.500	5512.500
15	Spectrogram 1	1	39.927015597	39.928013329	2627.300	5925.000	5512.500	5512.500
16	Spectrogram 1	1	39.928013329	39.929011062	2627.300	5925.000	5512.500	5512.500
17	Spectrogram 1	1	39.929011062	39.930008794	2627.300	5925.000	5512.500	5512.500
18	Spectrogram 1	1	39.930008794	39.931006527	2627.300	5925.000	5081.836	4909.570
19	Spectrogram 1	1	39.931006527	39.932004259	2627.300	5925.000	5081.836	4909.570
20	Spectrogram 1	1	39.932004259	39.933001992	2627.300	5925.000	5081.836	4909.570
21	Spectrogram 1	1	39.933001992	39.933999724	2627.300	5925.000	5081.836	4909.570
22	Spectrogram 1	1	39.933999724	39.934997456	2627.300	5925.000	5081.836	4909.570
23	Spectrogram 1	1	39.934997456	39.935995189	2627.300	5925.000	4737.305	4737.305
24	Spectrogram 1	1	39.935995189	39.936992921	2627.300	5925.000	4737.305	4737.305
25	Spectrogram 1	1	39.936992921	39.937990654	2627.300	5925.000	4737.305	4737.305
26	Spectrogram 1	1	39.937990654	39.938988386	2627.300	5925.000	4737.305	4737.305
27	Spectrogram 1	1	39.938988386	39.939986119	2627.300	5925.000	4737.305	4737.305
28	Spectrogram 1	1	39.939986119	39.940983851	2627.300	5925.000	4737.305	4737.305
29	Spectrogram 1	1	39.940983851	39.941981583	2627.300	5925.000	5167.969	5167.969
30	Spectrogram 1	1	39.941981583	39.942979316	2627.300	5925.000	5167.969	5167.969
31	Spectrogram 1	1	39.942979316	39.943977048	2627.300	5925.000	5167.969	5167.969
32	Spectrogram 1	1	39.943977048	39.944974781	2627.300	5925.000	5167.969	5167.969
33	Spectrogram 1	1	39.944974781	39.945972513	2627.300	5925.000	5167.969	5167.969
34	Spectrogram 1	1	39.945972513	39.946970245	2627.300	5925.000	5167.969	5167.969
35	Spectrogram 1	1	39.946970245	39.947967978	2627.300	5925.000	5254.102	5254.102
36	Spectrogram 1	1	39.947967978	39.948965710	2627.300	5925.000	5254.102	5254.102
37	Spectrogram 1	1	39.948965710	39.949963443	2627.300	5925.000	5254.102	5254.102
38	Spectrogram 1	1	39.949963443	39.950961175	2627.300	5925.000	5254.102	5254.102
39	Spectrogram 1	1	39.950961175	39.951958908	2627.300	5925.000	5254.102	5254.102
40	Spectrogram 1	1	39.951958908	39.952956640	2627.300	5925.000	5254.102	5254.102
41	Spectrogram 1	1	39.952956640	39.953954372	2627.300	5925.000	5167.969	5167.969
42	Spectrogram 1	1	39.953954372	39.954952105	2627.300	5925.000	5167.969	5167.969
43	Spectrogram 1	1	39.954952105	39.955949837	2627.300	5925.000	5167.969	5167.969
44	Spectrogram 1	1	39.955949837	39.956947570	2627.300	5925.000	5167.969	5167.969
45	Spectrogram 1	1	39.956947570	39.957945302	2627.300	5925.000	5167.969	5167.969
46	Spectrogram 1	1	39.957945302	39.958943035	2627.300	5925.000	5167.969	5167.969
47	Spectrogram 1	1	39.958943035	39.959940767	2627.300	5925.000	5081.836	5081.836
48	Spectrogram 1	1	39.959940767	39.960938499	2627.300	5925.000	5081.836	5081.836
49	Spectrogram 1	1	39.960938499	39.961936232	2627.300	5925.000	5081.836	5081.836
50	Spectrogram 1	1	39.961936232	39.962933964	2627.300	5925.000	5081.836	5081.836
51	Spectrogram 1	1	39.962933964	39.963931697	2627.300	5925.000	5081.836	5081.836
52	Spectrogram 1	1	39.963931697	39.964929429	2627.300	5925.000	5081.836	5081.836
53	Spectrogram 1	1	39.964929429	39.965927162	2627.300	5925.000	5081.836	5081.836
54	Spectrogram 1	1	39.965927162	39.966924894	2627.300	5925.000	5081.836	5081.836
55	Spectrogram 1	1	39.966924894	39.967922626	2627.300	5925.000	5081.836	5081.836
56	Spectrogram 1	1	39.967922626	39.968920359	2627.300	5925.000	5081.836	5081.836
57	Spectrogram 1	1	39.968920359	39.969918091	2627.300	5925.000	5081.836	5081.836
58	Spectrogram 1	1	39.969918091	39.970915824	2627.300	5925.000	5081.836	5081.836
59	Spectrogram 1	1	39.970915824	39.971913556	2627.300	5925.000	5081.836	5081.836
60	Spectrogram 1	1	39.971913556	39.972911289	2627.300	5925.000	5081.836	5081.836
61	Spectrogram 1	1	39.972911289	39.973909021	2627.300	5925.000	5081.836	5081.836
62	Spectrogram 1	1	39.973909021	39.974906753	2627.300	5925.000	5081.836	5081.836
63	Spectrogram 1	1	39.974906753	39.975904486	2627.300	5925.000	5081.836	5081.836
64	Spectrogram 1	1	39.975904486	39.976902218	2627.300	5925.000	4823.438	4909.570
65	Spectrogram 1	1	39.976902218	39.977899951	2627.300	5925.000	4823.438	4909.570
66	Spectrogram 1	1	39.977899951	39.978897683	2627.300	5925.000	4823.438	4909.570
67	Spectrogram 1	1	39.978897683	39.979895416	2627.300	5925.000	4823.438	4909.570
68	Spectrogram 1	1	39.979895416	39.980893148	2627.300	5925.000	4823.438	4909.570
69	Spectrogram 1	1	39.980893148	39.981890880	2627.300	5925.000	4823.438	4909.570
70	Spectrogram 1	1	39.981890880	39.982888613	2627.300	5925.000	4737.305	4565.039
71	Spectrogram 1	1	39.982888613	39.983886345	2627.300	5925.000	4737.305	4565.039
72	Spectrogram 1	1	39.983886345	39.984884078	2627.300	5925.000	4737.305	4565.039
73	Spectrogram 1	1	39.984884078	39.985881810	2627.300	5925.000	4737.305	4565.039
74	Spectrogram 1	1	39.985881810	39.986879543	2627.300	5925.000	4737.305	4565.039
75	Spectrogram 1	1	39.986879543	39.987877275	2627.300	5925.000	4737.305	4565.039
76	Spectrogram 1	1	39.987877275	39.988875007	2627.300	5925.000	4995.703	5081.836
77	Spectrogram 1	1	39.988875007	39.989872740	2627.300	5925.000	4995.703	5081.836
78	Spectrogram 1	1	39.989872740	39.990870472	2627.300	5925.000	4995.703	5081.836
79	Spectrogram 1	1	39.990870472	39.991868205	2627.300	5925.000	4995.703	5081.836
80	Spectrogram 1	1	39.991868205	39.992865937	2627.300	5925.000	4995.703	5081.836
81	Spectrogram 1	1	39.992865937	39.993863670	2627.300	5925.000	4995.703	5081.836
82	Spectrogram 1	1	39.993863670	39.994861402	2627.300	5925.000	4995.703	4995.703
83	Spectrogram 1	1	39.994861402	39.995859134	2627.300	5925.000	4995.703	4995.703
84	Spectrogram 1	1	39.995859134	39.996856867	2627.300	5925.000	4995.703	4995.703
85	Spectrogram 1	1	39.996856867	39.997854599	2627.300	5925.000	4995.703	4995.703
86	Spectrogram 1	1	39.997854599	39.998852332	2627.300	5925.000	4995.703	4995.703
87	Spectrogram 1	1	39.998852332	39.999850064	2627.300	5925.000	5081.836	5081.836
88	Spectrogram 1	1	39.999850064	40.000847797	2627.300	5925.000	5081.836	5081.836
89	Spectrogram 1	1	40.000847797	40.001845529	2627.300	5925.000	5081.836	5081.836
90	Spectrogram 1	1	40.001845529	40.002843261	2627.300	5925.000	5081.836	5081.836
91	Spectrogram 1	1	40.002843261	40.003840994	2627.300	5925.000	5081.836	5081.836
92	Spectrogram 1	1	40.003840994	40.004838726	2627.300	5925.000	5081.836	5081.836
93	Spectrogram 1	1	40.004838726	40.005836459	2627.300	5925.000	5598.633	5598.633
94	Spectrogram 1	1	40.005836459	40.006834191	2627.300	5925.000	5598.633	5598.633
95	Spectrogram 1	1	40.006834191	40.007831923	2627.300	5925.000	5598.633	5598.633
96	Spectrogram 1	1	40.007831923	40.008829656	2627.300	5925.000	5598.633	5598.633
97	Spectrogram 1	1	40.008829656	40.009827388	2627.300	5925.000	5598.633	5598.633
98	Spectrogram 1	1	40.009827388	40.010825121	2627.300	5925.000	5598.633	5598.633
99	Spectrogram 1	1	40.010825121	40.011822853	2627.300	5925.000	5684.766	5684.766
100	Spectrogram 1	1	40.011822853	40.012820586	2627.300	5925.000	5684.766	5684.766
101	Spectrogram 1	1	40.012820586	40.013818318	2627.300	5925.000	5684.766	5684.766
102	Spectrogram 1	1	40.013818318	40.014816050	2627.300	5925.000	5684.766	5684.766
103	Spectrogram 1	1	40.014816050	40.015813783	2627.300	5925.000	5684.766	5684.766
104	Spectrogram 1	1	40.015813783	40.016811515	2627.300	5925.000	5684.766	5684.766
105	Spectrogram 1	1	40.016811515	40.017809248	2627.300	5925.000	5684.766	5770.898
106	Spectrogram 1	1	40.017809248	40.018806980	2627.300	5925.000	5684.766	5770.898
107	Spectrogram 1	1	40.018806980	40.019804713	2627.300	5925.000	5684.766	5770.898
108	Spectrogram 1	1	40.019804713	40.020802445	2627.300	5925.000	5684.766	5770.898
109	Spectrogram 1	1	40.020802445	40.021800177	2627.300	5925.000	5684.766	5770.898
110	Spectrogram 1	1	40.021800177	40.022797910	2627.300	5925.000	5684.766	5770.898
111	Spectrogram 1	1	40.022797910	40.023795642	2627.300	5925.000	3359.180	3186.914
112	Spectrogram 1	1	40.023795642	40.024793375	2627.300	5925.000	3359.180	3186.914
113	Spectrogram 1	1	40.024793375	40.025791107	2627.300	5925.000	3359.180	3186.914
114	Spectrogram 1	1	40.025791107	40.026788840	2627.300	5925.000	3359.180	3186.914
115	Spectrogram 1	1	40.026788840	40.027786572	2627.300	5925.000	3359.180	3186.914
116	Spectrogram 1	1	40.027786572	40.028784304	2627.300	5925.000	3359.180	3186.914
117	Spectrogram 1	1	40.028784304	40.029782037	2627.300	5925.000	3445.312	3445.312
118	Spectrogram 1	1	40.029782037	40.030779769	2627.300	5925.000	3445.312	3445.312
119	Spectrogram 1	1	40.030779769	40.031777502	2627.300	5925.000	3445.312	3445.312
120	Spectrogram 1	1	40.031777502	40.032775234	2627.300	5925.000	3445.312	3445.312
121	Spectrogram 1	1	40.032775234	40.033772967	2627.300	5925.000	3445.312	3445.312
122	Spectrogram 1	1	40.033772967	40.034770699	2627.300	5925.000	3703.711	3703.711
123	Spectrogram 1	1	40.034770699	40.035768431	2627.300	5925.000	3703.711	3703.711
124	Spectrogram 1	1	40.035768431	40.036766164	2627.300	5925.000	3703.711	3703.711
125	Spectrogram 1	1	40.036766164	40.037763896	2627.300	5925.000	3703.711	3703.711
126	Spectrogram 1	1	40.037763896	40.038761629	2627.300	5925.000	3703.711	3703.711
127	Spectrogram 1	1	40.038761629	40.039759361	2627.300	5925.000	3703.711	3703.711
128	Spectrogram 1	1	40.039759361	40.040757094	2627.300	5925.000	3789.844	3789.844
129	Spectrogram 1	1	40.040757094	40.041754826	2627.300	5925.000	3789.844	3789.844
130	Spectrogram 1	1	40.041754826	40.042752558	2627.300	5925.000	3789.844	3789.844
131	Spectrogram 1	1	40.042752558	40.043750291	2627.300	5925.000	3789.844	3789.844
132	Spectrogram 1	1	40.043750291	40.044748023	2627.300	5925.000	3789.844	3789.844
133	Spectrogram 1	1	40.044748023	40.045745756	2627.300	5925.000	3789.844	3789.844
134	Spectrogram 1	1	40.045745756	40.046743488	2627.300	5925.000	3789.844	3789.844
135	Spectrogram 1	1	40.046743488	40.047741221	2627.300	5925.000	3789.844	3789.844
136	Spectrogram 1	1	40.047741221	40.048738953	2627.300	5925.000	3789.844	3789.844
137	Spectrogram 1	1	40.048738953	40.049736685	2627.300	5925.000	3789.844	3789.844
138	Spectrogram 1	1	40.049736685	40.050734418	2627.300	5925.000	3789.844	3789.844
139	Spectrogram 1	1	40.050734418	40.051732150	2627.300	5925.000	3789.844	3789.844
140	Spectrogram 1	1	40.051732150	40.052729883	2627.300	5925.000	3875.977	3875.977
141	Spectrogram 1	1	40.052729883	40.053727615	2627.300	5925.000	3875.977	3875.977
142	Spectrogram 1	1	40.053727615	40.054725348	2627.300	5925.000	3875.977	3875.977
143	Spectrogram 1	1	40.054725348	40.055723080	2627.300	5925.000	3875.977	3875.977
144	Spectrogram 1	1	40.055723080	40.056720812	2627.300	5925.000	3875.977	3875.977
145	Spectrogram 1	1	40.056720812	40.057718545	2627.300	5925.000	3875.977	3875.977
146	Spectrogram 1	1	40.057718545	40.058716277	2627.300	5925.000	3875.977	3875.977
147	Spectrogram 1	1	40.058716277	40.059714010	2627.300	5925.000	3875.977	3875.977
148	Spectrogram 1	1	40.059714010	40.060711742	2627.300	5925.000	3875.977	3875.977
149	Spectrogram 1	1	40.060711742	40.061709475	2627.300	5925.000	3875.977	3875.977
150	Spectrogram 1	1	40.061709475	40.062707207	2627.300	5925.000	3875.977	3875.977
151	Spectrogram 1	1	40.062707207	40.063704939	2627.300	5925.000	3875.977	3875.977
152	Spectrogram 1	1	40.063704939	40.064702672	2627.300	5925.000	3875.977	3875.977
153	Spectrogram 1	1	40.064702672	40.065700404	2627.300	5925.000	3875.977	3875.977
154	Spectrogram 1	1	40.065700404	40.066698137	2627.300	5925.000	3875.977	3875.977
155	Spectrogram 1	1	40.066698137	40.067695869	2627.300	5925.000	3875.977	3875.977
156	Spectrogram 1	1	40.067695869	40.068693602	2627.300	5925.000	3875.977	3875.977
157	Spectrogram 1	1	40.068693602	40.069691334	2627.300	5925.000	3962.109	4048.242
158	Spectrogram 1	1	40.069691334	40.070689066	2627.300	5925.000	3962.109	4048.242
159	Spectrogram 1	1	40.070689066	40.071686799	2627.300	5925.000	3962.109	4048.242
160	Spectrogram 1	1	40.071686799	40.072684531	2627.300	5925.000	3962.109	4048.242
161	Spectrogram 1	1	40.072684531	40.073682264	2627.300	5925.000	3962.109	4048.242
162	Spectrogram 1	1	40.073682264	40.074679996	2627.300	5925.000	3962.109	4048.242
163	Spectrogram 1	1	40.074679996	40.075677728	2627.300	5925.000	3962.109	3962.109
164	Spectrogram 1	1	40.075677728	40.076675461	2627.300	5925.000	3962.109	3962.109
165	Spectrogram 1	1	40.076675461	40.077673193	2627.300	5925.000	3962.109	3962.109
166	Spectrogram 1	1	40.077673193	40.078670926	2627.300	5925.000	3962.109	3962.109
167	Spectrogram 1	1	40.078670926	40.079668658	2627.300	5925.000	3962.109	3962.109
168	Spectrogram 1	1	40.079668658	40.080666391	2627.300	5925.000	3962.109	3962.109
169	Spectrogram 1	1	40.080666391	40.081664123	2627.300	5925.000	3789.844	3789.844
170	Spectrogram 1	1	40.081664123	40.082661855	2627.300	5925.000	3789.844	3789.844
171	Spectrogram 1	1	40.082661855	40.083659588	2627.300	5925.000	3789.844	3789.844
172	Spectrogram 1	1	40.083659588	40.084657320	2627.300	5925.000	3789.844	3789.844
173	Spectrogram 1	1	40.084657320	40.085655053	2627.300	5925.000	3789.844	3789.844
174	Spectrogram 1	1	40.085655053	40.086652785	2627.300	5925.000	3789.844	3789.844
175	Spectrogram 1	1	40.086652785	40.087650518	2627.300	5925.000	3617.578	3617.578
176	Spectrogram 1	1	40.087650518	40.088648250	2627.300	5925.000	3617.578	3617.578
177	Spectrogram 1	1	40.088648250	40.089645982	2627.300	5925.000	3617.578	3617.578
178	Spectrogram 1	1	40.089645982	40.090643715	2627.300	5925.000	3617.578	3617.578
179	Spectrogram 1	1	40.090643715	40.091641447	2627.300	5925.000	3617.578	3617.578
180	Spectrogram 1	1	40.091641447	40.092639180	2627.300	5925.000	3617.578	3617.578
181	Spectrogram 1	1	40.092639180	40.093636912	2627.300	5925.000	3531.445	3531.445
182	Spectrogram 1	1	40.093636912	40.094634645	2627.300	5925.000	3531.445	3531.445
183	Spectrogram 1	1	40.094634645	40.095632377	2627.300	5925.000	3531.445	3531.445
184	Spectrogram 1	1	40.095632377	40.096630109	2627.300	5925.000	3531.445	3531.445
185	Spectrogram 1	1	40.096630109	40.097627842	2627.300	5925.000	3531.445	3531.445
186	Spectrogram 1	1	40.097627842	40.098625574	2627.300	5925.000	4823.438	4737.305
187	Spectrogram 1	1	40.098625574	40.099623307	2627.300	5925.000	4823.438	4737.305
188	Spectrogram 1	1	40.099623307	40.100621039	2627.300	5925.000	4823.438	4737.305
189	Spectrogram 1	1	40.100621039	40.101618772	2627.300	5925.000	4823.438	4737.305
190	Spectrogram 1	1	40.101618772	40.102616504	2627.300	5925.000	4823.438	4737.305
191	Spectrogram 1	1	40.102616504	40.103614236	2627.300	5925.000	4823.438	4737.305
192	Spectrogram 1	1	40.103614236	40.104611969	2627.300	5925.000	5684.766	5598.633
193	Spectrogram 1	1	40.104611969	40.105609701	2627.300	5925.000	5684.766	5598.633
194	Spectrogram 1	1	40.105609701	40.106607434	2627.300	5925.000	5684.766	5598.633
195	Spectrogram 1	1	40.106607434	40.107605166	2627.300	5925.000	5684.766	5598.633
196	Spectrogram 1	1	40.107605166	40.108602899	2627.300	5925.000	5684.766	5598.633
197	Spectrogram 1	1	40.108602899	40.109600631	2627.300	5925.000	5684.766	5598.633
198	Spectrogram 1	1	40.109600631	40.110598363	2627.300	5925.000	5598.633	5598.633
199	Spectrogram 1	1	40.110598363	40.111596096	2627.300	5925.000	5598.633	5598.633
200	Spectrogram 1	1	40.111596096	40.112593828	2627.300	5925.000	5598.633	5598.633
201	Spectrogram 1	1	40.112593828	40.113591561	2627.300	5925.000	5598.633	5598.633
202	Spectrogram 1	1	40.113591561	40.114589293	2627.300	5925.000	5598.633	5598.633
203	Spectrogram 1	1	40.114589293	40.115587026	2627.300	5925.000	5598.633	5598.633
204	Spectrogram 1	1	40.115587026	40.116584758	2627.300	5925.000	4909.570	4823.438
205	Spectrogram 1	1	40.116584758	40.117582490	2627.300	5925.000	4909.570	4823.438
206	Spectrogram 1	1	40.117582490	40.118580223	2627.300	5925.000	4909.570	4823.438
207	Spectrogram 1	1	40.118580223	40.119577955	2627.300	5925.000	4909.570	4823.438
208	Spectrogram 1	1	40.119577955	40.120575688	2627.300	5925.000	4909.570	4823.438
209	Spectrogram 1	1	40.120575688	40.121573420	2627.300	5925.000	4909.570	4823.438
210	Spectrogram 1	1	40.121573420	40.122571153	2627.300	5925.000	4565.039	4565.039
211	Spectrogram 1	1	40.122571153	40.123568885	2627.300	5925.000	4565.039	4565.039
212	Spectrogram 1	1	40.123568885	40.124566617	2627.300	5925.000	4565.039	4565.039
213	Spectrogram 1	1	40.124566617	40.125564350	2627.300	5925.000	4565.039	4565.039
214	Spectrogram 1	1	40.125564350	40.126562082	2627.300	5925.000	4565.039	4565.039
215	Spectrogram 1	1	40.126562082	40.127559815	2627.300	5925.000	4220.508	4220.508
216	Spectrogram 1	1	40.127559815	40.128557547	2627.300	5925.000	4220.508	4220.508
217	Spectrogram 1	1	40.128557547	40.129555280	2627.300	5925.000	4220.508	4220.508
218	Spectrogram 1	1	40.129555280	40.130553012	2627.300	5925.000	4220.508	4220.508
219	Spectrogram 1	1	40.130553012	40.131550744	2627.300	5925.000	4220.508	4220.508
220	Spectrogram 1	1	40.131550744	40.132548477	2627.300	5925.000	4220.508	4220.508
221	Spectrogram 1	1	40.132548477	40.133546209	2627.300	5925.000	3789.844	3789.844
222	Spectrogram 1	1	40.133546209	40.134543942	2627.300	5925.000	3789.844	3789.844
223	Spectrogram 1	1	40.134543942	40.135541674	2627.300	5925.000	3789.844	3789.844
224	Spectrogram 1	1	40.135541674	40.136539406	2627.300	5925.000	3789.844	3789.844
225	Spectrogram 1	1	40.136539406	40.137537139	2627.300	5925.000	3789.844	3789.844
226	Spectrogram 1	1	40.137537139	40.138534871	2627.300	5925.000	3789.844	3789.844
227	Spectrogram 1	1	40.138534871	40.139532604	2627.300	5925.000	3789.844	3703.711
228	Spectrogram 1	1	40.139532604	40.140530336	2627.300	5925.000	3789.844	3703.711
229	Spectrogram 1	1	40.140530336	40.141528069	2627.300	5925.000	3789.844	3703.711
230	Spectrogram 1	1	40.141528069	40.142525801	2627.300	5925.000	3789.844	3703.711
231	Spectrogram 1	1	40.142525801	40.143523533	2627.300	5925.000	3789.844	3703.711
232	Spectrogram 1	1	40.143523533	40.144521266	2627.300	5925.000	3789.844	3703.711
233	Spectrogram 1	1	40.144521266	40.144834152	2627.300	5925.000	4565.039	3875.977
