Selection	View	Channel	Begin Time (s)	End Time (s)	Low Freq (Hz)	High Freq (Hz)	Center Freq (Hz)	Peak Freq (Hz)
1	Spectrogram 1	1	16.781198474	16.782196206	2114.400	6494.200	4306.641	4306.641
2	Spectrogram 1	1	16.782196206	16.783193939	2114.400	6494.200	4306.641	4306.641
3	Spectrogram 1	1	16.783193939	16.784191671	2114.400	6494.200	4306.641	4306.641
4	Spectrogram 1	1	16.784191671	16.785189404	2114.400	6494.200	4306.641	4306.641
5	Spectrogram 1	1	16.785189404	16.786187136	2114.400	6494.200	4478.906	4995.703
6	Spectrogram 1	1	16.786187136	16.787184869	2114.400	6494.200	4478.906	4995.703
7	Spectrogram 1	1	16.787184869	16.788182601	2114.400	6494.200	4478.906	4995.703
8	Spectrogram 1	1	16.788182601	16.789180333	2114.400	6494.200	4478.906	4995.703
9	Spectrogram 1	1	16.789180333	16.790178066	2114.400	6494.200	4478.906	4995.703
10	Spectrogram 1	1	16.790178066	16.791175798	2114.400	6494.200	4478.906	4995.703
11	Spectrogram 1	1	16.791175798	16.792173531	2114.400	6494.200	4995.703	4995.703
12	Spectrogram 1	1	16.792173531	16.793171263	2114.400	6494.200	4995.703	4995.703
13	Spectrogram 1	1	16.793171263	16.794168996	2114.400	6494.200	4995.703	4995.703
14	Spectrogram 1	1	16.794168996	16.795166728	2114.400	6494.200	4995.703	4995.703
15	Spectrogram 1	1	16.795166728	16.796164460	2114.400	6494.200	4995.703	4995.703
16	Spectrogram 1	1	16.796164460	16.797162193	2114.400	6494.200	4995.703	4995.703
17	Spectrogram 1	1	16.797162193	16.798159925	2114.400	6494.200	5426.367	5426.367
18	Spectrogram 1	1	16.798159925	16.799157658	2114.400	6494.200	5426.367	5426.367
19	Spectrogram 1	1	16.799157658	16.800155390	2114.400	6494.200	5426.367	5426.367
20	Spectrogram 1	1	16.800155390	16.801153123	2114.400	6494.200	5426.367	5426.367
21	Spectrogram 1	1	16.801153123	16.802150855	2114.400	6494.200	5426.367	5426.367
22	Spectrogram 1	1	16.802150855	16.803148587	2114.400	6494.200	4995.703	4995.703
23	Spectrogram 1	1	16.803148587	16.804146320	2114.400	6494.200	4995.703	4995.703
24	Spectrogram 1	1	16.804146320	16.805144052	2114.400	6494.200	4995.703	4995.703
25	Spectrogram 1	1	16.805144052	16.806141785	2114.400	6494.200	4995.703	4995.703
26	Spectrogram 1	1	16.806141785	16.807139517	2114.400	6494.200	4995.703	4995.703
27	Spectrogram 1	1	16.807139517	16.808137250	2114.400	6494.200	4995.703	4995.703
28	Spectrogram 1	1	16.808137250	16.809134982	2114.400	6494.200	4995.703	4995.703
29	Spectrogram 1	1	16.809134982	16.810132714	2114.400	6494.200	4995.703	4995.703
30	Spectrogram 1	1	16.810132714	16.811130447	2114.400	6494.200	4995.703	4995.703
31	Spectrogram 1	1	16.811130447	16.812128179	2114.400	6494.200	4995.703	4995.703
32	Spectrogram 1	1	16.812128179	16.813125912	2114.400	6494.200	4995.703	4995.703
33	Spectrogram 1	1	16.813125912	16.814123644	2114.400	6494.200	4995.703	4995.703
34	Spectrogram 1	1	16.814123644	16.815121376	2114.400	6494.200	4737.305	4737.305
35	Spectrogram 1	1	16.815121376	16.816119109	2114.400	6494.200	4737.305	4737.305
36	Spectrogram 1	1	16.816119109	16.817116841	2114.400	6494.200	4737.305	4737.305
37	Spectrogram 1	1	16.817116841	16.818114574	2114.400	6494.200	4737.305	4737.305
38	Spectrogram 1	1	16.818114574	16.819112306	2114.400	6494.200	4737.305	4737.305
39	Spectrogram 1	1	16.819112306	16.820110039	2114.400	6494.200	4737.305	4737.305
40	Spectrogram 1	1	16.820110039	16.821107771	2114.400	6494.200	4995.703	4995.703
41	Spectrogram 1	1	16.821107771	16.822105503	2114.400	6494.200	4995.703	4995.703
42	Spectrogram 1	1	16.822105503	16.823103236	2114.400	6494.200	4995.703	4995.703
43	Spectrogram 1	1	16.823103236	16.824100968	2114.400	6494.200	4995.703	4995.703
44	Spectrogram 1	1	16.824100968	16.825098701	2114.400	6494.200	4995.703	4995.703
45	Spectrogram 1	1	16.825098701	16.826096433	2114.400	6494.200	4995.703	4995.703
46	Spectrogram 1	1	16.826096433	16.827094166	2114.400	6494.200	5081.836	5081.836
47	Spectrogram 1	1	16.827094166	16.828091898	2114.400	6494.200	5081.836	5081.836
48	Spectrogram 1	1	16.828091898	16.829089630	2114.400	6494.200	5081.836	5081.836
49	Spectrogram 1	1	16.829089630	16.830087363	2114.400	6494.200	5081.836	5081.836
50	Spectrogram 1	1	16.830087363	16.831085095	2114.400	6494.200	5081.836	5081.836
51	Spectrogram 1	1	16.831085095	16.832082828	2114.400	6494.200	5167.969	5167.969
52	Spectrogram 1	1	16.832082828	16.833080560	2114.400	6494.200	5167.969	5167.969
53	Spectrogram 1	1	16.833080560	16.834078293	2114.400	6494.200	5167.969	5167.969
54	Spectrogram 1	1	16.834078293	16.835076025	2114.400	6494.200	5167.969	5167.969
55	Spectrogram 1	1	16.835076025	16.836073757	2114.400	6494.200	5167.969	5167.969
56	Spectrogram 1	1	16.836073757	16.837071490	2114.400	6494.200	5167.969	5167.969
57	Spectrogram 1	1	16.837071490	16.838069222	2114.400	6494.200	5167.969	5167.969
58	Spectrogram 1	1	16.838069222	16.839066955	2114.400	6494.200	5167.969	5167.969
59	Spectrogram 1	1	16.839066955	16.840064687	2114.400	6494.200	5167.969	5167.969
60	Spectrogram 1	1	16.840064687	16.841062420	2114.400	6494.200	5167.969	5167.969
61	Spectrogram 1	1	16.841062420	16.842060152	2114.400	6494.200	5167.969	5167.969
62	Spectrogram 1	1	16.842060152	16.843057884	2114.400	6494.200	5167.969	5167.969
63	Spectrogram 1	1	16.843057884	16.844055617	2114.400	6494.200	5081.836	5081.836
64	Spectrogram 1	1	16.844055617	16.845053349	2114.400	6494.200	5081.836	5081.836
65	Spectrogram 1	1	16.845053349	16.846051082	2114.400	6494.200	5081.836	5081.836
66	Spectrogram 1	1	16.846051082	16.847048814	2114.400	6494.200	5081.836	5081.836
67	Spectrogram 1	1	16.847048814	16.848046547	2114.400	6494.200	5081.836	5081.836
68	Spectrogram 1	1	16.848046547	16.849044279	2114.400	6494.200	5081.836	5081.836
69	Spectrogram 1	1	16.849044279	16.850042011	2114.400	6494.200	4995.703	4995.703
70	Spectrogram 1	1	16.850042011	16.851039744	2114.400	6494.200	4995.703	4995.703
71	Spectrogram 1	1	16.851039744	16.852037476	2114.400	6494.200	4995.703	4995.703
72	Spectrogram 1	1	16.852037476	16.853035209	2114.400	6494.200	4995.703	4995.703
73	Spectrogram 1	1	16.853035209	16.854032941	2114.400	6494.200	4995.703	4995.703
74	Spectrogram 1	1	16.854032941	16.855030674	2114.400	6494.200	4995.703	4995.703
75	Spectrogram 1	1	16.855030674	16.856028406	2114.400	6494.200	4995.703	4995.703
76	Spectrogram 1	1	16.856028406	16.857026138	2114.400	6494.200	4995.703	4995.703
77	Spectrogram 1	1	16.857026138	16.858023871	2114.400	6494.200	4995.703	4995.703
78	Spectrogram 1	1	16.858023871	16.859021603	2114.400	6494.200	4995.703	4995.703
79	Spectrogram 1	1	16.859021603	16.860019336	2114.400	6494.200	4995.703	4995.703
80	Spectrogram 1	1	16.860019336	16.861017068	2114.400	6494.200	4995.703	4995.703
81	Spectrogram 1	1	16.861017068	16.862014801	2114.400	6494.200	5081.836	5167.969
82	Spectrogram 1	1	16.862014801	16.863012533	2114.400	6494.200	5081.836	5167.969
83	Spectrogram 1	1	16.863012533	16.864010265	2114.400	6494.200	5081.836	5167.969
84	Spectrogram 1	1	16.864010265	16.865007998	2114.400	6494.200	5081.836	5167.969
85	Spectrogram 1	1	16.865007998	16.866005730	2114.400	6494.200	5081.836	5167.969
86	Spectrogram 1	1	16.866005730	16.867003463	2114.400	6494.200	5167.969	5167.969
87	Spectrogram 1	1	16.867003463	16.868001195	2114.400	6494.200	5167.969	5167.969
88	Spectrogram 1	1	16.868001195	16.868998928	2114.400	6494.200	5167.969	5167.969
89	Spectrogram 1	1	16.868998928	16.869996660	2114.400	6494.200	5167.969	5167.969
90	Spectrogram 1	1	16.869996660	16.870994392	2114.400	6494.200	5167.969	5167.969
91	Spectrogram 1	1	16.870994392	16.871992125	2114.400	6494.200	5167.969	5167.969
92	Spectrogram 1	1	16.871992125	16.872989857	2114.400	6494.200	5081.836	5167.969
93	Spectrogram 1	1	16.872989857	16.873987590	2114.400	6494.200	5081.836	5167.969
94	Spectrogram 1	1	16.873987590	16.874985322	2114.400	6494.200	5081.836	5167.969
95	Spectrogram 1	1	16.874985322	16.875983054	2114.400	6494.200	5081.836	5167.969
96	Spectrogram 1	1	16.875983054	16.876980787	2114.400	6494.200	5081.836	5167.969
97	Spectrogram 1	1	16.876980787	16.877978519	2114.400	6494.200	5081.836	5167.969
98	Spectrogram 1	1	16.877978519	16.878976252	2114.400	6494.200	4823.438	4651.172
99	Spectrogram 1	1	16.878976252	16.879973984	2114.400	6494.200	4823.438	4651.172
100	Spectrogram 1	1	16.879973984	16.880971717	2114.400	6494.200	4823.438	4651.172
101	Spectrogram 1	1	16.880971717	16.881969449	2114.400	6494.200	4823.438	4651.172
102	Spectrogram 1	1	16.881969449	16.882967181	2114.400	6494.200	4823.438	4651.172
103	Spectrogram 1	1	16.882967181	16.883964914	2114.400	6494.200	4823.438	4651.172
104	Spectrogram 1	1	16.883964914	16.884962646	2114.400	6494.200	5598.633	5598.633
105	Spectrogram 1	1	16.884962646	16.885960379	2114.400	6494.200	5598.633	5598.633
106	Spectrogram 1	1	16.885960379	16.886958111	2114.400	6494.200	5598.633	5598.633
107	Spectrogram 1	1	16.886958111	16.887955844	2114.400	6494.200	5598.633	5598.633
108	Spectrogram 1	1	16.887955844	16.888953576	2114.400	6494.200	5598.633	5598.633
109	Spectrogram 1	1	16.888953576	16.889951308	2114.400	6494.200	5598.633	5598.633
110	Spectrogram 1	1	16.889951308	16.890949041	2114.400	6494.200	5684.766	5684.766
111	Spectrogram 1	1	16.890949041	16.891946773	2114.400	6494.200	5684.766	5684.766
112	Spectrogram 1	1	16.891946773	16.892944506	2114.400	6494.200	5684.766	5684.766
113	Spectrogram 1	1	16.892944506	16.893942238	2114.400	6494.200	5684.766	5684.766
114	Spectrogram 1	1	16.893942238	16.894939971	2114.400	6494.200	5684.766	5684.766
115	Spectrogram 1	1	16.894939971	16.895937703	2114.400	6494.200	3273.047	3186.914
116	Spectrogram 1	1	16.895937703	16.896935435	2114.400	6494.200	3273.047	3186.914
117	Spectrogram 1	1	16.896935435	16.897933168	2114.400	6494.200	3273.047	3186.914
118	Spectrogram 1	1	16.897933168	16.898930900	2114.400	6494.200	3273.047	3186.914
119	Spectrogram 1	1	16.898930900	16.899928633	2114.400	6494.200	3273.047	3186.914
120	Spectrogram 1	1	16.899928633	16.900926365	2114.400	6494.200	3273.047	3186.914
121	Spectrogram 1	1	16.900926365	16.901924098	2114.400	6494.200	3359.180	3273.047
122	Spectrogram 1	1	16.901924098	16.902921830	2114.400	6494.200	3359.180	3273.047
123	Spectrogram 1	1	16.902921830	16.903919562	2114.400	6494.200	3359.180	3273.047
124	Spectrogram 1	1	16.903919562	16.904917295	2114.400	6494.200	3359.180	3273.047
125	Spectrogram 1	1	16.904917295	16.905915027	2114.400	6494.200	3359.180	3273.047
126	Spectrogram 1	1	16.905915027	16.906912760	2114.400	6494.200	3359.180	3273.047
127	Spectrogram 1	1	16.906912760	16.907910492	2114.400	6494.200	3531.445	3531.445
128	Spectrogram 1	1	16.907910492	16.908908225	2114.400	6494.200	3531.445	3531.445
129	Spectrogram 1	1	16.908908225	16.909905957	2114.400	6494.200	3531.445	3531.445
130	Spectrogram 1	1	16.909905957	16.910903689	2114.400	6494.200	3531.445	3531.445
131	Spectrogram 1	1	16.910903689	16.911901422	2114.400	6494.200	3531.445	3531.445
132	Spectrogram 1	1	16.911901422	16.912899154	2114.400	6494.200	3531.445	3531.445
133	Spectrogram 1	1	16.912899154	16.913896887	2114.400	6494.200	3703.711	3703.711
134	Spectrogram 1	1	16.913896887	16.914894619	2114.400	6494.200	3703.711	3703.711
135	Spectrogram 1	1	16.914894619	16.915892352	2114.400	6494.200	3703.711	3703.711
136	Spectrogram 1	1	16.915892352	16.916890084	2114.400	6494.200	3703.711	3703.711
137	Spectrogram 1	1	16.916890084	16.917887816	2114.400	6494.200	3703.711	3703.711
138	Spectrogram 1	1	16.917887816	16.918885549	2114.400	6494.200	3703.711	3703.711
139	Spectrogram 1	1	16.918885549	16.919883281	2114.400	6494.200	3789.844	3789.844
140	Spectrogram 1	1	16.919883281	16.920881014	2114.400	6494.200	3789.844	3789.844
141	Spectrogram 1	1	16.920881014	16.921878746	2114.400	6494.200	3789.844	3789.844
142	Spectrogram 1	1	16.921878746	16.922876479	2114.400	6494.200	3789.844	3789.844
143	Spectrogram 1	1	16.922876479	16.923874211	2114.400	6494.200	3789.844	3789.844
144	Spectrogram 1	1	16.923874211	16.924871943	2114.400	6494.200	3789.844	3789.844
145	Spectrogram 1	1	16.924871943	16.925869676	2114.400	6494.200	3875.977	3875.977
146	Spectrogram 1	1	16.925869676	16.926867408	2114.400	6494.200	3875.977	3875.977
147	Spectrogram 1	1	16.926867408	16.927865141	2114.400	6494.200	3875.977	3875.977
148	Spectrogram 1	1	16.927865141	16.928862873	2114.400	6494.200	3875.977	3875.977
149	Spectrogram 1	1	16.928862873	16.929860606	2114.400	6494.200	3875.977	3875.977
150	Spectrogram 1	1	16.929860606	16.930858338	2114.400	6494.200	3962.109	3962.109
151	Spectrogram 1	1	16.930858338	16.931856070	2114.400	6494.200	3962.109	3962.109
152	Spectrogram 1	1	16.931856070	16.932853803	2114.400	6494.200	3962.109	3962.109
153	Spectrogram 1	1	16.932853803	16.933851535	2114.400	6494.200	3962.109	3962.109
154	Spectrogram 1	1	16.933851535	16.934849268	2114.400	6494.200	3962.109	3962.109
155	Spectrogram 1	1	16.934849268	16.935847000	2114.400	6494.200	3962.109	3962.109
156	Spectrogram 1	1	16.935847000	16.936844733	2114.400	6494.200	3962.109	3962.109
157	Spectrogram 1	1	16.936844733	16.937842465	2114.400	6494.200	3962.109	3962.109
158	Spectrogram 1	1	16.937842465	16.938840197	2114.400	6494.200	3962.109	3962.109
159	Spectrogram 1	1	16.938840197	16.939837930	2114.400	6494.200	3962.109	3962.109
160	Spectrogram 1	1	16.939837930	16.940835662	2114.400	6494.200	3962.109	3962.109
161	Spectrogram 1	1	16.940835662	16.941833395	2114.400	6494.200	3962.109	3962.109
162	Spectrogram 1	1	16.941833395	16.942831127	2114.400	6494.200	3962.109	3962.109
163	Spectrogram 1	1	16.942831127	16.943828859	2114.400	6494.200	3962.109	3962.109
164	Spectrogram 1	1	16.943828859	16.944826592	2114.400	6494.200	3962.109	3962.109
165	Spectrogram 1	1	16.944826592	16.945824324	2114.400	6494.200	3962.109	3962.109
166	Spectrogram 1	1	16.945824324	16.946822057	2114.400	6494.200	3962.109	3962.109
167	Spectrogram 1	1	16.946822057	16.947819789	2114.400	6494.200	3962.109	3962.109
168	Spectrogram 1	1	16.947819789	16.948817522	2114.400	6494.200	3875.977	3875.977
169	Spectrogram 1	1	16.948817522	16.949815254	2114.400	6494.200	3875.977	3875.977
170	Spectrogram 1	1	16.949815254	16.950812986	2114.400	6494.200	3875.977	3875.977
171	Spectrogram 1	1	16.950812986	16.951810719	2114.400	6494.200	3875.977	3875.977
172	Spectrogram 1	1	16.951810719	16.952808451	2114.400	6494.200	3875.977	3875.977
173	Spectrogram 1	1	16.952808451	16.953806184	2114.400	6494.200	3875.977	3875.977
174	Spectrogram 1	1	16.953806184	16.954803916	2114.400	6494.200	3789.844	3789.844
175	Spectrogram 1	1	16.954803916	16.955801649	2114.400	6494.200	3789.844	3789.844
176	Spectrogram 1	1	16.955801649	16.956799381	2114.400	6494.200	3789.844	3789.844
177	Spectrogram 1	1	16.956799381	16.957797113	2114.400	6494.200	3789.844	3789.844
178	Spectrogram 1	1	16.957797113	16.958794846	2114.400	6494.200	3789.844	3789.844
179	Spectrogram 1	1	16.958794846	16.959792578	2114.400	6494.200	3703.711	3703.711
180	Spectrogram 1	1	16.959792578	16.960790311	2114.400	6494.200	3703.711	3703.711
181	Spectrogram 1	1	16.960790311	16.961788043	2114.400	6494.200	3703.711	3703.711
182	Spectrogram 1	1	16.961788043	16.962785776	2114.400	6494.200	3703.711	3703.711
183	Spectrogram 1	1	16.962785776	16.963783508	2114.400	6494.200	3703.711	3703.711
184	Spectrogram 1	1	16.963783508	16.964781240	2114.400	6494.200	3703.711	3703.711
185	Spectrogram 1	1	16.964781240	16.965778973	2114.400	6494.200	3617.578	3531.445
186	Spectrogram 1	1	16.965778973	16.966776705	2114.400	6494.200	3617.578	3531.445
187	Spectrogram 1	1	16.966776705	16.967774438	2114.400	6494.200	3617.578	3531.445
188	Spectrogram 1	1	16.967774438	16.968772170	2114.400	6494.200	3617.578	3531.445
189	Spectrogram 1	1	16.968772170	16.969769903	2114.400	6494.200	3617.578	3531.445
190	Spectrogram 1	1	16.969769903	16.970767635	2114.400	6494.200	3617.578	3531.445
191	Spectrogram 1	1	16.970767635	16.971765367	2114.400	6494.200	3617.578	3617.578
192	Spectrogram 1	1	16.971765367	16.972763100	2114.400	6494.200	3617.578	3617.578
193	Spectrogram 1	1	16.972763100	16.973760832	2114.400	6494.200	3617.578	3617.578
194	Spectrogram 1	1	16.973760832	16.974758565	2114.400	6494.200	3617.578	3617.578
195	Spectrogram 1	1	16.974758565	16.975756297	2114.400	6494.200	3617.578	3617.578
196	Spectrogram 1	1	16.975756297	16.976754030	2114.400	6494.200	3617.578	3617.578
197	Spectrogram 1	1	16.976754030	16.977751762	2114.400	6494.200	4134.375	3962.109
198	Spectrogram 1	1	16.977751762	16.978749494	2114.400	6494.200	4134.375	3962.109
199	Spectrogram 1	1	16.978749494	16.979747227	2114.400	6494.200	4134.375	3962.109
200	Spectrogram 1	1	16.979747227	16.980744959	2114.400	6494.200	4134.375	3962.109
201	Spectrogram 1	1	16.980744959	16.981742692	2114.400	6494.200	4134.375	3962.109
202	Spectrogram 1	1	16.981742692	16.982740424	2114.400	6494.200	4134.375	3962.109
203	Spectrogram 1	1	16.982740424	16.983738157	2114.400	6494.200	5081.836	5081.836
204	Spectrogram 1	1	16.983738157	16.984735889	2114.400	6494.200	5081.836	5081.836
205	Spectrogram 1	1	16.984735889	16.985733621	2114.400	6494.200	5081.836	5081.836
206	Spectrogram 1	1	16.985733621	16.986731354	2114.400	6494.200	5081.836	5081.836
207	Spectrogram 1	1	16.986731354	16.987729086	2114.400	6494.200	5081.836	5081.836
208	Spectrogram 1	1	16.987729086	16.988726819	2114.400	6494.200	5081.836	5081.836
209	Spectrogram 1	1	16.988726819	16.989724551	2114.400	6494.200	5684.766	5770.898
210	Spectrogram 1	1	16.989724551	16.990722284	2114.400	6494.200	5684.766	5770.898
211	Spectrogram 1	1	16.990722284	16.991720016	2114.400	6494.200	5684.766	5770.898
212	Spectrogram 1	1	16.991720016	16.992717748	2114.400	6494.200	5684.766	5770.898
213	Spectrogram 1	1	16.992717748	16.993715481	2114.400	6494.200	5684.766	5770.898
214	Spectrogram 1	1	16.993715481	16.994713213	2114.400	6494.200	6029.297	5943.164
215	Spectrogram 1	1	16.994713213	16.995710946	2114.400	6494.200	6029.297	5943.164
216	Spectrogram 1	1	16.995710946	16.996708678	2114.400	6494.200	6029.297	5943.164
217	Spectrogram 1	1	16.996708678	16.997706411	2114.400	6494.200	6029.297	5943.164
218	Spectrogram 1	1	16.997706411	16.998704143	2114.400	6494.200	6029.297	5943.164
219	Spectrogram 1	1	16.998704143	16.999701875	2114.400	6494.200	6029.297	5943.164
220	Spectrogram 1	1	16.999701875	17.000699608	2114.400	6494.200	5770.898	5943.164
221	Spectrogram 1	1	17.000699608	17.001697340	2114.400	6494.200	5770.898	5943.164
222	Spectrogram 1	1	17.001697340	17.002695073	2114.400	6494.200	5770.898	5943.164
223	Spectrogram 1	1	17.002695073	17.003692805	2114.400	6494.200	5770.898	5943.164
224	Spectrogram 1	1	17.003692805	17.004690537	2114.400	6494.200	5770.898	5943.164
225	Spectrogram 1	1	17.004690537	17.005688270	2114.400	6494.200	5770.898	5943.164
226	Spectrogram 1	1	17.005688270	17.006686002	2114.400	6494.200	4995.703	4995.703
227	Spectrogram 1	1	17.006686002	17.007683735	2114.400	6494.200	4995.703	4995.703
228	Spectrogram 1	1	17.007683735	17.008681467	2114.400	6494.200	4995.703	4995.703
229	Spectrogram 1	1	17.008681467	17.009679200	2114.400	6494.200	4995.703	4995.703
230	Spectrogram 1	1	17.009679200	17.010676932	2114.400	6494.200	4995.703	4995.703
231	Spectrogram 1	1	17.010676932	17.011674664	2114.400	6494.200	4995.703	4995.703
232	Spectrogram 1	1	17.011674664	17.012672397	2114.400	6494.200	4478.906	4478.906
233	Spectrogram 1	1	17.012672397	17.013670129	2114.400	6494.200	4478.906	4478.906
234	Spectrogram 1	1	17.013670129	17.014667862	2114.400	6494.200	4478.906	4478.906
235	Spectrogram 1	1	17.014667862	17.015665594	2114.400	6494.200	4478.906	4478.906
236	Spectrogram 1	1	17.015665594	17.016663327	2114.400	6494.200	4478.906	4478.906
237	Spectrogram 1	1	17.016663327	17.017661059	2114.400	6494.200	4478.906	4478.906
238	Spectrogram 1	1	17.017661059	17.018658791	2114.400	6494.200	4565.039	4134.375
239	Spectrogram 1	1	17.018658791	17.019656524	2114.400	6494.200	4565.039	4134.375
240	Spectrogram 1	1	17.019656524	17.020402692	2114.400	6494.200	4565.039	4134.375
