Selection	View	Channel	Begin Time (s)	End Time (s)	Low Freq (Hz)	High Freq (Hz)	Center Freq (Hz)	Peak Freq (Hz)
1	Spectrogram 1	2	3.941512540	3.942510272	2862.100	5666.700	4565.039	4651.172
2	Spectrogram 1	2	3.942510272	3.943508005	2862.100	5666.700	4565.039	4651.172
3	Spectrogram 1	2	3.943508005	3.944505737	2862.100	5666.700	4565.039	4651.172
4	Spectrogram 1	2	3.944505737	3.945503470	2862.100	5666.700	4478.906	4565.039
5	Spectrogram 1	2	3.945503470	3.946501202	2862.100	5666.700	4478.906	4565.039
6	Spectrogram 1	2	3.946501202	3.947498935	2862.100	5666.700	4478.906	4565.039
7	Spectrogram 1	2	3.947498935	3.948496667	2862.100	5666.700	4478.906	4565.039
8	Spectrogram 1	2	3.948496667	3.949494399	2862.100	5666.700	4478.906	4565.039
9	Spectrogram 1	2	3.949494399	3.950492132	2862.100	5666.700	4478.906	4565.039
10	Spectrogram 1	2	3.950492132	3.951489864	2862.100	5666.700	4565.039	4565.039
11	Spectrogram 1	2	3.951489864	3.952487597	2862.100	5666.700	4565.039	4565.039
12	Spectrogram 1	2	3.952487597	3.953485329	2862.100	5666.700	4565.039	4565.039
13	Spectrogram 1	2	3.953485329	3.954483062	2862.100	5666.700	4565.039	4565.039
14	Spectrogram 1	2	3.954483062	3.955480794	2862.100	5666.700	4565.039	4565.039
15	Spectrogram 1	2	3.955480794	3.956478526	2862.100	5666.700	4565.039	4565.039
16	Spectrogram 1	2	3.956478526	3.957476259	2862.100	5666.700	5340.234	5340.234
17	Spectrogram 1	2	3.957476259	3.958473991	2862.100	5666.700	5340.234	5340.234
18	Spectrogram 1	2	3.958473991	3.959471724	2862.100	5666.700	5340.234	5340.234
19	Spectrogram 1	2	3.959471724	3.960469456	2862.100	5666.700	5340.234	5340.234
20	Spectrogram 1	2	3.960469456	3.961467189	2862.100	5666.700	5340.234	5340.234
21	Spectrogram 1	2	3.961467189	3.962464921	2862.100	5666.700	5254.102	5254.102
22	Spectrogram 1	2	3.962464921	3.963462653	2862.100	5666.700	5254.102	5254.102
23	Spectrogram 1	2	3.963462653	3.964460386	2862.100	5666.700	5254.102	5254.102
24	Spectrogram 1	2	3.964460386	3.965458118	2862.100	5666.700	5254.102	5254.102
25	Spectrogram 1	2	3.965458118	3.966455851	2862.100	5666.700	5254.102	5254.102
26	Spectrogram 1	2	3.966455851	3.967453583	2862.100	5666.700	5254.102	5254.102
27	Spectrogram 1	2	3.967453583	3.968451316	2862.100	5666.700	5167.969	5167.969
28	Spectrogram 1	2	3.968451316	3.969449048	2862.100	5666.700	5167.969	5167.969
29	Spectrogram 1	2	3.969449048	3.970446780	2862.100	5666.700	5167.969	5167.969
30	Spectrogram 1	2	3.970446780	3.971444513	2862.100	5666.700	5167.969	5167.969
31	Spectrogram 1	2	3.971444513	3.972442245	2862.100	5666.700	5167.969	5167.969
32	Spectrogram 1	2	3.972442245	3.973439978	2862.100	5666.700	5167.969	5167.969
33	Spectrogram 1	2	3.973439978	3.974437710	2862.100	5666.700	5167.969	5167.969
34	Spectrogram 1	2	3.974437710	3.975435442	2862.100	5666.700	5167.969	5167.969
35	Spectrogram 1	2	3.975435442	3.976433175	2862.100	5666.700	5167.969	5167.969
36	Spectrogram 1	2	3.976433175	3.977430907	2862.100	5666.700	5167.969	5167.969
37	Spectrogram 1	2	3.977430907	3.978428640	2862.100	5666.700	5167.969	5167.969
38	Spectrogram 1	2	3.978428640	3.979426372	2862.100	5666.700	5167.969	5167.969
39	Spectrogram 1	2	3.979426372	3.980424105	2862.100	5666.700	5167.969	5167.969
40	Spectrogram 1	2	3.980424105	3.981421837	2862.100	5666.700	5167.969	5167.969
41	Spectrogram 1	2	3.981421837	3.982419569	2862.100	5666.700	5167.969	5167.969
42	Spectrogram 1	2	3.982419569	3.983417302	2862.100	5666.700	5167.969	5167.969
43	Spectrogram 1	2	3.983417302	3.984415034	2862.100	5666.700	5167.969	5167.969
44	Spectrogram 1	2	3.984415034	3.985412767	2862.100	5666.700	5167.969	5167.969
45	Spectrogram 1	2	3.985412767	3.986410499	2862.100	5666.700	5081.836	5167.969
46	Spectrogram 1	2	3.986410499	3.987408232	2862.100	5666.700	5081.836	5167.969
47	Spectrogram 1	2	3.987408232	3.988405964	2862.100	5666.700	5081.836	5167.969
48	Spectrogram 1	2	3.988405964	3.989403696	2862.100	5666.700	5081.836	5167.969
49	Spectrogram 1	2	3.989403696	3.990401429	2862.100	5666.700	5081.836	5167.969
50	Spectrogram 1	2	3.990401429	3.991399161	2862.100	5666.700	5081.836	5167.969
51	Spectrogram 1	2	3.991399161	3.992396894	2862.100	5666.700	4909.570	4823.438
52	Spectrogram 1	2	3.992396894	3.993394626	2862.100	5666.700	4909.570	4823.438
53	Spectrogram 1	2	3.993394626	3.994392359	2862.100	5666.700	4909.570	4823.438
54	Spectrogram 1	2	3.994392359	3.995390091	2862.100	5666.700	4909.570	4823.438
55	Spectrogram 1	2	3.995390091	3.996387823	2862.100	5666.700	4909.570	4823.438
56	Spectrogram 1	2	3.996387823	3.997385556	2862.100	5666.700	5167.969	5167.969
57	Spectrogram 1	2	3.997385556	3.998383288	2862.100	5666.700	5167.969	5167.969
58	Spectrogram 1	2	3.998383288	3.999381021	2862.100	5666.700	5167.969	5167.969
59	Spectrogram 1	2	3.999381021	4.000378753	2862.100	5666.700	5167.969	5167.969
60	Spectrogram 1	2	4.000378753	4.001376486	2862.100	5666.700	5167.969	5167.969
61	Spectrogram 1	2	4.001376486	4.002374218	2862.100	5666.700	5167.969	5167.969
62	Spectrogram 1	2	4.002374218	4.003371950	2862.100	5666.700	5167.969	5167.969
63	Spectrogram 1	2	4.003371950	4.004369683	2862.100	5666.700	5167.969	5167.969
64	Spectrogram 1	2	4.004369683	4.005367415	2862.100	5666.700	5167.969	5167.969
65	Spectrogram 1	2	4.005367415	4.006365148	2862.100	5666.700	5167.969	5167.969
66	Spectrogram 1	2	4.006365148	4.007362880	2862.100	5666.700	5167.969	5167.969
67	Spectrogram 1	2	4.007362880	4.008360613	2862.100	5666.700	5167.969	5167.969
68	Spectrogram 1	2	4.008360613	4.009358345	2862.100	5666.700	5167.969	5167.969
69	Spectrogram 1	2	4.009358345	4.010356077	2862.100	5666.700	5167.969	5167.969
70	Spectrogram 1	2	4.010356077	4.011353810	2862.100	5666.700	5167.969	5167.969
71	Spectrogram 1	2	4.011353810	4.012351542	2862.100	5666.700	5167.969	5167.969
72	Spectrogram 1	2	4.012351542	4.013349275	2862.100	5666.700	5167.969	5167.969
73	Spectrogram 1	2	4.013349275	4.014347007	2862.100	5666.700	5167.969	5167.969
74	Spectrogram 1	2	4.014347007	4.015344740	2862.100	5666.700	5081.836	5167.969
75	Spectrogram 1	2	4.015344740	4.016342472	2862.100	5666.700	5081.836	5167.969
76	Spectrogram 1	2	4.016342472	4.017340204	2862.100	5666.700	5081.836	5167.969
77	Spectrogram 1	2	4.017340204	4.018337937	2862.100	5666.700	5081.836	5167.969
78	Spectrogram 1	2	4.018337937	4.019335669	2862.100	5666.700	5081.836	5167.969
79	Spectrogram 1	2	4.019335669	4.020333402	2862.100	5666.700	5081.836	5167.969
80	Spectrogram 1	2	4.020333402	4.021331134	2862.100	5666.700	4909.570	5167.969
81	Spectrogram 1	2	4.021331134	4.022328867	2862.100	5666.700	4909.570	5167.969
82	Spectrogram 1	2	4.022328867	4.023326599	2862.100	5666.700	4909.570	5167.969
83	Spectrogram 1	2	4.023326599	4.024324331	2862.100	5666.700	4909.570	5167.969
84	Spectrogram 1	2	4.024324331	4.025322064	2862.100	5666.700	4909.570	5167.969
85	Spectrogram 1	2	4.025322064	4.026319796	2862.100	5666.700	3186.914	3100.781
86	Spectrogram 1	2	4.026319796	4.027317529	2862.100	5666.700	3186.914	3100.781
87	Spectrogram 1	2	4.027317529	4.028315261	2862.100	5666.700	3186.914	3100.781
88	Spectrogram 1	2	4.028315261	4.029312994	2862.100	5666.700	3186.914	3100.781
89	Spectrogram 1	2	4.029312994	4.030310726	2862.100	5666.700	3186.914	3100.781
90	Spectrogram 1	2	4.030310726	4.031308458	2862.100	5666.700	3186.914	3100.781
91	Spectrogram 1	2	4.031308458	4.032306191	2862.100	5666.700	3273.047	3273.047
92	Spectrogram 1	2	4.032306191	4.033303923	2862.100	5666.700	3273.047	3273.047
93	Spectrogram 1	2	4.033303923	4.034301656	2862.100	5666.700	3273.047	3273.047
94	Spectrogram 1	2	4.034301656	4.035299388	2862.100	5666.700	3273.047	3273.047
95	Spectrogram 1	2	4.035299388	4.036297120	2862.100	5666.700	3273.047	3273.047
96	Spectrogram 1	2	4.036297120	4.037294853	2862.100	5666.700	3273.047	3273.047
97	Spectrogram 1	2	4.037294853	4.038292585	2862.100	5666.700	3445.312	3359.180
98	Spectrogram 1	2	4.038292585	4.039290318	2862.100	5666.700	3445.312	3359.180
99	Spectrogram 1	2	4.039290318	4.040288050	2862.100	5666.700	3445.312	3359.180
100	Spectrogram 1	2	4.040288050	4.041285783	2862.100	5666.700	3445.312	3359.180
101	Spectrogram 1	2	4.041285783	4.042283515	2862.100	5666.700	3445.312	3359.180
102	Spectrogram 1	2	4.042283515	4.043281247	2862.100	5666.700	3445.312	3359.180
103	Spectrogram 1	2	4.043281247	4.044278980	2862.100	5666.700	3531.445	3531.445
104	Spectrogram 1	2	4.044278980	4.045276712	2862.100	5666.700	3531.445	3531.445
105	Spectrogram 1	2	4.045276712	4.046274445	2862.100	5666.700	3531.445	3531.445
106	Spectrogram 1	2	4.046274445	4.047272177	2862.100	5666.700	3531.445	3531.445
107	Spectrogram 1	2	4.047272177	4.048269910	2862.100	5666.700	3531.445	3531.445
108	Spectrogram 1	2	4.048269910	4.049267642	2862.100	5666.700	3531.445	3531.445
109	Spectrogram 1	2	4.049267642	4.050265374	2862.100	5666.700	3617.578	3617.578
110	Spectrogram 1	2	4.050265374	4.051263107	2862.100	5666.700	3617.578	3617.578
111	Spectrogram 1	2	4.051263107	4.052260839	2862.100	5666.700	3617.578	3617.578
112	Spectrogram 1	2	4.052260839	4.053258572	2862.100	5666.700	3617.578	3617.578
113	Spectrogram 1	2	4.053258572	4.054256304	2862.100	5666.700	3617.578	3617.578
114	Spectrogram 1	2	4.054256304	4.055254037	2862.100	5666.700	3617.578	3617.578
115	Spectrogram 1	2	4.055254037	4.056251769	2862.100	5666.700	3703.711	3703.711
116	Spectrogram 1	2	4.056251769	4.057249501	2862.100	5666.700	3703.711	3703.711
117	Spectrogram 1	2	4.057249501	4.058247234	2862.100	5666.700	3703.711	3703.711
118	Spectrogram 1	2	4.058247234	4.059244966	2862.100	5666.700	3703.711	3703.711
119	Spectrogram 1	2	4.059244966	4.060242699	2862.100	5666.700	3703.711	3703.711
120	Spectrogram 1	2	4.060242699	4.061240431	2862.100	5666.700	3789.844	3789.844
121	Spectrogram 1	2	4.061240431	4.062238164	2862.100	5666.700	3789.844	3789.844
122	Spectrogram 1	2	4.062238164	4.063235896	2862.100	5666.700	3789.844	3789.844
123	Spectrogram 1	2	4.063235896	4.064233628	2862.100	5666.700	3789.844	3789.844
124	Spectrogram 1	2	4.064233628	4.065231361	2862.100	5666.700	3789.844	3789.844
125	Spectrogram 1	2	4.065231361	4.066229093	2862.100	5666.700	3789.844	3789.844
126	Spectrogram 1	2	4.066229093	4.067226826	2862.100	5666.700	3962.109	3962.109
127	Spectrogram 1	2	4.067226826	4.068224558	2862.100	5666.700	3962.109	3962.109
128	Spectrogram 1	2	4.068224558	4.069222291	2862.100	5666.700	3962.109	3962.109
129	Spectrogram 1	2	4.069222291	4.070220023	2862.100	5666.700	3962.109	3962.109
130	Spectrogram 1	2	4.070220023	4.071217755	2862.100	5666.700	3962.109	3962.109
131	Spectrogram 1	2	4.071217755	4.072215488	2862.100	5666.700	3962.109	3962.109
132	Spectrogram 1	2	4.072215488	4.073213220	2862.100	5666.700	3875.977	3875.977
133	Spectrogram 1	2	4.073213220	4.074210953	2862.100	5666.700	3875.977	3875.977
134	Spectrogram 1	2	4.074210953	4.075208685	2862.100	5666.700	3875.977	3875.977
135	Spectrogram 1	2	4.075208685	4.076206418	2862.100	5666.700	3875.977	3875.977
136	Spectrogram 1	2	4.076206418	4.077204150	2862.100	5666.700	3875.977	3875.977
137	Spectrogram 1	2	4.077204150	4.078201882	2862.100	5666.700	3875.977	3875.977
138	Spectrogram 1	2	4.078201882	4.079199615	2862.100	5666.700	3703.711	3703.711
139	Spectrogram 1	2	4.079199615	4.080197347	2862.100	5666.700	3703.711	3703.711
140	Spectrogram 1	2	4.080197347	4.081195080	2862.100	5666.700	3703.711	3703.711
141	Spectrogram 1	2	4.081195080	4.082192812	2862.100	5666.700	3703.711	3703.711
142	Spectrogram 1	2	4.082192812	4.083190545	2862.100	5666.700	3703.711	3703.711
143	Spectrogram 1	2	4.083190545	4.084188277	2862.100	5666.700	3703.711	3703.711
144	Spectrogram 1	2	4.084188277	4.085186009	2862.100	5666.700	3531.445	3445.312
145	Spectrogram 1	2	4.085186009	4.086183742	2862.100	5666.700	3531.445	3445.312
146	Spectrogram 1	2	4.086183742	4.087181474	2862.100	5666.700	3531.445	3445.312
147	Spectrogram 1	2	4.087181474	4.088179207	2862.100	5666.700	3531.445	3445.312
148	Spectrogram 1	2	4.088179207	4.089176939	2862.100	5666.700	3531.445	3445.312
149	Spectrogram 1	2	4.089176939	4.090174672	2862.100	5666.700	3617.578	3445.312
150	Spectrogram 1	2	4.090174672	4.091172404	2862.100	5666.700	3617.578	3445.312
151	Spectrogram 1	2	4.091172404	4.092170136	2862.100	5666.700	3617.578	3445.312
152	Spectrogram 1	2	4.092170136	4.093167869	2862.100	5666.700	3617.578	3445.312
153	Spectrogram 1	2	4.093167869	4.094165601	2862.100	5666.700	3617.578	3445.312
154	Spectrogram 1	2	4.094165601	4.095163334	2862.100	5666.700	3617.578	3445.312
155	Spectrogram 1	2	4.095163334	4.096161066	2862.100	5666.700	3617.578	3445.312
156	Spectrogram 1	2	4.096161066	4.097158799	2862.100	5666.700	3617.578	3445.312
157	Spectrogram 1	2	4.097158799	4.098156531	2862.100	5666.700	3617.578	3445.312
158	Spectrogram 1	2	4.098156531	4.099154263	2862.100	5666.700	3617.578	3445.312
159	Spectrogram 1	2	4.099154263	4.100151996	2862.100	5666.700	3617.578	3445.312
160	Spectrogram 1	2	4.100151996	4.101149728	2862.100	5666.700	3617.578	3445.312
161	Spectrogram 1	2	4.101149728	4.102147461	2862.100	5666.700	4478.906	4565.039
162	Spectrogram 1	2	4.102147461	4.103145193	2862.100	5666.700	4478.906	4565.039
163	Spectrogram 1	2	4.103145193	4.104142925	2862.100	5666.700	4478.906	4565.039
164	Spectrogram 1	2	4.104142925	4.105140658	2862.100	5666.700	4478.906	4565.039
165	Spectrogram 1	2	4.105140658	4.106138390	2862.100	5666.700	4478.906	4565.039
166	Spectrogram 1	2	4.106138390	4.107136123	2862.100	5666.700	4478.906	4565.039
167	Spectrogram 1	2	4.107136123	4.108133855	2862.100	5666.700	5340.234	5340.234
168	Spectrogram 1	2	4.108133855	4.109131588	2862.100	5666.700	5340.234	5340.234
169	Spectrogram 1	2	4.109131588	4.110129320	2862.100	5666.700	5340.234	5340.234
170	Spectrogram 1	2	4.110129320	4.111127052	2862.100	5666.700	5340.234	5340.234
171	Spectrogram 1	2	4.111127052	4.112124785	2862.100	5666.700	5340.234	5340.234
172	Spectrogram 1	2	4.112124785	4.113122517	2862.100	5666.700	5340.234	5340.234
173	Spectrogram 1	2	4.113122517	4.114120250	2862.100	5666.700	4651.172	4651.172
174	Spectrogram 1	2	4.114120250	4.115117982	2862.100	5666.700	4651.172	4651.172
175	Spectrogram 1	2	4.115117982	4.116115715	2862.100	5666.700	4651.172	4651.172
176	Spectrogram 1	2	4.116115715	4.117113447	2862.100	5666.700	4651.172	4651.172
177	Spectrogram 1	2	4.117113447	4.118111179	2862.100	5666.700	4651.172	4651.172
178	Spectrogram 1	2	4.118111179	4.119108912	2862.100	5666.700	4651.172	4651.172
179	Spectrogram 1	2	4.119108912	4.120106644	2862.100	5666.700	4306.641	4306.641
180	Spectrogram 1	2	4.120106644	4.121104377	2862.100	5666.700	4306.641	4306.641
181	Spectrogram 1	2	4.121104377	4.122102109	2862.100	5666.700	4306.641	4306.641
182	Spectrogram 1	2	4.122102109	4.123099842	2862.100	5666.700	4306.641	4306.641
183	Spectrogram 1	2	4.123099842	4.124097574	2862.100	5666.700	4306.641	4306.641
184	Spectrogram 1	2	4.124097574	4.125095306	2862.100	5666.700	3875.977	3789.844
185	Spectrogram 1	2	4.125095306	4.126093039	2862.100	5666.700	3875.977	3789.844
186	Spectrogram 1	2	4.126093039	4.127090771	2862.100	5666.700	3875.977	3789.844
187	Spectrogram 1	2	4.127090771	4.128088504	2862.100	5666.700	3875.977	3789.844
188	Spectrogram 1	2	4.128088504	4.129086236	2862.100	5666.700	3875.977	3789.844
189	Spectrogram 1	2	4.129086236	4.130083969	2862.100	5666.700	3875.977	3789.844
190	Spectrogram 1	2	4.130083969	4.131081701	2862.100	5666.700	3703.711	3617.578
191	Spectrogram 1	2	4.131081701	4.132079433	2862.100	5666.700	3703.711	3617.578
192	Spectrogram 1	2	4.132079433	4.132371309	2862.100	5666.700	3703.711	3617.578
