Selection	View	Channel	Begin Time (s)	End Time (s)	Low Freq (Hz)	High Freq (Hz)	Center Freq (Hz)	Peak Freq (Hz)
1	Spectrogram 1	1	120.829437905	120.830435637	2318.700	6256.200	4478.906	4565.039
2	Spectrogram 1	1	120.830435637	120.831433370	2318.700	6256.200	4478.906	4565.039
3	Spectrogram 1	1	120.831433370	120.832431102	2318.700	6256.200	4478.906	4565.039
4	Spectrogram 1	1	120.832431102	120.833428835	2318.700	6256.200	4478.906	4565.039
5	Spectrogram 1	1	120.833428835	120.834426567	2318.700	6256.200	4392.773	3703.711
6	Spectrogram 1	1	120.834426567	120.835424300	2318.700	6256.200	4392.773	3703.711
7	Spectrogram 1	1	120.835424300	120.836422032	2318.700	6256.200	4392.773	3703.711
8	Spectrogram 1	1	120.836422032	120.837419764	2318.700	6256.200	4392.773	3703.711
9	Spectrogram 1	1	120.837419764	120.838417497	2318.700	6256.200	4392.773	3703.711
10	Spectrogram 1	1	120.838417497	120.839415229	2318.700	6256.200	4392.773	3703.711
11	Spectrogram 1	1	120.839415229	120.840412962	2318.700	6256.200	4909.570	4995.703
12	Spectrogram 1	1	120.840412962	120.841410694	2318.700	6256.200	4909.570	4995.703
13	Spectrogram 1	1	120.841410694	120.842408427	2318.700	6256.200	4909.570	4995.703
14	Spectrogram 1	1	120.842408427	120.843406159	2318.700	6256.200	4909.570	4995.703
15	Spectrogram 1	1	120.843406159	120.844403891	2318.700	6256.200	4909.570	4995.703
16	Spectrogram 1	1	120.844403891	120.845401624	2318.700	6256.200	4909.570	4995.703
17	Spectrogram 1	1	120.845401624	120.846399356	2318.700	6256.200	5081.836	4995.703
18	Spectrogram 1	1	120.846399356	120.847397089	2318.700	6256.200	5081.836	4995.703
19	Spectrogram 1	1	120.847397089	120.848394821	2318.700	6256.200	5081.836	4995.703
20	Spectrogram 1	1	120.848394821	120.849392554	2318.700	6256.200	5081.836	4995.703
21	Spectrogram 1	1	120.849392554	120.850390286	2318.700	6256.200	5081.836	4995.703
22	Spectrogram 1	1	120.850390286	120.851388018	2318.700	6256.200	5081.836	4995.703
23	Spectrogram 1	1	120.851388018	120.852385751	2318.700	6256.200	4909.570	4909.570
24	Spectrogram 1	1	120.852385751	120.853383483	2318.700	6256.200	4909.570	4909.570
25	Spectrogram 1	1	120.853383483	120.854381216	2318.700	6256.200	4909.570	4909.570
26	Spectrogram 1	1	120.854381216	120.855378948	2318.700	6256.200	4909.570	4909.570
27	Spectrogram 1	1	120.855378948	120.856376681	2318.700	6256.200	4909.570	4909.570
28	Spectrogram 1	1	120.856376681	120.857374413	2318.700	6256.200	4909.570	4909.570
29	Spectrogram 1	1	120.857374413	120.858372145	2318.700	6256.200	4909.570	5081.836
30	Spectrogram 1	1	120.858372145	120.859369878	2318.700	6256.200	4909.570	5081.836
31	Spectrogram 1	1	120.859369878	120.860367610	2318.700	6256.200	4909.570	5081.836
32	Spectrogram 1	1	120.860367610	120.861365343	2318.700	6256.200	4909.570	5081.836
33	Spectrogram 1	1	120.861365343	120.862363075	2318.700	6256.200	4909.570	5081.836
34	Spectrogram 1	1	120.862363075	120.863360807	2318.700	6256.200	4651.172	4651.172
35	Spectrogram 1	1	120.863360807	120.864358540	2318.700	6256.200	4651.172	4651.172
36	Spectrogram 1	1	120.864358540	120.865356272	2318.700	6256.200	4651.172	4651.172
37	Spectrogram 1	1	120.865356272	120.866354005	2318.700	6256.200	4651.172	4651.172
38	Spectrogram 1	1	120.866354005	120.867351737	2318.700	6256.200	4651.172	4651.172
39	Spectrogram 1	1	120.867351737	120.868349470	2318.700	6256.200	4651.172	4651.172
40	Spectrogram 1	1	120.868349470	120.869347202	2318.700	6256.200	4995.703	4995.703
41	Spectrogram 1	1	120.869347202	120.870344934	2318.700	6256.200	4995.703	4995.703
42	Spectrogram 1	1	120.870344934	120.871342667	2318.700	6256.200	4995.703	4995.703
43	Spectrogram 1	1	120.871342667	120.872340399	2318.700	6256.200	4995.703	4995.703
44	Spectrogram 1	1	120.872340399	120.873338132	2318.700	6256.200	4995.703	4995.703
45	Spectrogram 1	1	120.873338132	120.874335864	2318.700	6256.200	4995.703	4995.703
46	Spectrogram 1	1	120.874335864	120.875333597	2318.700	6256.200	4995.703	5081.836
47	Spectrogram 1	1	120.875333597	120.876331329	2318.700	6256.200	4995.703	5081.836
48	Spectrogram 1	1	120.876331329	120.877329061	2318.700	6256.200	4995.703	5081.836
49	Spectrogram 1	1	120.877329061	120.878326794	2318.700	6256.200	4995.703	5081.836
50	Spectrogram 1	1	120.878326794	120.879324526	2318.700	6256.200	4995.703	5081.836
51	Spectrogram 1	1	120.879324526	120.880322259	2318.700	6256.200	4995.703	5081.836
52	Spectrogram 1	1	120.880322259	120.881319991	2318.700	6256.200	4737.305	4909.570
53	Spectrogram 1	1	120.881319991	120.882317724	2318.700	6256.200	4737.305	4909.570
54	Spectrogram 1	1	120.882317724	120.883315456	2318.700	6256.200	4737.305	4909.570
55	Spectrogram 1	1	120.883315456	120.884313188	2318.700	6256.200	4737.305	4909.570
56	Spectrogram 1	1	120.884313188	120.885310921	2318.700	6256.200	4737.305	4909.570
57	Spectrogram 1	1	120.885310921	120.886308653	2318.700	6256.200	4737.305	4909.570
58	Spectrogram 1	1	120.886308653	120.887306386	2318.700	6256.200	4737.305	4651.172
59	Spectrogram 1	1	120.887306386	120.888304118	2318.700	6256.200	4737.305	4651.172
60	Spectrogram 1	1	120.888304118	120.889301851	2318.700	6256.200	4737.305	4651.172
61	Spectrogram 1	1	120.889301851	120.890299583	2318.700	6256.200	4737.305	4651.172
62	Spectrogram 1	1	120.890299583	120.891297315	2318.700	6256.200	4737.305	4651.172
63	Spectrogram 1	1	120.891297315	120.892295048	2318.700	6256.200	4737.305	4737.305
64	Spectrogram 1	1	120.892295048	120.893292780	2318.700	6256.200	4737.305	4737.305
65	Spectrogram 1	1	120.893292780	120.894290513	2318.700	6256.200	4737.305	4737.305
66	Spectrogram 1	1	120.894290513	120.895288245	2318.700	6256.200	4737.305	4737.305
67	Spectrogram 1	1	120.895288245	120.896285978	2318.700	6256.200	4737.305	4737.305
68	Spectrogram 1	1	120.896285978	120.897283710	2318.700	6256.200	4737.305	4737.305
69	Spectrogram 1	1	120.897283710	120.898281442	2318.700	6256.200	4651.172	4651.172
70	Spectrogram 1	1	120.898281442	120.899279175	2318.700	6256.200	4651.172	4651.172
71	Spectrogram 1	1	120.899279175	120.900276907	2318.700	6256.200	4651.172	4651.172
72	Spectrogram 1	1	120.900276907	120.901274640	2318.700	6256.200	4651.172	4651.172
73	Spectrogram 1	1	120.901274640	120.902272372	2318.700	6256.200	4651.172	4651.172
74	Spectrogram 1	1	120.902272372	120.903270105	2318.700	6256.200	4651.172	4651.172
75	Spectrogram 1	1	120.903270105	120.904267837	2318.700	6256.200	4737.305	4737.305
76	Spectrogram 1	1	120.904267837	120.905265569	2318.700	6256.200	4737.305	4737.305
77	Spectrogram 1	1	120.905265569	120.906263302	2318.700	6256.200	4737.305	4737.305
78	Spectrogram 1	1	120.906263302	120.907261034	2318.700	6256.200	4737.305	4737.305
79	Spectrogram 1	1	120.907261034	120.908258767	2318.700	6256.200	4737.305	4737.305
80	Spectrogram 1	1	120.908258767	120.909256499	2318.700	6256.200	4737.305	4737.305
81	Spectrogram 1	1	120.909256499	120.910254232	2318.700	6256.200	4737.305	4737.305
82	Spectrogram 1	1	120.910254232	120.911251964	2318.700	6256.200	4737.305	4737.305
83	Spectrogram 1	1	120.911251964	120.912249696	2318.700	6256.200	4737.305	4737.305
84	Spectrogram 1	1	120.912249696	120.913247429	2318.700	6256.200	4737.305	4737.305
85	Spectrogram 1	1	120.913247429	120.914245161	2318.700	6256.200	4737.305	4737.305
86	Spectrogram 1	1	120.914245161	120.915242894	2318.700	6256.200	4737.305	4737.305
87	Spectrogram 1	1	120.915242894	120.916240626	2318.700	6256.200	4737.305	4737.305
88	Spectrogram 1	1	120.916240626	120.917238359	2318.700	6256.200	4737.305	4737.305
89	Spectrogram 1	1	120.917238359	120.918236091	2318.700	6256.200	4737.305	4737.305
90	Spectrogram 1	1	120.918236091	120.919233823	2318.700	6256.200	4737.305	4737.305
91	Spectrogram 1	1	120.919233823	120.920231556	2318.700	6256.200	4737.305	4737.305
92	Spectrogram 1	1	120.920231556	120.921229288	2318.700	6256.200	4737.305	4737.305
93	Spectrogram 1	1	120.921229288	120.922227021	2318.700	6256.200	4737.305	4737.305
94	Spectrogram 1	1	120.922227021	120.923224753	2318.700	6256.200	4737.305	4737.305
95	Spectrogram 1	1	120.923224753	120.924222485	2318.700	6256.200	4737.305	4737.305
96	Spectrogram 1	1	120.924222485	120.925220218	2318.700	6256.200	4737.305	4737.305
97	Spectrogram 1	1	120.925220218	120.926217950	2318.700	6256.200	4737.305	4737.305
98	Spectrogram 1	1	120.926217950	120.927215683	2318.700	6256.200	4737.305	4737.305
99	Spectrogram 1	1	120.927215683	120.928213415	2318.700	6256.200	4737.305	4737.305
100	Spectrogram 1	1	120.928213415	120.929211148	2318.700	6256.200	4737.305	4737.305
101	Spectrogram 1	1	120.929211148	120.930208880	2318.700	6256.200	4737.305	4737.305
102	Spectrogram 1	1	120.930208880	120.931206612	2318.700	6256.200	4737.305	4737.305
103	Spectrogram 1	1	120.931206612	120.932204345	2318.700	6256.200	4737.305	4737.305
104	Spectrogram 1	1	120.932204345	120.933202077	2318.700	6256.200	4823.438	4823.438
105	Spectrogram 1	1	120.933202077	120.934199810	2318.700	6256.200	4823.438	4823.438
106	Spectrogram 1	1	120.934199810	120.935197542	2318.700	6256.200	4823.438	4823.438
107	Spectrogram 1	1	120.935197542	120.936195275	2318.700	6256.200	4823.438	4823.438
108	Spectrogram 1	1	120.936195275	120.937193007	2318.700	6256.200	4823.438	4823.438
109	Spectrogram 1	1	120.937193007	120.938190739	2318.700	6256.200	4823.438	4823.438
110	Spectrogram 1	1	120.938190739	120.939188472	2318.700	6256.200	4565.039	4565.039
111	Spectrogram 1	1	120.939188472	120.940186204	2318.700	6256.200	4565.039	4565.039
112	Spectrogram 1	1	120.940186204	120.941183937	2318.700	6256.200	4565.039	4565.039
113	Spectrogram 1	1	120.941183937	120.942181669	2318.700	6256.200	4565.039	4565.039
114	Spectrogram 1	1	120.942181669	120.943179402	2318.700	6256.200	4565.039	4565.039
115	Spectrogram 1	1	120.943179402	120.944177134	2318.700	6256.200	4565.039	4565.039
116	Spectrogram 1	1	120.944177134	120.945174866	2318.700	6256.200	4737.305	5254.102
117	Spectrogram 1	1	120.945174866	120.946172599	2318.700	6256.200	4737.305	5254.102
118	Spectrogram 1	1	120.946172599	120.947170331	2318.700	6256.200	4737.305	5254.102
119	Spectrogram 1	1	120.947170331	120.948168064	2318.700	6256.200	4737.305	5254.102
120	Spectrogram 1	1	120.948168064	120.949165796	2318.700	6256.200	4737.305	5254.102
121	Spectrogram 1	1	120.949165796	120.950163529	2318.700	6256.200	4737.305	5254.102
122	Spectrogram 1	1	120.950163529	120.951161261	2318.700	6256.200	4565.039	4565.039
123	Spectrogram 1	1	120.951161261	120.952158993	2318.700	6256.200	4565.039	4565.039
124	Spectrogram 1	1	120.952158993	120.953156726	2318.700	6256.200	4565.039	4565.039
125	Spectrogram 1	1	120.953156726	120.954154458	2318.700	6256.200	4565.039	4565.039
126	Spectrogram 1	1	120.954154458	120.955152191	2318.700	6256.200	4565.039	4565.039
127	Spectrogram 1	1	120.955152191	120.956149923	2318.700	6256.200	3617.578	3617.578
128	Spectrogram 1	1	120.956149923	120.957147656	2318.700	6256.200	3617.578	3617.578
129	Spectrogram 1	1	120.957147656	120.958145388	2318.700	6256.200	3617.578	3617.578
130	Spectrogram 1	1	120.958145388	120.959143120	2318.700	6256.200	3617.578	3617.578
131	Spectrogram 1	1	120.959143120	120.960140853	2318.700	6256.200	3617.578	3617.578
132	Spectrogram 1	1	120.960140853	120.961138585	2318.700	6256.200	3617.578	3617.578
133	Spectrogram 1	1	120.961138585	120.962136318	2318.700	6256.200	3789.844	3789.844
134	Spectrogram 1	1	120.962136318	120.963134050	2318.700	6256.200	3789.844	3789.844
135	Spectrogram 1	1	120.963134050	120.964131783	2318.700	6256.200	3789.844	3789.844
136	Spectrogram 1	1	120.964131783	120.965129515	2318.700	6256.200	3789.844	3789.844
137	Spectrogram 1	1	120.965129515	120.966127247	2318.700	6256.200	3789.844	3789.844
138	Spectrogram 1	1	120.966127247	120.967124980	2318.700	6256.200	3789.844	3789.844
139	Spectrogram 1	1	120.967124980	120.968122712	2318.700	6256.200	3789.844	3789.844
140	Spectrogram 1	1	120.968122712	120.969120445	2318.700	6256.200	3789.844	3789.844
141	Spectrogram 1	1	120.969120445	120.970118177	2318.700	6256.200	3789.844	3789.844
142	Spectrogram 1	1	120.970118177	120.971115910	2318.700	6256.200	3789.844	3789.844
143	Spectrogram 1	1	120.971115910	120.972113642	2318.700	6256.200	3789.844	3789.844
144	Spectrogram 1	1	120.972113642	120.973111374	2318.700	6256.200	3789.844	3789.844
145	Spectrogram 1	1	120.973111374	120.974109107	2318.700	6256.200	3789.844	3789.844
146	Spectrogram 1	1	120.974109107	120.975106839	2318.700	6256.200	3789.844	3789.844
147	Spectrogram 1	1	120.975106839	120.976104572	2318.700	6256.200	3789.844	3789.844
148	Spectrogram 1	1	120.976104572	120.977102304	2318.700	6256.200	3789.844	3789.844
149	Spectrogram 1	1	120.977102304	120.978100037	2318.700	6256.200	3789.844	3789.844
150	Spectrogram 1	1	120.978100037	120.979097769	2318.700	6256.200	3789.844	3789.844
151	Spectrogram 1	1	120.979097769	120.980095501	2318.700	6256.200	3875.977	3875.977
152	Spectrogram 1	1	120.980095501	120.981093234	2318.700	6256.200	3875.977	3875.977
153	Spectrogram 1	1	120.981093234	120.982090966	2318.700	6256.200	3875.977	3875.977
154	Spectrogram 1	1	120.982090966	120.983088699	2318.700	6256.200	3875.977	3875.977
155	Spectrogram 1	1	120.983088699	120.984086431	2318.700	6256.200	3875.977	3875.977
156	Spectrogram 1	1	120.984086431	120.985084164	2318.700	6256.200	3875.977	3875.977
157	Spectrogram 1	1	120.985084164	120.986081896	2318.700	6256.200	3875.977	3875.977
158	Spectrogram 1	1	120.986081896	120.987079628	2318.700	6256.200	3875.977	3875.977
159	Spectrogram 1	1	120.987079628	120.988077361	2318.700	6256.200	3875.977	3875.977
160	Spectrogram 1	1	120.988077361	120.989075093	2318.700	6256.200	3875.977	3875.977
161	Spectrogram 1	1	120.989075093	120.990072826	2318.700	6256.200	3875.977	3875.977
162	Spectrogram 1	1	120.990072826	120.991070558	2318.700	6256.200	3962.109	3962.109
163	Spectrogram 1	1	120.991070558	120.992068290	2318.700	6256.200	3962.109	3962.109
164	Spectrogram 1	1	120.992068290	120.993066023	2318.700	6256.200	3962.109	3962.109
165	Spectrogram 1	1	120.993066023	120.994063755	2318.700	6256.200	3962.109	3962.109
166	Spectrogram 1	1	120.994063755	120.995061488	2318.700	6256.200	3962.109	3962.109
167	Spectrogram 1	1	120.995061488	120.996059220	2318.700	6256.200	3962.109	3962.109
168	Spectrogram 1	1	120.996059220	120.997056953	2318.700	6256.200	3875.977	3875.977
169	Spectrogram 1	1	120.997056953	120.998054685	2318.700	6256.200	3875.977	3875.977
170	Spectrogram 1	1	120.998054685	120.999052417	2318.700	6256.200	3875.977	3875.977
171	Spectrogram 1	1	120.999052417	121.000050150	2318.700	6256.200	3875.977	3875.977
172	Spectrogram 1	1	121.000050150	121.001047882	2318.700	6256.200	3875.977	3875.977
173	Spectrogram 1	1	121.001047882	121.002045615	2318.700	6256.200	3875.977	3875.977
174	Spectrogram 1	1	121.002045615	121.003043347	2318.700	6256.200	3875.977	3875.977
175	Spectrogram 1	1	121.003043347	121.004041080	2318.700	6256.200	3875.977	3875.977
176	Spectrogram 1	1	121.004041080	121.005038812	2318.700	6256.200	3875.977	3875.977
177	Spectrogram 1	1	121.005038812	121.006036544	2318.700	6256.200	3875.977	3875.977
178	Spectrogram 1	1	121.006036544	121.007034277	2318.700	6256.200	3875.977	3875.977
179	Spectrogram 1	1	121.007034277	121.008032009	2318.700	6256.200	3875.977	3875.977
180	Spectrogram 1	1	121.008032009	121.009029742	2318.700	6256.200	3962.109	3962.109
181	Spectrogram 1	1	121.009029742	121.010027474	2318.700	6256.200	3962.109	3962.109
182	Spectrogram 1	1	121.010027474	121.011025207	2318.700	6256.200	3962.109	3962.109
183	Spectrogram 1	1	121.011025207	121.012022939	2318.700	6256.200	3962.109	3962.109
184	Spectrogram 1	1	121.012022939	121.013020671	2318.700	6256.200	3962.109	3962.109
185	Spectrogram 1	1	121.013020671	121.014018404	2318.700	6256.200	3962.109	3962.109
186	Spectrogram 1	1	121.014018404	121.015016136	2318.700	6256.200	3962.109	3962.109
187	Spectrogram 1	1	121.015016136	121.016013869	2318.700	6256.200	3962.109	3962.109
188	Spectrogram 1	1	121.016013869	121.017011601	2318.700	6256.200	3962.109	3962.109
189	Spectrogram 1	1	121.017011601	121.018009334	2318.700	6256.200	3962.109	3962.109
190	Spectrogram 1	1	121.018009334	121.019007066	2318.700	6256.200	3962.109	3962.109
191	Spectrogram 1	1	121.019007066	121.020004798	2318.700	6256.200	4392.773	4823.438
192	Spectrogram 1	1	121.020004798	121.021002531	2318.700	6256.200	4392.773	4823.438
193	Spectrogram 1	1	121.021002531	121.022000263	2318.700	6256.200	4392.773	4823.438
194	Spectrogram 1	1	121.022000263	121.022997996	2318.700	6256.200	4392.773	4823.438
195	Spectrogram 1	1	121.022997996	121.023995728	2318.700	6256.200	4392.773	4823.438
196	Spectrogram 1	1	121.023995728	121.024993461	2318.700	6256.200	4392.773	4823.438
197	Spectrogram 1	1	121.024993461	121.025991193	2318.700	6256.200	5081.836	5254.102
198	Spectrogram 1	1	121.025991193	121.026988925	2318.700	6256.200	5081.836	5254.102
199	Spectrogram 1	1	121.026988925	121.027986658	2318.700	6256.200	5081.836	5254.102
200	Spectrogram 1	1	121.027986658	121.028984390	2318.700	6256.200	5081.836	5254.102
201	Spectrogram 1	1	121.028984390	121.029982123	2318.700	6256.200	5081.836	5254.102
202	Spectrogram 1	1	121.029982123	121.030979855	2318.700	6256.200	5081.836	5254.102
203	Spectrogram 1	1	121.030979855	121.031977588	2318.700	6256.200	5254.102	5857.031
204	Spectrogram 1	1	121.031977588	121.032975320	2318.700	6256.200	5254.102	5857.031
205	Spectrogram 1	1	121.032975320	121.033973052	2318.700	6256.200	5254.102	5857.031
206	Spectrogram 1	1	121.033973052	121.034970785	2318.700	6256.200	5254.102	5857.031
207	Spectrogram 1	1	121.034970785	121.035968517	2318.700	6256.200	5254.102	5857.031
208	Spectrogram 1	1	121.035968517	121.036966250	2318.700	6256.200	5254.102	5857.031
209	Spectrogram 1	1	121.036966250	121.037963982	2318.700	6256.200	6115.430	6201.562
210	Spectrogram 1	1	121.037963982	121.038961715	2318.700	6256.200	6115.430	6201.562
211	Spectrogram 1	1	121.038961715	121.039959447	2318.700	6256.200	6115.430	6201.562
212	Spectrogram 1	1	121.039959447	121.040957179	2318.700	6256.200	6115.430	6201.562
213	Spectrogram 1	1	121.040957179	121.041954912	2318.700	6256.200	6115.430	6201.562
214	Spectrogram 1	1	121.041954912	121.042952644	2318.700	6256.200	6115.430	6201.562
215	Spectrogram 1	1	121.042952644	121.043950377	2318.700	6256.200	5512.500	5426.367
216	Spectrogram 1	1	121.043950377	121.044948109	2318.700	6256.200	5512.500	5426.367
217	Spectrogram 1	1	121.044948109	121.045945842	2318.700	6256.200	5512.500	5426.367
218	Spectrogram 1	1	121.045945842	121.046943574	2318.700	6256.200	5512.500	5426.367
219	Spectrogram 1	1	121.046943574	121.047941306	2318.700	6256.200	5512.500	5426.367
220	Spectrogram 1	1	121.047941306	121.048939039	2318.700	6256.200	5512.500	5426.367
221	Spectrogram 1	1	121.048939039	121.049936771	2318.700	6256.200	4823.438	4909.570
222	Spectrogram 1	1	121.049936771	121.050934504	2318.700	6256.200	4823.438	4909.570
223	Spectrogram 1	1	121.050934504	121.051932236	2318.700	6256.200	4823.438	4909.570
224	Spectrogram 1	1	121.051932236	121.052929968	2318.700	6256.200	4823.438	4909.570
225	Spectrogram 1	1	121.052929968	121.053927701	2318.700	6256.200	4823.438	4909.570
226	Spectrogram 1	1	121.053927701	121.054925433	2318.700	6256.200	4565.039	4565.039
227	Spectrogram 1	1	121.054925433	121.055923166	2318.700	6256.200	4565.039	4565.039
228	Spectrogram 1	1	121.055923166	121.056920898	2318.700	6256.200	4565.039	4565.039
229	Spectrogram 1	1	121.056920898	121.057918631	2318.700	6256.200	4565.039	4565.039
230	Spectrogram 1	1	121.057918631	121.058916363	2318.700	6256.200	4565.039	4565.039
231	Spectrogram 1	1	121.058916363	121.059914095	2318.700	6256.200	4565.039	4565.039
232	Spectrogram 1	1	121.059914095	121.060911828	2318.700	6256.200	4737.305	4651.172
233	Spectrogram 1	1	121.060911828	121.061909560	2318.700	6256.200	4737.305	4651.172
234	Spectrogram 1	1	121.061909560	121.062907293	2318.700	6256.200	4737.305	4651.172
235	Spectrogram 1	1	121.062907293	121.063905025	2318.700	6256.200	4737.305	4651.172
236	Spectrogram 1	1	121.063905025	121.064902758	2318.700	6256.200	4737.305	4651.172
237	Spectrogram 1	1	121.064902758	121.065900490	2318.700	6256.200	4737.305	4651.172
238	Spectrogram 1	1	121.065900490	121.066451065	2318.700	6256.200	4995.703	4306.641
