Selection	View	Channel	Begin Time (s)	End Time (s)	Low Freq (Hz)	High Freq (Hz)	Center Freq (Hz)	Peak Freq (Hz)
1	Spectrogram 1	1	83.018016495	83.019014227	2858.500	6589.655	4995.703	5426.367
2	Spectrogram 1	1	83.019014227	83.020011960	2858.500	6589.655	4995.703	5426.367
3	Spectrogram 1	1	83.020011960	83.021009692	2858.500	6589.655	4909.570	5512.500
4	Spectrogram 1	1	83.021009692	83.022007425	2858.500	6589.655	4909.570	5512.500
5	Spectrogram 1	1	83.022007425	83.023005157	2858.500	6589.655	4909.570	5512.500
6	Spectrogram 1	1	83.023005157	83.024002890	2858.500	6589.655	4909.570	5512.500
7	Spectrogram 1	1	83.024002890	83.025000622	2858.500	6589.655	4909.570	5512.500
8	Spectrogram 1	1	83.025000622	83.025998354	2858.500	6589.655	4909.570	5512.500
9	Spectrogram 1	1	83.025998354	83.026996087	2858.500	6589.655	5512.500	5512.500
10	Spectrogram 1	1	83.026996087	83.027993819	2858.500	6589.655	5512.500	5512.500
11	Spectrogram 1	1	83.027993819	83.028991552	2858.500	6589.655	5512.500	5512.500
12	Spectrogram 1	1	83.028991552	83.029989284	2858.500	6589.655	5512.500	5512.500
13	Spectrogram 1	1	83.029989284	83.030987017	2858.500	6589.655	5512.500	5512.500
14	Spectrogram 1	1	83.030987017	83.031984749	2858.500	6589.655	5512.500	5512.500
15	Spectrogram 1	1	83.031984749	83.032982481	2858.500	6589.655	5770.898	5857.031
16	Spectrogram 1	1	83.032982481	83.033980214	2858.500	6589.655	5770.898	5857.031
17	Spectrogram 1	1	83.033980214	83.034977946	2858.500	6589.655	5770.898	5857.031
18	Spectrogram 1	1	83.034977946	83.035975679	2858.500	6589.655	5770.898	5857.031
19	Spectrogram 1	1	83.035975679	83.036973411	2858.500	6589.655	5770.898	5857.031
20	Spectrogram 1	1	83.036973411	83.037971144	2858.500	6589.655	5684.766	5770.898
21	Spectrogram 1	1	83.037971144	83.038968876	2858.500	6589.655	5684.766	5770.898
22	Spectrogram 1	1	83.038968876	83.039966608	2858.500	6589.655	5684.766	5770.898
23	Spectrogram 1	1	83.039966608	83.040964341	2858.500	6589.655	5684.766	5770.898
24	Spectrogram 1	1	83.040964341	83.041962073	2858.500	6589.655	5684.766	5770.898
25	Spectrogram 1	1	83.041962073	83.042959806	2858.500	6589.655	5684.766	5770.898
26	Spectrogram 1	1	83.042959806	83.043957538	2858.500	6589.655	5167.969	4823.438
27	Spectrogram 1	1	83.043957538	83.044955271	2858.500	6589.655	5167.969	4823.438
28	Spectrogram 1	1	83.044955271	83.045953003	2858.500	6589.655	5167.969	4823.438
29	Spectrogram 1	1	83.045953003	83.046950735	2858.500	6589.655	5167.969	4823.438
30	Spectrogram 1	1	83.046950735	83.047948468	2858.500	6589.655	5167.969	4823.438
31	Spectrogram 1	1	83.047948468	83.048946200	2858.500	6589.655	5167.969	4823.438
32	Spectrogram 1	1	83.048946200	83.049943933	2858.500	6589.655	5426.367	5426.367
33	Spectrogram 1	1	83.049943933	83.050941665	2858.500	6589.655	5426.367	5426.367
34	Spectrogram 1	1	83.050941665	83.051939397	2858.500	6589.655	5426.367	5426.367
35	Spectrogram 1	1	83.051939397	83.052937130	2858.500	6589.655	5426.367	5426.367
36	Spectrogram 1	1	83.052937130	83.053934862	2858.500	6589.655	5426.367	5426.367
37	Spectrogram 1	1	83.053934862	83.054932595	2858.500	6589.655	5426.367	5426.367
38	Spectrogram 1	1	83.054932595	83.055930327	2858.500	6589.655	5426.367	5426.367
39	Spectrogram 1	1	83.055930327	83.056928060	2858.500	6589.655	5426.367	5426.367
40	Spectrogram 1	1	83.056928060	83.057925792	2858.500	6589.655	5426.367	5426.367
41	Spectrogram 1	1	83.057925792	83.058923524	2858.500	6589.655	5426.367	5426.367
42	Spectrogram 1	1	83.058923524	83.059921257	2858.500	6589.655	5426.367	5426.367
43	Spectrogram 1	1	83.059921257	83.060918989	2858.500	6589.655	5426.367	5426.367
44	Spectrogram 1	1	83.060918989	83.061916722	2858.500	6589.655	5426.367	5426.367
45	Spectrogram 1	1	83.061916722	83.062914454	2858.500	6589.655	5426.367	5426.367
46	Spectrogram 1	1	83.062914454	83.063912187	2858.500	6589.655	5426.367	5426.367
47	Spectrogram 1	1	83.063912187	83.064909919	2858.500	6589.655	5426.367	5426.367
48	Spectrogram 1	1	83.064909919	83.065907651	2858.500	6589.655	5426.367	5426.367
49	Spectrogram 1	1	83.065907651	83.066905384	2858.500	6589.655	5426.367	5426.367
50	Spectrogram 1	1	83.066905384	83.067903116	2858.500	6589.655	5340.234	5340.234
51	Spectrogram 1	1	83.067903116	83.068900849	2858.500	6589.655	5340.234	5340.234
52	Spectrogram 1	1	83.068900849	83.069898581	2858.500	6589.655	5340.234	5340.234
53	Spectrogram 1	1	83.069898581	83.070896314	2858.500	6589.655	5340.234	5340.234
54	Spectrogram 1	1	83.070896314	83.071894046	2858.500	6589.655	5340.234	5340.234
55	Spectrogram 1	1	83.071894046	83.072891778	2858.500	6589.655	5254.102	5254.102
56	Spectrogram 1	1	83.072891778	83.073889511	2858.500	6589.655	5254.102	5254.102
57	Spectrogram 1	1	83.073889511	83.074887243	2858.500	6589.655	5254.102	5254.102
58	Spectrogram 1	1	83.074887243	83.075884976	2858.500	6589.655	5254.102	5254.102
59	Spectrogram 1	1	83.075884976	83.076882708	2858.500	6589.655	5254.102	5254.102
60	Spectrogram 1	1	83.076882708	83.077880441	2858.500	6589.655	5254.102	5254.102
61	Spectrogram 1	1	83.077880441	83.078878173	2858.500	6589.655	5340.234	5426.367
62	Spectrogram 1	1	83.078878173	83.079875905	2858.500	6589.655	5340.234	5426.367
63	Spectrogram 1	1	83.079875905	83.080873638	2858.500	6589.655	5340.234	5426.367
64	Spectrogram 1	1	83.080873638	83.081871370	2858.500	6589.655	5340.234	5426.367
65	Spectrogram 1	1	83.081871370	83.082869103	2858.500	6589.655	5340.234	5426.367
66	Spectrogram 1	1	83.082869103	83.083866835	2858.500	6589.655	5340.234	5426.367
67	Spectrogram 1	1	83.083866835	83.084864568	2858.500	6589.655	5340.234	5340.234
68	Spectrogram 1	1	83.084864568	83.085862300	2858.500	6589.655	5340.234	5340.234
69	Spectrogram 1	1	83.085862300	83.086860032	2858.500	6589.655	5340.234	5340.234
70	Spectrogram 1	1	83.086860032	83.087857765	2858.500	6589.655	5340.234	5340.234
71	Spectrogram 1	1	83.087857765	83.088855497	2858.500	6589.655	5340.234	5340.234
72	Spectrogram 1	1	83.088855497	83.089853230	2858.500	6589.655	5340.234	5340.234
73	Spectrogram 1	1	83.089853230	83.090850962	2858.500	6589.655	5167.969	5167.969
74	Spectrogram 1	1	83.090850962	83.091848695	2858.500	6589.655	5167.969	5167.969
75	Spectrogram 1	1	83.091848695	83.092846427	2858.500	6589.655	5167.969	5167.969
76	Spectrogram 1	1	83.092846427	83.093844159	2858.500	6589.655	5167.969	5167.969
77	Spectrogram 1	1	83.093844159	83.094841892	2858.500	6589.655	5167.969	5167.969
78	Spectrogram 1	1	83.094841892	83.095839624	2858.500	6589.655	5167.969	5167.969
79	Spectrogram 1	1	83.095839624	83.096837357	2858.500	6589.655	5254.102	5254.102
80	Spectrogram 1	1	83.096837357	83.097835089	2858.500	6589.655	5254.102	5254.102
81	Spectrogram 1	1	83.097835089	83.098832822	2858.500	6589.655	5254.102	5254.102
82	Spectrogram 1	1	83.098832822	83.099830554	2858.500	6589.655	5254.102	5254.102
83	Spectrogram 1	1	83.099830554	83.100828286	2858.500	6589.655	5254.102	5254.102
84	Spectrogram 1	1	83.100828286	83.101826019	2858.500	6589.655	5254.102	5340.234
85	Spectrogram 1	1	83.101826019	83.102823751	2858.500	6589.655	5254.102	5340.234
86	Spectrogram 1	1	83.102823751	83.103821484	2858.500	6589.655	5254.102	5340.234
87	Spectrogram 1	1	83.103821484	83.104819216	2858.500	6589.655	5254.102	5340.234
88	Spectrogram 1	1	83.104819216	83.105816949	2858.500	6589.655	5254.102	5340.234
89	Spectrogram 1	1	83.105816949	83.106814681	2858.500	6589.655	5254.102	5340.234
90	Spectrogram 1	1	83.106814681	83.107812413	2858.500	6589.655	5254.102	5254.102
91	Spectrogram 1	1	83.107812413	83.108810146	2858.500	6589.655	5254.102	5254.102
92	Spectrogram 1	1	83.108810146	83.109807878	2858.500	6589.655	5254.102	5254.102
93	Spectrogram 1	1	83.109807878	83.110805611	2858.500	6589.655	5254.102	5254.102
94	Spectrogram 1	1	83.110805611	83.111803343	2858.500	6589.655	5254.102	5254.102
95	Spectrogram 1	1	83.111803343	83.112801075	2858.500	6589.655	5254.102	5254.102
96	Spectrogram 1	1	83.112801075	83.113798808	2858.500	6589.655	5167.969	5167.969
97	Spectrogram 1	1	83.113798808	83.114796540	2858.500	6589.655	5167.969	5167.969
98	Spectrogram 1	1	83.114796540	83.115794273	2858.500	6589.655	5167.969	5167.969
99	Spectrogram 1	1	83.115794273	83.116792005	2858.500	6589.655	5167.969	5167.969
100	Spectrogram 1	1	83.116792005	83.117789738	2858.500	6589.655	5167.969	5167.969
101	Spectrogram 1	1	83.117789738	83.118787470	2858.500	6589.655	5167.969	5167.969
102	Spectrogram 1	1	83.118787470	83.119785202	2858.500	6589.655	3445.312	3359.180
103	Spectrogram 1	1	83.119785202	83.120782935	2858.500	6589.655	3445.312	3359.180
104	Spectrogram 1	1	83.120782935	83.121780667	2858.500	6589.655	3445.312	3359.180
105	Spectrogram 1	1	83.121780667	83.122778400	2858.500	6589.655	3445.312	3359.180
106	Spectrogram 1	1	83.122778400	83.123776132	2858.500	6589.655	3445.312	3359.180
107	Spectrogram 1	1	83.123776132	83.124773865	2858.500	6589.655	3445.312	3359.180
108	Spectrogram 1	1	83.124773865	83.125771597	2858.500	6589.655	3531.445	3445.312
109	Spectrogram 1	1	83.125771597	83.126769329	2858.500	6589.655	3531.445	3445.312
110	Spectrogram 1	1	83.126769329	83.127767062	2858.500	6589.655	3531.445	3445.312
111	Spectrogram 1	1	83.127767062	83.128764794	2858.500	6589.655	3531.445	3445.312
112	Spectrogram 1	1	83.128764794	83.129762527	2858.500	6589.655	3531.445	3445.312
113	Spectrogram 1	1	83.129762527	83.130760259	2858.500	6589.655	3531.445	3445.312
114	Spectrogram 1	1	83.130760259	83.131757992	2858.500	6589.655	3617.578	3617.578
115	Spectrogram 1	1	83.131757992	83.132755724	2858.500	6589.655	3617.578	3617.578
116	Spectrogram 1	1	83.132755724	83.133753456	2858.500	6589.655	3617.578	3617.578
117	Spectrogram 1	1	83.133753456	83.134751189	2858.500	6589.655	3617.578	3617.578
118	Spectrogram 1	1	83.134751189	83.135748921	2858.500	6589.655	3617.578	3617.578
119	Spectrogram 1	1	83.135748921	83.136746654	2858.500	6589.655	3703.711	3703.711
120	Spectrogram 1	1	83.136746654	83.137744386	2858.500	6589.655	3703.711	3703.711
121	Spectrogram 1	1	83.137744386	83.138742119	2858.500	6589.655	3703.711	3703.711
122	Spectrogram 1	1	83.138742119	83.139739851	2858.500	6589.655	3703.711	3703.711
123	Spectrogram 1	1	83.139739851	83.140737583	2858.500	6589.655	3703.711	3703.711
124	Spectrogram 1	1	83.140737583	83.141735316	2858.500	6589.655	3703.711	3703.711
125	Spectrogram 1	1	83.141735316	83.142733048	2858.500	6589.655	3789.844	3789.844
126	Spectrogram 1	1	83.142733048	83.143730781	2858.500	6589.655	3789.844	3789.844
127	Spectrogram 1	1	83.143730781	83.144728513	2858.500	6589.655	3789.844	3789.844
128	Spectrogram 1	1	83.144728513	83.145726246	2858.500	6589.655	3789.844	3789.844
129	Spectrogram 1	1	83.145726246	83.146723978	2858.500	6589.655	3789.844	3789.844
130	Spectrogram 1	1	83.146723978	83.147721710	2858.500	6589.655	3789.844	3789.844
131	Spectrogram 1	1	83.147721710	83.148719443	2858.500	6589.655	3875.977	3875.977
132	Spectrogram 1	1	83.148719443	83.149717175	2858.500	6589.655	3875.977	3875.977
133	Spectrogram 1	1	83.149717175	83.150714908	2858.500	6589.655	3875.977	3875.977
134	Spectrogram 1	1	83.150714908	83.151712640	2858.500	6589.655	3875.977	3875.977
135	Spectrogram 1	1	83.151712640	83.152710373	2858.500	6589.655	3875.977	3875.977
136	Spectrogram 1	1	83.152710373	83.153708105	2858.500	6589.655	3875.977	3875.977
137	Spectrogram 1	1	83.153708105	83.154705837	2858.500	6589.655	3962.109	3962.109
138	Spectrogram 1	1	83.154705837	83.155703570	2858.500	6589.655	3962.109	3962.109
139	Spectrogram 1	1	83.155703570	83.156701302	2858.500	6589.655	3962.109	3962.109
140	Spectrogram 1	1	83.156701302	83.157699035	2858.500	6589.655	3962.109	3962.109
141	Spectrogram 1	1	83.157699035	83.158696767	2858.500	6589.655	3962.109	3962.109
142	Spectrogram 1	1	83.158696767	83.159694500	2858.500	6589.655	3962.109	3962.109
143	Spectrogram 1	1	83.159694500	83.160692232	2858.500	6589.655	4048.242	4048.242
144	Spectrogram 1	1	83.160692232	83.161689964	2858.500	6589.655	4048.242	4048.242
145	Spectrogram 1	1	83.161689964	83.162687697	2858.500	6589.655	4048.242	4048.242
146	Spectrogram 1	1	83.162687697	83.163685429	2858.500	6589.655	4048.242	4048.242
147	Spectrogram 1	1	83.163685429	83.164683162	2858.500	6589.655	4048.242	4048.242
148	Spectrogram 1	1	83.164683162	83.165680894	2858.500	6589.655	4048.242	4048.242
149	Spectrogram 1	1	83.165680894	83.166678627	2858.500	6589.655	4048.242	4048.242
150	Spectrogram 1	1	83.166678627	83.167676359	2858.500	6589.655	4048.242	4048.242
151	Spectrogram 1	1	83.167676359	83.168674091	2858.500	6589.655	4048.242	4048.242
152	Spectrogram 1	1	83.168674091	83.169671824	2858.500	6589.655	4048.242	4048.242
153	Spectrogram 1	1	83.169671824	83.170669556	2858.500	6589.655	4048.242	4048.242
154	Spectrogram 1	1	83.170669556	83.171667289	2858.500	6589.655	4048.242	4048.242
155	Spectrogram 1	1	83.171667289	83.172665021	2858.500	6589.655	4048.242	4048.242
156	Spectrogram 1	1	83.172665021	83.173662754	2858.500	6589.655	4048.242	4048.242
157	Spectrogram 1	1	83.173662754	83.174660486	2858.500	6589.655	4048.242	4048.242
158	Spectrogram 1	1	83.174660486	83.175658218	2858.500	6589.655	4048.242	4048.242
159	Spectrogram 1	1	83.175658218	83.176655951	2858.500	6589.655	4048.242	4048.242
160	Spectrogram 1	1	83.176655951	83.177653683	2858.500	6589.655	4048.242	4048.242
161	Spectrogram 1	1	83.177653683	83.178651416	2858.500	6589.655	4048.242	4048.242
162	Spectrogram 1	1	83.178651416	83.179649148	2858.500	6589.655	4048.242	4048.242
163	Spectrogram 1	1	83.179649148	83.180646880	2858.500	6589.655	4048.242	4048.242
164	Spectrogram 1	1	83.180646880	83.181644613	2858.500	6589.655	4048.242	4048.242
165	Spectrogram 1	1	83.181644613	83.182642345	2858.500	6589.655	4048.242	4048.242
166	Spectrogram 1	1	83.182642345	83.183640078	2858.500	6589.655	4048.242	4048.242
167	Spectrogram 1	1	83.183640078	83.184637810	2858.500	6589.655	4048.242	4048.242
168	Spectrogram 1	1	83.184637810	83.185635543	2858.500	6589.655	4048.242	4048.242
169	Spectrogram 1	1	83.185635543	83.186633275	2858.500	6589.655	4048.242	4048.242
170	Spectrogram 1	1	83.186633275	83.187631007	2858.500	6589.655	4048.242	4048.242
171	Spectrogram 1	1	83.187631007	83.188628740	2858.500	6589.655	4048.242	4048.242
172	Spectrogram 1	1	83.188628740	83.189626472	2858.500	6589.655	4565.039	4478.906
173	Spectrogram 1	1	83.189626472	83.190624205	2858.500	6589.655	4565.039	4478.906
174	Spectrogram 1	1	83.190624205	83.191621937	2858.500	6589.655	4565.039	4478.906
175	Spectrogram 1	1	83.191621937	83.192619670	2858.500	6589.655	4565.039	4478.906
176	Spectrogram 1	1	83.192619670	83.193617402	2858.500	6589.655	4565.039	4478.906
177	Spectrogram 1	1	83.193617402	83.194615134	2858.500	6589.655	4565.039	4478.906
178	Spectrogram 1	1	83.194615134	83.195612867	2858.500	6589.655	5426.367	5512.500
179	Spectrogram 1	1	83.195612867	83.196610599	2858.500	6589.655	5426.367	5512.500
180	Spectrogram 1	1	83.196610599	83.197608332	2858.500	6589.655	5426.367	5512.500
181	Spectrogram 1	1	83.197608332	83.198606064	2858.500	6589.655	5426.367	5512.500
182	Spectrogram 1	1	83.198606064	83.199603797	2858.500	6589.655	5426.367	5512.500
183	Spectrogram 1	1	83.199603797	83.200601529	2858.500	6589.655	6459.961	6459.961
184	Spectrogram 1	1	83.200601529	83.201599261	2858.500	6589.655	6459.961	6459.961
185	Spectrogram 1	1	83.201599261	83.202596994	2858.500	6589.655	6459.961	6459.961
186	Spectrogram 1	1	83.202596994	83.203594726	2858.500	6589.655	6459.961	6459.961
187	Spectrogram 1	1	83.203594726	83.204592459	2858.500	6589.655	6459.961	6459.961
188	Spectrogram 1	1	83.204592459	83.205590191	2858.500	6589.655	6459.961	6459.961
189	Spectrogram 1	1	83.205590191	83.206587924	2858.500	6589.655	5857.031	6287.695
190	Spectrogram 1	1	83.206587924	83.207585656	2858.500	6589.655	5857.031	6287.695
191	Spectrogram 1	1	83.207585656	83.208583388	2858.500	6589.655	5857.031	6287.695
192	Spectrogram 1	1	83.208583388	83.209581121	2858.500	6589.655	5857.031	6287.695
193	Spectrogram 1	1	83.209581121	83.210578853	2858.500	6589.655	5857.031	6287.695
194	Spectrogram 1	1	83.210578853	83.211576586	2858.500	6589.655	5857.031	6287.695
195	Spectrogram 1	1	83.211576586	83.212574318	2858.500	6589.655	5426.367	5426.367
196	Spectrogram 1	1	83.212574318	83.213572051	2858.500	6589.655	5426.367	5426.367
197	Spectrogram 1	1	83.213572051	83.214569783	2858.500	6589.655	5426.367	5426.367
198	Spectrogram 1	1	83.214569783	83.215567515	2858.500	6589.655	5426.367	5426.367
199	Spectrogram 1	1	83.215567515	83.216565248	2858.500	6589.655	5426.367	5426.367
200	Spectrogram 1	1	83.216565248	83.217562980	2858.500	6589.655	5426.367	5426.367
201	Spectrogram 1	1	83.217562980	83.218560713	2858.500	6589.655	4823.438	4823.438
202	Spectrogram 1	1	83.218560713	83.219558445	2858.500	6589.655	4823.438	4823.438
203	Spectrogram 1	1	83.219558445	83.220556178	2858.500	6589.655	4823.438	4823.438
204	Spectrogram 1	1	83.220556178	83.221553910	2858.500	6589.655	4823.438	4823.438
205	Spectrogram 1	1	83.221553910	83.222551642	2858.500	6589.655	4823.438	4823.438
206	Spectrogram 1	1	83.222551642	83.223549375	2858.500	6589.655	4823.438	4823.438
207	Spectrogram 1	1	83.223549375	83.224547107	2858.500	6589.655	4823.438	4909.570
208	Spectrogram 1	1	83.224547107	83.225544840	2858.500	6589.655	4823.438	4909.570
209	Spectrogram 1	1	83.225544840	83.226542572	2858.500	6589.655	4823.438	4909.570
210	Spectrogram 1	1	83.226542572	83.227096886	2858.500	6589.655	4823.438	4909.570
