Selection	View	Channel	Begin Time (s)	End Time (s)	Low Freq (Hz)	High Freq (Hz)	Center Freq (Hz)	Peak Freq (Hz)
1	Spectrogram 1	1	5.998894548	5.999892280	3254.232	5972.052	4220.508	4392.773
2	Spectrogram 1	1	5.999892280	6.000890013	3254.232	5972.052	4909.570	4995.703
3	Spectrogram 1	1	6.000890013	6.001887745	3254.232	5972.052	4909.570	4995.703
4	Spectrogram 1	1	6.001887745	6.002885478	3254.232	5972.052	4909.570	4995.703
5	Spectrogram 1	1	6.002885478	6.003883210	3254.232	5972.052	4909.570	4995.703
6	Spectrogram 1	1	6.003883210	6.004880943	3254.232	5972.052	4909.570	4995.703
7	Spectrogram 1	1	6.004880943	6.005878675	3254.232	5972.052	4823.438	4823.438
8	Spectrogram 1	1	6.005878675	6.006876407	3254.232	5972.052	4823.438	4823.438
9	Spectrogram 1	1	6.006876407	6.007874140	3254.232	5972.052	4823.438	4823.438
10	Spectrogram 1	1	6.007874140	6.008871872	3254.232	5972.052	4823.438	4823.438
11	Spectrogram 1	1	6.008871872	6.009869605	3254.232	5972.052	4823.438	4823.438
12	Spectrogram 1	1	6.009869605	6.010867337	3254.232	5972.052	4823.438	4823.438
13	Spectrogram 1	1	6.010867337	6.011865070	3254.232	5972.052	4823.438	4823.438
14	Spectrogram 1	1	6.011865070	6.012862802	3254.232	5972.052	4823.438	4823.438
15	Spectrogram 1	1	6.012862802	6.013860534	3254.232	5972.052	4823.438	4823.438
16	Spectrogram 1	1	6.013860534	6.014858267	3254.232	5972.052	4823.438	4823.438
17	Spectrogram 1	1	6.014858267	6.015855999	3254.232	5972.052	4823.438	4823.438
18	Spectrogram 1	1	6.015855999	6.016853732	3254.232	5972.052	4823.438	4823.438
19	Spectrogram 1	1	6.016853732	6.017851464	3254.232	5972.052	4823.438	4823.438
20	Spectrogram 1	1	6.017851464	6.018849197	3254.232	5972.052	4823.438	4823.438
21	Spectrogram 1	1	6.018849197	6.019846929	3254.232	5972.052	4823.438	4823.438
22	Spectrogram 1	1	6.019846929	6.020844661	3254.232	5972.052	4823.438	4823.438
23	Spectrogram 1	1	6.020844661	6.021842394	3254.232	5972.052	4823.438	4823.438
24	Spectrogram 1	1	6.021842394	6.022840126	3254.232	5972.052	4823.438	4823.438
25	Spectrogram 1	1	6.022840126	6.023837859	3254.232	5972.052	4995.703	4909.570
26	Spectrogram 1	1	6.023837859	6.024835591	3254.232	5972.052	4995.703	4909.570
27	Spectrogram 1	1	6.024835591	6.025833324	3254.232	5972.052	4995.703	4909.570
28	Spectrogram 1	1	6.025833324	6.026831056	3254.232	5972.052	4995.703	4909.570
29	Spectrogram 1	1	6.026831056	6.027828788	3254.232	5972.052	4995.703	4909.570
30	Spectrogram 1	1	6.027828788	6.028826521	3254.232	5972.052	4995.703	4909.570
31	Spectrogram 1	1	6.028826521	6.029824253	3254.232	5972.052	5167.969	5167.969
32	Spectrogram 1	1	6.029824253	6.030821986	3254.232	5972.052	5167.969	5167.969
33	Spectrogram 1	1	6.030821986	6.031819718	3254.232	5972.052	5167.969	5167.969
34	Spectrogram 1	1	6.031819718	6.032817450	3254.232	5972.052	5167.969	5167.969
35	Spectrogram 1	1	6.032817450	6.033815183	3254.232	5972.052	5167.969	5167.969
36	Spectrogram 1	1	6.033815183	6.034812915	3254.232	5972.052	5167.969	5167.969
37	Spectrogram 1	1	6.034812915	6.035810648	3254.232	5972.052	5167.969	5167.969
38	Spectrogram 1	1	6.035810648	6.036808380	3254.232	5972.052	5167.969	5167.969
39	Spectrogram 1	1	6.036808380	6.037806113	3254.232	5972.052	5167.969	5167.969
40	Spectrogram 1	1	6.037806113	6.038803845	3254.232	5972.052	5167.969	5167.969
41	Spectrogram 1	1	6.038803845	6.039801577	3254.232	5972.052	5167.969	5167.969
42	Spectrogram 1	1	6.039801577	6.040799310	3254.232	5972.052	5254.102	5254.102
43	Spectrogram 1	1	6.040799310	6.041797042	3254.232	5972.052	5254.102	5254.102
44	Spectrogram 1	1	6.041797042	6.042794775	3254.232	5972.052	5254.102	5254.102
45	Spectrogram 1	1	6.042794775	6.043792507	3254.232	5972.052	5254.102	5254.102
46	Spectrogram 1	1	6.043792507	6.044790240	3254.232	5972.052	5254.102	5254.102
47	Spectrogram 1	1	6.044790240	6.045787972	3254.232	5972.052	5254.102	5254.102
48	Spectrogram 1	1	6.045787972	6.046785704	3254.232	5972.052	5167.969	5167.969
49	Spectrogram 1	1	6.046785704	6.047783437	3254.232	5972.052	5167.969	5167.969
50	Spectrogram 1	1	6.047783437	6.048781169	3254.232	5972.052	5167.969	5167.969
51	Spectrogram 1	1	6.048781169	6.049778902	3254.232	5972.052	5167.969	5167.969
52	Spectrogram 1	1	6.049778902	6.050776634	3254.232	5972.052	5167.969	5167.969
53	Spectrogram 1	1	6.050776634	6.051774367	3254.232	5972.052	5167.969	5167.969
54	Spectrogram 1	1	6.051774367	6.052772099	3254.232	5972.052	5081.836	4995.703
55	Spectrogram 1	1	6.052772099	6.053769831	3254.232	5972.052	5081.836	4995.703
56	Spectrogram 1	1	6.053769831	6.054767564	3254.232	5972.052	5081.836	4995.703
57	Spectrogram 1	1	6.054767564	6.055765296	3254.232	5972.052	5081.836	4995.703
58	Spectrogram 1	1	6.055765296	6.056763029	3254.232	5972.052	5081.836	4995.703
59	Spectrogram 1	1	6.056763029	6.057760761	3254.232	5972.052	5081.836	4995.703
60	Spectrogram 1	1	6.057760761	6.058758494	3254.232	5972.052	5081.836	5081.836
61	Spectrogram 1	1	6.058758494	6.059756226	3254.232	5972.052	5081.836	5081.836
62	Spectrogram 1	1	6.059756226	6.060753958	3254.232	5972.052	5081.836	5081.836
63	Spectrogram 1	1	6.060753958	6.061751691	3254.232	5972.052	5081.836	5081.836
64	Spectrogram 1	1	6.061751691	6.062749423	3254.232	5972.052	5081.836	5081.836
65	Spectrogram 1	1	6.062749423	6.063747156	3254.232	5972.052	5081.836	5081.836
66	Spectrogram 1	1	6.063747156	6.064744888	3254.232	5972.052	5081.836	4909.570
67	Spectrogram 1	1	6.064744888	6.065742621	3254.232	5972.052	5081.836	4909.570
68	Spectrogram 1	1	6.065742621	6.066740353	3254.232	5972.052	5081.836	4909.570
69	Spectrogram 1	1	6.066740353	6.067738085	3254.232	5972.052	5081.836	4909.570
70	Spectrogram 1	1	6.067738085	6.068735818	3254.232	5972.052	5081.836	4909.570
71	Spectrogram 1	1	6.068735818	6.069733550	3254.232	5972.052	5167.969	5167.969
72	Spectrogram 1	1	6.069733550	6.070731283	3254.232	5972.052	5167.969	5167.969
73	Spectrogram 1	1	6.070731283	6.071729015	3254.232	5972.052	5167.969	5167.969
74	Spectrogram 1	1	6.071729015	6.072726748	3254.232	5972.052	5167.969	5167.969
75	Spectrogram 1	1	6.072726748	6.073724480	3254.232	5972.052	5167.969	5167.969
76	Spectrogram 1	1	6.073724480	6.074722212	3254.232	5972.052	5167.969	5167.969
77	Spectrogram 1	1	6.074722212	6.075719945	3254.232	5972.052	5081.836	5081.836
78	Spectrogram 1	1	6.075719945	6.076717677	3254.232	5972.052	5081.836	5081.836
79	Spectrogram 1	1	6.076717677	6.077715410	3254.232	5972.052	5081.836	5081.836
80	Spectrogram 1	1	6.077715410	6.078713142	3254.232	5972.052	5081.836	5081.836
81	Spectrogram 1	1	6.078713142	6.079710875	3254.232	5972.052	5081.836	5081.836
82	Spectrogram 1	1	6.079710875	6.080708607	3254.232	5972.052	5081.836	5081.836
83	Spectrogram 1	1	6.080708607	6.081706339	3254.232	5972.052	4995.703	5167.969
84	Spectrogram 1	1	6.081706339	6.082704072	3254.232	5972.052	4995.703	5167.969
85	Spectrogram 1	1	6.082704072	6.083701804	3254.232	5972.052	4995.703	5167.969
86	Spectrogram 1	1	6.083701804	6.084699537	3254.232	5972.052	4995.703	5167.969
87	Spectrogram 1	1	6.084699537	6.085697269	3254.232	5972.052	4995.703	5167.969
88	Spectrogram 1	1	6.085697269	6.086695002	3254.232	5972.052	4995.703	5167.969
89	Spectrogram 1	1	6.086695002	6.087692734	3254.232	5972.052	3531.445	3445.312
90	Spectrogram 1	1	6.087692734	6.088690466	3254.232	5972.052	3531.445	3445.312
91	Spectrogram 1	1	6.088690466	6.089688199	3254.232	5972.052	3531.445	3445.312
92	Spectrogram 1	1	6.089688199	6.090685931	3254.232	5972.052	3531.445	3445.312
93	Spectrogram 1	1	6.090685931	6.091683664	3254.232	5972.052	3531.445	3445.312
94	Spectrogram 1	1	6.091683664	6.092681396	3254.232	5972.052	3531.445	3445.312
95	Spectrogram 1	1	6.092681396	6.093679128	3254.232	5972.052	3445.312	3445.312
96	Spectrogram 1	1	6.093679128	6.094676861	3254.232	5972.052	3445.312	3445.312
97	Spectrogram 1	1	6.094676861	6.095674593	3254.232	5972.052	3445.312	3445.312
98	Spectrogram 1	1	6.095674593	6.096672326	3254.232	5972.052	3445.312	3445.312
99	Spectrogram 1	1	6.096672326	6.097670058	3254.232	5972.052	3445.312	3445.312
100	Spectrogram 1	1	6.097670058	6.098667791	3254.232	5972.052	3445.312	3445.312
101	Spectrogram 1	1	6.098667791	6.099665523	3254.232	5972.052	3445.312	3445.312
102	Spectrogram 1	1	6.099665523	6.100663255	3254.232	5972.052	3445.312	3445.312
103	Spectrogram 1	1	6.100663255	6.101660988	3254.232	5972.052	3445.312	3445.312
104	Spectrogram 1	1	6.101660988	6.102658720	3254.232	5972.052	3445.312	3445.312
105	Spectrogram 1	1	6.102658720	6.103656453	3254.232	5972.052	3445.312	3445.312
106	Spectrogram 1	1	6.103656453	6.104654185	3254.232	5972.052	3617.578	3617.578
107	Spectrogram 1	1	6.104654185	6.105651918	3254.232	5972.052	3617.578	3617.578
108	Spectrogram 1	1	6.105651918	6.106649650	3254.232	5972.052	3617.578	3617.578
109	Spectrogram 1	1	6.106649650	6.107647382	3254.232	5972.052	3617.578	3617.578
110	Spectrogram 1	1	6.107647382	6.108645115	3254.232	5972.052	3617.578	3617.578
111	Spectrogram 1	1	6.108645115	6.109642847	3254.232	5972.052	3617.578	3617.578
112	Spectrogram 1	1	6.109642847	6.110640580	3254.232	5972.052	3703.711	3703.711
113	Spectrogram 1	1	6.110640580	6.111638312	3254.232	5972.052	3703.711	3703.711
114	Spectrogram 1	1	6.111638312	6.112636045	3254.232	5972.052	3703.711	3703.711
115	Spectrogram 1	1	6.112636045	6.113633777	3254.232	5972.052	3703.711	3703.711
116	Spectrogram 1	1	6.113633777	6.114631509	3254.232	5972.052	3703.711	3703.711
117	Spectrogram 1	1	6.114631509	6.115629242	3254.232	5972.052	3703.711	3703.711
118	Spectrogram 1	1	6.115629242	6.116626974	3254.232	5972.052	3789.844	3789.844
119	Spectrogram 1	1	6.116626974	6.117624707	3254.232	5972.052	3789.844	3789.844
120	Spectrogram 1	1	6.117624707	6.118622439	3254.232	5972.052	3789.844	3789.844
121	Spectrogram 1	1	6.118622439	6.119620172	3254.232	5972.052	3789.844	3789.844
122	Spectrogram 1	1	6.119620172	6.120617904	3254.232	5972.052	3789.844	3789.844
123	Spectrogram 1	1	6.120617904	6.121615636	3254.232	5972.052	3789.844	3789.844
124	Spectrogram 1	1	6.121615636	6.122613369	3254.232	5972.052	3875.977	3875.977
125	Spectrogram 1	1	6.122613369	6.123611101	3254.232	5972.052	3875.977	3875.977
126	Spectrogram 1	1	6.123611101	6.124608834	3254.232	5972.052	3875.977	3875.977
127	Spectrogram 1	1	6.124608834	6.125606566	3254.232	5972.052	3875.977	3875.977
128	Spectrogram 1	1	6.125606566	6.126604299	3254.232	5972.052	3875.977	3875.977
129	Spectrogram 1	1	6.126604299	6.127602031	3254.232	5972.052	3875.977	3875.977
130	Spectrogram 1	1	6.127602031	6.128599763	3254.232	5972.052	3962.109	3962.109
131	Spectrogram 1	1	6.128599763	6.129597496	3254.232	5972.052	3962.109	3962.109
132	Spectrogram 1	1	6.129597496	6.130595228	3254.232	5972.052	3962.109	3962.109
133	Spectrogram 1	1	6.130595228	6.131592961	3254.232	5972.052	3962.109	3962.109
134	Spectrogram 1	1	6.131592961	6.132590693	3254.232	5972.052	3962.109	3962.109
135	Spectrogram 1	1	6.132590693	6.133588426	3254.232	5972.052	3962.109	3962.109
136	Spectrogram 1	1	6.133588426	6.134586158	3254.232	5972.052	3962.109	3962.109
137	Spectrogram 1	1	6.134586158	6.135583890	3254.232	5972.052	3962.109	3962.109
138	Spectrogram 1	1	6.135583890	6.136581623	3254.232	5972.052	3962.109	3962.109
139	Spectrogram 1	1	6.136581623	6.137579355	3254.232	5972.052	3962.109	3962.109
140	Spectrogram 1	1	6.137579355	6.138577088	3254.232	5972.052	3962.109	3962.109
141	Spectrogram 1	1	6.138577088	6.139574820	3254.232	5972.052	3875.977	3875.977
142	Spectrogram 1	1	6.139574820	6.140572553	3254.232	5972.052	3875.977	3875.977
143	Spectrogram 1	1	6.140572553	6.141570285	3254.232	5972.052	3875.977	3875.977
144	Spectrogram 1	1	6.141570285	6.142568017	3254.232	5972.052	3875.977	3875.977
145	Spectrogram 1	1	6.142568017	6.143565750	3254.232	5972.052	3875.977	3875.977
146	Spectrogram 1	1	6.143565750	6.144563482	3254.232	5972.052	3875.977	3875.977
147	Spectrogram 1	1	6.144563482	6.145561215	3254.232	5972.052	3703.711	3617.578
148	Spectrogram 1	1	6.145561215	6.146558947	3254.232	5972.052	3703.711	3617.578
149	Spectrogram 1	1	6.146558947	6.147556680	3254.232	5972.052	3703.711	3617.578
150	Spectrogram 1	1	6.147556680	6.148554412	3254.232	5972.052	3703.711	3617.578
151	Spectrogram 1	1	6.148554412	6.149552144	3254.232	5972.052	3703.711	3617.578
152	Spectrogram 1	1	6.149552144	6.150549877	3254.232	5972.052	3703.711	3617.578
153	Spectrogram 1	1	6.150549877	6.151547609	3254.232	5972.052	3531.445	3445.312
154	Spectrogram 1	1	6.151547609	6.152545342	3254.232	5972.052	3531.445	3445.312
155	Spectrogram 1	1	6.152545342	6.153543074	3254.232	5972.052	3531.445	3445.312
156	Spectrogram 1	1	6.153543074	6.154540807	3254.232	5972.052	3531.445	3445.312
157	Spectrogram 1	1	6.154540807	6.155538539	3254.232	5972.052	3531.445	3445.312
158	Spectrogram 1	1	6.155538539	6.156536271	3254.232	5972.052	3531.445	3445.312
159	Spectrogram 1	1	6.156536271	6.157534004	3254.232	5972.052	3445.312	3359.180
160	Spectrogram 1	1	6.157534004	6.158531736	3254.232	5972.052	3445.312	3359.180
161	Spectrogram 1	1	6.158531736	6.159529469	3254.232	5972.052	3445.312	3359.180
162	Spectrogram 1	1	6.159529469	6.160527201	3254.232	5972.052	3445.312	3359.180
163	Spectrogram 1	1	6.160527201	6.161524933	3254.232	5972.052	3445.312	3359.180
164	Spectrogram 1	1	6.161524933	6.162522666	3254.232	5972.052	3703.711	3617.578
165	Spectrogram 1	1	6.162522666	6.163520398	3254.232	5972.052	3703.711	3617.578
166	Spectrogram 1	1	6.163520398	6.164518131	3254.232	5972.052	3703.711	3617.578
167	Spectrogram 1	1	6.164518131	6.165515863	3254.232	5972.052	3703.711	3617.578
168	Spectrogram 1	1	6.165515863	6.166513596	3254.232	5972.052	3703.711	3617.578
169	Spectrogram 1	1	6.166513596	6.167511328	3254.232	5972.052	3703.711	3617.578
170	Spectrogram 1	1	6.167511328	6.168509060	3254.232	5972.052	5340.234	5512.500
171	Spectrogram 1	1	6.168509060	6.169506793	3254.232	5972.052	5340.234	5512.500
172	Spectrogram 1	1	6.169506793	6.170504525	3254.232	5972.052	5340.234	5512.500
173	Spectrogram 1	1	6.170504525	6.171502258	3254.232	5972.052	5340.234	5512.500
174	Spectrogram 1	1	6.171502258	6.172499990	3254.232	5972.052	5340.234	5512.500
175	Spectrogram 1	1	6.172499990	6.173497723	3254.232	5972.052	5340.234	5512.500
176	Spectrogram 1	1	6.173497723	6.174495455	3254.232	5972.052	5684.766	5684.766
177	Spectrogram 1	1	6.174495455	6.175493187	3254.232	5972.052	5684.766	5684.766
178	Spectrogram 1	1	6.175493187	6.176490920	3254.232	5972.052	5684.766	5684.766
179	Spectrogram 1	1	6.176490920	6.177488652	3254.232	5972.052	5684.766	5684.766
180	Spectrogram 1	1	6.177488652	6.178486385	3254.232	5972.052	5684.766	5684.766
181	Spectrogram 1	1	6.178486385	6.179484117	3254.232	5972.052	5684.766	5684.766
182	Spectrogram 1	1	6.179484117	6.180481850	3254.232	5972.052	5081.836	5081.836
183	Spectrogram 1	1	6.180481850	6.181479582	3254.232	5972.052	5081.836	5081.836
184	Spectrogram 1	1	6.181479582	6.182477314	3254.232	5972.052	5081.836	5081.836
185	Spectrogram 1	1	6.182477314	6.183475047	3254.232	5972.052	5081.836	5081.836
186	Spectrogram 1	1	6.183475047	6.184472779	3254.232	5972.052	5081.836	5081.836
187	Spectrogram 1	1	6.184472779	6.185470512	3254.232	5972.052	5081.836	5081.836
188	Spectrogram 1	1	6.185470512	6.186468244	3254.232	5972.052	4565.039	4565.039
189	Spectrogram 1	1	6.186468244	6.187465977	3254.232	5972.052	4565.039	4565.039
190	Spectrogram 1	1	6.187465977	6.188463709	3254.232	5972.052	4565.039	4565.039
191	Spectrogram 1	1	6.188463709	6.189461441	3254.232	5972.052	4565.039	4565.039
192	Spectrogram 1	1	6.189461441	6.190459174	3254.232	5972.052	4565.039	4565.039
193	Spectrogram 1	1	6.190459174	6.191456906	3254.232	5972.052	4565.039	4565.039
194	Spectrogram 1	1	6.191456906	6.192454639	3254.232	5972.052	4306.641	4392.773
195	Spectrogram 1	1	6.192454639	6.193452371	3254.232	5972.052	4306.641	4392.773
196	Spectrogram 1	1	6.193452371	6.194450104	3254.232	5972.052	4306.641	4392.773
197	Spectrogram 1	1	6.194450104	6.195447836	3254.232	5972.052	4306.641	4392.773
198	Spectrogram 1	1	6.195447836	6.196445568	3254.232	5972.052	4306.641	4392.773
199	Spectrogram 1	1	6.196445568	6.197443301	3254.232	5972.052	3962.109	3875.977
200	Spectrogram 1	1	6.197443301	6.198441033	3254.232	5972.052	3962.109	3875.977
201	Spectrogram 1	1	6.198441033	6.199438766	3254.232	5972.052	3962.109	3875.977
202	Spectrogram 1	1	6.199438766	6.200436498	3254.232	5972.052	3962.109	3875.977
203	Spectrogram 1	1	6.200436498	6.201434231	3254.232	5972.052	3962.109	3875.977
204	Spectrogram 1	1	6.201434231	6.202431963	3254.232	5972.052	3962.109	3875.977
205	Spectrogram 1	1	6.202431963	6.203429695	3254.232	5972.052	4134.375	4134.375
206	Spectrogram 1	1	6.203429695	6.204427428	3254.232	5972.052	4134.375	4134.375
207	Spectrogram 1	1	6.204427428	6.204902058	3254.232	5972.052	4134.375	4134.375
