Selection	View	Channel	Begin Time (s)	End Time (s)	Low Freq (Hz)	High Freq (Hz)	Center Freq (Hz)	Peak Freq (Hz)
1	Spectrogram 1	1	16.620000000	16.620997732	2938.913	6194.600	4306.641	4306.641
2	Spectrogram 1	1	16.620997732	16.621995465	2938.913	6194.600	4306.641	4306.641
3	Spectrogram 1	1	16.621995465	16.622993197	2938.913	6194.600	4306.641	4306.641
4	Spectrogram 1	1	16.622993197	16.623990930	2938.913	6194.600	4909.570	4823.438
5	Spectrogram 1	1	16.623990930	16.624988662	2938.913	6194.600	4909.570	4823.438
6	Spectrogram 1	1	16.624988662	16.625986395	2938.913	6194.600	4909.570	4823.438
7	Spectrogram 1	1	16.625986395	16.626984127	2938.913	6194.600	4909.570	4823.438
8	Spectrogram 1	1	16.626984127	16.627981859	2938.913	6194.600	4909.570	4823.438
9	Spectrogram 1	1	16.627981859	16.628979592	2938.913	6194.600	5512.500	5512.500
10	Spectrogram 1	1	16.628979592	16.629977324	2938.913	6194.600	5512.500	5512.500
11	Spectrogram 1	1	16.629977324	16.630975057	2938.913	6194.600	5512.500	5512.500
12	Spectrogram 1	1	16.630975057	16.631972789	2938.913	6194.600	5512.500	5512.500
13	Spectrogram 1	1	16.631972789	16.632970522	2938.913	6194.600	5512.500	5512.500
14	Spectrogram 1	1	16.632970522	16.633968254	2938.913	6194.600	5512.500	5512.500
15	Spectrogram 1	1	16.633968254	16.634965986	2938.913	6194.600	5426.367	5426.367
16	Spectrogram 1	1	16.634965986	16.635963719	2938.913	6194.600	5426.367	5426.367
17	Spectrogram 1	1	16.635963719	16.636961451	2938.913	6194.600	5426.367	5426.367
18	Spectrogram 1	1	16.636961451	16.637959184	2938.913	6194.600	5426.367	5426.367
19	Spectrogram 1	1	16.637959184	16.638956916	2938.913	6194.600	5426.367	5426.367
20	Spectrogram 1	1	16.638956916	16.639954649	2938.913	6194.600	5426.367	5426.367
21	Spectrogram 1	1	16.639954649	16.640952381	2938.913	6194.600	4823.438	4651.172
22	Spectrogram 1	1	16.640952381	16.641950113	2938.913	6194.600	4823.438	4651.172
23	Spectrogram 1	1	16.641950113	16.642947846	2938.913	6194.600	4823.438	4651.172
24	Spectrogram 1	1	16.642947846	16.643945578	2938.913	6194.600	4823.438	4651.172
25	Spectrogram 1	1	16.643945578	16.644943311	2938.913	6194.600	4823.438	4651.172
26	Spectrogram 1	1	16.644943311	16.645941043	2938.913	6194.600	4823.438	4651.172
27	Spectrogram 1	1	16.645941043	16.646938776	2938.913	6194.600	4909.570	4909.570
28	Spectrogram 1	1	16.646938776	16.647936508	2938.913	6194.600	4909.570	4909.570
29	Spectrogram 1	1	16.647936508	16.648934240	2938.913	6194.600	4909.570	4909.570
30	Spectrogram 1	1	16.648934240	16.649931973	2938.913	6194.600	4909.570	4909.570
31	Spectrogram 1	1	16.649931973	16.650929705	2938.913	6194.600	4909.570	4909.570
32	Spectrogram 1	1	16.650929705	16.651927438	2938.913	6194.600	4909.570	4909.570
33	Spectrogram 1	1	16.651927438	16.652925170	2938.913	6194.600	4995.703	4995.703
34	Spectrogram 1	1	16.652925170	16.653922902	2938.913	6194.600	4995.703	4995.703
35	Spectrogram 1	1	16.653922902	16.654920635	2938.913	6194.600	4995.703	4995.703
36	Spectrogram 1	1	16.654920635	16.655918367	2938.913	6194.600	4995.703	4995.703
37	Spectrogram 1	1	16.655918367	16.656916100	2938.913	6194.600	4995.703	4995.703
38	Spectrogram 1	1	16.656916100	16.657913832	2938.913	6194.600	4995.703	4995.703
39	Spectrogram 1	1	16.657913832	16.658911565	2938.913	6194.600	4995.703	4995.703
40	Spectrogram 1	1	16.658911565	16.659909297	2938.913	6194.600	4995.703	4995.703
41	Spectrogram 1	1	16.659909297	16.660907029	2938.913	6194.600	4995.703	4995.703
42	Spectrogram 1	1	16.660907029	16.661904762	2938.913	6194.600	4995.703	4995.703
43	Spectrogram 1	1	16.661904762	16.662902494	2938.913	6194.600	4995.703	4995.703
44	Spectrogram 1	1	16.662902494	16.663900227	2938.913	6194.600	4909.570	4909.570
45	Spectrogram 1	1	16.663900227	16.664897959	2938.913	6194.600	4909.570	4909.570
46	Spectrogram 1	1	16.664897959	16.665895692	2938.913	6194.600	4909.570	4909.570
47	Spectrogram 1	1	16.665895692	16.666893424	2938.913	6194.600	4909.570	4909.570
48	Spectrogram 1	1	16.666893424	16.667891156	2938.913	6194.600	4909.570	4909.570
49	Spectrogram 1	1	16.667891156	16.668888889	2938.913	6194.600	4909.570	4909.570
50	Spectrogram 1	1	16.668888889	16.669886621	2938.913	6194.600	4823.438	4823.438
51	Spectrogram 1	1	16.669886621	16.670884354	2938.913	6194.600	4823.438	4823.438
52	Spectrogram 1	1	16.670884354	16.671882086	2938.913	6194.600	4823.438	4823.438
53	Spectrogram 1	1	16.671882086	16.672879819	2938.913	6194.600	4823.438	4823.438
54	Spectrogram 1	1	16.672879819	16.673877551	2938.913	6194.600	4823.438	4823.438
55	Spectrogram 1	1	16.673877551	16.674875283	2938.913	6194.600	4823.438	4823.438
56	Spectrogram 1	1	16.674875283	16.675873016	2938.913	6194.600	4651.172	4651.172
57	Spectrogram 1	1	16.675873016	16.676870748	2938.913	6194.600	4651.172	4651.172
58	Spectrogram 1	1	16.676870748	16.677868481	2938.913	6194.600	4651.172	4651.172
59	Spectrogram 1	1	16.677868481	16.678866213	2938.913	6194.600	4651.172	4651.172
60	Spectrogram 1	1	16.678866213	16.679863946	2938.913	6194.600	4651.172	4651.172
61	Spectrogram 1	1	16.679863946	16.680861678	2938.913	6194.600	4651.172	4651.172
62	Spectrogram 1	1	16.680861678	16.681859410	2938.913	6194.600	4565.039	4565.039
63	Spectrogram 1	1	16.681859410	16.682857143	2938.913	6194.600	4565.039	4565.039
64	Spectrogram 1	1	16.682857143	16.683854875	2938.913	6194.600	4565.039	4565.039
65	Spectrogram 1	1	16.683854875	16.684852608	2938.913	6194.600	4565.039	4565.039
66	Spectrogram 1	1	16.684852608	16.685850340	2938.913	6194.600	4565.039	4565.039
67	Spectrogram 1	1	16.685850340	16.686848073	2938.913	6194.600	4565.039	4565.039
68	Spectrogram 1	1	16.686848073	16.687845805	2938.913	6194.600	4565.039	4565.039
69	Spectrogram 1	1	16.687845805	16.688843537	2938.913	6194.600	4565.039	4565.039
70	Spectrogram 1	1	16.688843537	16.689841270	2938.913	6194.600	4565.039	4565.039
71	Spectrogram 1	1	16.689841270	16.690839002	2938.913	6194.600	4565.039	4565.039
72	Spectrogram 1	1	16.690839002	16.691836735	2938.913	6194.600	4565.039	4565.039
73	Spectrogram 1	1	16.691836735	16.692834467	2938.913	6194.600	4565.039	4565.039
74	Spectrogram 1	1	16.692834467	16.693832200	2938.913	6194.600	4565.039	4565.039
75	Spectrogram 1	1	16.693832200	16.694829932	2938.913	6194.600	4565.039	4565.039
76	Spectrogram 1	1	16.694829932	16.695827664	2938.913	6194.600	4565.039	4565.039
77	Spectrogram 1	1	16.695827664	16.696825397	2938.913	6194.600	4565.039	4565.039
78	Spectrogram 1	1	16.696825397	16.697823129	2938.913	6194.600	4565.039	4565.039
79	Spectrogram 1	1	16.697823129	16.698820862	2938.913	6194.600	4737.305	4651.172
80	Spectrogram 1	1	16.698820862	16.699818594	2938.913	6194.600	4737.305	4651.172
81	Spectrogram 1	1	16.699818594	16.700816327	2938.913	6194.600	4737.305	4651.172
82	Spectrogram 1	1	16.700816327	16.701814059	2938.913	6194.600	4737.305	4651.172
83	Spectrogram 1	1	16.701814059	16.702811791	2938.913	6194.600	4737.305	4651.172
84	Spectrogram 1	1	16.702811791	16.703809524	2938.913	6194.600	4737.305	4651.172
85	Spectrogram 1	1	16.703809524	16.704807256	2938.913	6194.600	4823.438	4823.438
86	Spectrogram 1	1	16.704807256	16.705804989	2938.913	6194.600	4823.438	4823.438
87	Spectrogram 1	1	16.705804989	16.706802721	2938.913	6194.600	4823.438	4823.438
88	Spectrogram 1	1	16.706802721	16.707800454	2938.913	6194.600	4823.438	4823.438
89	Spectrogram 1	1	16.707800454	16.708798186	2938.913	6194.600	4823.438	4823.438
90	Spectrogram 1	1	16.708798186	16.709795918	2938.913	6194.600	4823.438	4823.438
91	Spectrogram 1	1	16.709795918	16.710793651	2938.913	6194.600	4651.172	4651.172
92	Spectrogram 1	1	16.710793651	16.711791383	2938.913	6194.600	4651.172	4651.172
93	Spectrogram 1	1	16.711791383	16.712789116	2938.913	6194.600	4651.172	4651.172
94	Spectrogram 1	1	16.712789116	16.713786848	2938.913	6194.600	4651.172	4651.172
95	Spectrogram 1	1	16.713786848	16.714784580	2938.913	6194.600	4651.172	4651.172
96	Spectrogram 1	1	16.714784580	16.715782313	2938.913	6194.600	4651.172	4651.172
97	Spectrogram 1	1	16.715782313	16.716780045	2938.913	6194.600	4565.039	4565.039
98	Spectrogram 1	1	16.716780045	16.717777778	2938.913	6194.600	4565.039	4565.039
99	Spectrogram 1	1	16.717777778	16.718775510	2938.913	6194.600	4565.039	4565.039
100	Spectrogram 1	1	16.718775510	16.719773243	2938.913	6194.600	4565.039	4565.039
101	Spectrogram 1	1	16.719773243	16.720770975	2938.913	6194.600	4565.039	4565.039
102	Spectrogram 1	1	16.720770975	16.721768707	2938.913	6194.600	4909.570	4823.438
103	Spectrogram 1	1	16.721768707	16.722766440	2938.913	6194.600	4909.570	4823.438
104	Spectrogram 1	1	16.722766440	16.723764172	2938.913	6194.600	4909.570	4823.438
105	Spectrogram 1	1	16.723764172	16.724761905	2938.913	6194.600	4909.570	4823.438
106	Spectrogram 1	1	16.724761905	16.725759637	2938.913	6194.600	4909.570	4823.438
107	Spectrogram 1	1	16.725759637	16.726757370	2938.913	6194.600	4909.570	4823.438
108	Spectrogram 1	1	16.726757370	16.727755102	2938.913	6194.600	5254.102	5340.234
109	Spectrogram 1	1	16.727755102	16.728752834	2938.913	6194.600	5254.102	5340.234
110	Spectrogram 1	1	16.728752834	16.729750567	2938.913	6194.600	5254.102	5340.234
111	Spectrogram 1	1	16.729750567	16.730748299	2938.913	6194.600	5254.102	5340.234
112	Spectrogram 1	1	16.730748299	16.731746032	2938.913	6194.600	5254.102	5340.234
113	Spectrogram 1	1	16.731746032	16.732743764	2938.913	6194.600	5254.102	5340.234
114	Spectrogram 1	1	16.732743764	16.733741497	2938.913	6194.600	5598.633	5598.633
115	Spectrogram 1	1	16.733741497	16.734739229	2938.913	6194.600	5598.633	5598.633
116	Spectrogram 1	1	16.734739229	16.735736961	2938.913	6194.600	5598.633	5598.633
117	Spectrogram 1	1	16.735736961	16.736734694	2938.913	6194.600	5598.633	5598.633
118	Spectrogram 1	1	16.736734694	16.737732426	2938.913	6194.600	5598.633	5598.633
119	Spectrogram 1	1	16.737732426	16.738730159	2938.913	6194.600	5598.633	5598.633
120	Spectrogram 1	1	16.738730159	16.739727891	2938.913	6194.600	3273.047	3186.914
121	Spectrogram 1	1	16.739727891	16.740725624	2938.913	6194.600	3273.047	3186.914
122	Spectrogram 1	1	16.740725624	16.741723356	2938.913	6194.600	3273.047	3186.914
123	Spectrogram 1	1	16.741723356	16.742721088	2938.913	6194.600	3273.047	3186.914
124	Spectrogram 1	1	16.742721088	16.743718821	2938.913	6194.600	3273.047	3186.914
125	Spectrogram 1	1	16.743718821	16.744716553	2938.913	6194.600	3273.047	3186.914
126	Spectrogram 1	1	16.744716553	16.745714286	2938.913	6194.600	3359.180	3359.180
127	Spectrogram 1	1	16.745714286	16.746712018	2938.913	6194.600	3359.180	3359.180
128	Spectrogram 1	1	16.746712018	16.747709751	2938.913	6194.600	3359.180	3359.180
129	Spectrogram 1	1	16.747709751	16.748707483	2938.913	6194.600	3359.180	3359.180
130	Spectrogram 1	1	16.748707483	16.749705215	2938.913	6194.600	3359.180	3359.180
131	Spectrogram 1	1	16.749705215	16.750702948	2938.913	6194.600	3359.180	3359.180
132	Spectrogram 1	1	16.750702948	16.751700680	2938.913	6194.600	3445.312	3445.312
133	Spectrogram 1	1	16.751700680	16.752698413	2938.913	6194.600	3445.312	3445.312
134	Spectrogram 1	1	16.752698413	16.753696145	2938.913	6194.600	3445.312	3445.312
135	Spectrogram 1	1	16.753696145	16.754693878	2938.913	6194.600	3445.312	3445.312
136	Spectrogram 1	1	16.754693878	16.755691610	2938.913	6194.600	3445.312	3445.312
137	Spectrogram 1	1	16.755691610	16.756689342	2938.913	6194.600	3531.445	3531.445
138	Spectrogram 1	1	16.756689342	16.757687075	2938.913	6194.600	3531.445	3531.445
139	Spectrogram 1	1	16.757687075	16.758684807	2938.913	6194.600	3531.445	3531.445
140	Spectrogram 1	1	16.758684807	16.759682540	2938.913	6194.600	3531.445	3531.445
141	Spectrogram 1	1	16.759682540	16.760680272	2938.913	6194.600	3531.445	3531.445
142	Spectrogram 1	1	16.760680272	16.761678005	2938.913	6194.600	3531.445	3531.445
143	Spectrogram 1	1	16.761678005	16.762675737	2938.913	6194.600	3531.445	3531.445
144	Spectrogram 1	1	16.762675737	16.763673469	2938.913	6194.600	3531.445	3531.445
145	Spectrogram 1	1	16.763673469	16.764671202	2938.913	6194.600	3531.445	3531.445
146	Spectrogram 1	1	16.764671202	16.765668934	2938.913	6194.600	3531.445	3531.445
147	Spectrogram 1	1	16.765668934	16.766666667	2938.913	6194.600	3531.445	3531.445
148	Spectrogram 1	1	16.766666667	16.767664399	2938.913	6194.600	3531.445	3531.445
149	Spectrogram 1	1	16.767664399	16.768662132	2938.913	6194.600	3531.445	3531.445
150	Spectrogram 1	1	16.768662132	16.769659864	2938.913	6194.600	3531.445	3531.445
151	Spectrogram 1	1	16.769659864	16.770657596	2938.913	6194.600	3531.445	3531.445
152	Spectrogram 1	1	16.770657596	16.771655329	2938.913	6194.600	3531.445	3531.445
153	Spectrogram 1	1	16.771655329	16.772653061	2938.913	6194.600	3531.445	3531.445
154	Spectrogram 1	1	16.772653061	16.773650794	2938.913	6194.600	3531.445	3531.445
155	Spectrogram 1	1	16.773650794	16.774648526	2938.913	6194.600	3531.445	3531.445
156	Spectrogram 1	1	16.774648526	16.775646259	2938.913	6194.600	3531.445	3531.445
157	Spectrogram 1	1	16.775646259	16.776643991	2938.913	6194.600	3531.445	3531.445
158	Spectrogram 1	1	16.776643991	16.777641723	2938.913	6194.600	3531.445	3531.445
159	Spectrogram 1	1	16.777641723	16.778639456	2938.913	6194.600	3531.445	3531.445
160	Spectrogram 1	1	16.778639456	16.779637188	2938.913	6194.600	3531.445	3531.445
161	Spectrogram 1	1	16.779637188	16.780634921	2938.913	6194.600	3617.578	3617.578
162	Spectrogram 1	1	16.780634921	16.781632653	2938.913	6194.600	3617.578	3617.578
163	Spectrogram 1	1	16.781632653	16.782630385	2938.913	6194.600	3617.578	3617.578
164	Spectrogram 1	1	16.782630385	16.783628118	2938.913	6194.600	3617.578	3617.578
165	Spectrogram 1	1	16.783628118	16.784625850	2938.913	6194.600	3617.578	3617.578
166	Spectrogram 1	1	16.784625850	16.785623583	2938.913	6194.600	3703.711	3703.711
167	Spectrogram 1	1	16.785623583	16.786621315	2938.913	6194.600	3703.711	3703.711
168	Spectrogram 1	1	16.786621315	16.787619048	2938.913	6194.600	3703.711	3703.711
169	Spectrogram 1	1	16.787619048	16.788616780	2938.913	6194.600	3703.711	3703.711
170	Spectrogram 1	1	16.788616780	16.789614512	2938.913	6194.600	3703.711	3703.711
171	Spectrogram 1	1	16.789614512	16.790612245	2938.913	6194.600	3703.711	3703.711
172	Spectrogram 1	1	16.790612245	16.791609977	2938.913	6194.600	3789.844	3789.844
173	Spectrogram 1	1	16.791609977	16.792607710	2938.913	6194.600	3789.844	3789.844
174	Spectrogram 1	1	16.792607710	16.793605442	2938.913	6194.600	3789.844	3789.844
175	Spectrogram 1	1	16.793605442	16.794603175	2938.913	6194.600	3789.844	3789.844
176	Spectrogram 1	1	16.794603175	16.795600907	2938.913	6194.600	3789.844	3789.844
177	Spectrogram 1	1	16.795600907	16.796598639	2938.913	6194.600	3789.844	3789.844
178	Spectrogram 1	1	16.796598639	16.797596372	2938.913	6194.600	3875.977	3875.977
179	Spectrogram 1	1	16.797596372	16.798594104	2938.913	6194.600	3875.977	3875.977
180	Spectrogram 1	1	16.798594104	16.799591837	2938.913	6194.600	3875.977	3875.977
181	Spectrogram 1	1	16.799591837	16.800589569	2938.913	6194.600	3875.977	3875.977
182	Spectrogram 1	1	16.800589569	16.801587302	2938.913	6194.600	3875.977	3875.977
183	Spectrogram 1	1	16.801587302	16.802585034	2938.913	6194.600	3875.977	3875.977
184	Spectrogram 1	1	16.802585034	16.803582766	2938.913	6194.600	4134.375	4220.508
185	Spectrogram 1	1	16.803582766	16.804580499	2938.913	6194.600	4134.375	4220.508
186	Spectrogram 1	1	16.804580499	16.805578231	2938.913	6194.600	4134.375	4220.508
187	Spectrogram 1	1	16.805578231	16.806575964	2938.913	6194.600	4134.375	4220.508
188	Spectrogram 1	1	16.806575964	16.807573696	2938.913	6194.600	4134.375	4220.508
189	Spectrogram 1	1	16.807573696	16.808571429	2938.913	6194.600	4134.375	4220.508
190	Spectrogram 1	1	16.808571429	16.809569161	2938.913	6194.600	4392.773	4392.773
191	Spectrogram 1	1	16.809569161	16.810566893	2938.913	6194.600	4392.773	4392.773
192	Spectrogram 1	1	16.810566893	16.811564626	2938.913	6194.600	4392.773	4392.773
193	Spectrogram 1	1	16.811564626	16.812562358	2938.913	6194.600	4392.773	4392.773
194	Spectrogram 1	1	16.812562358	16.813560091	2938.913	6194.600	4392.773	4392.773
195	Spectrogram 1	1	16.813560091	16.814557823	2938.913	6194.600	4392.773	4392.773
196	Spectrogram 1	1	16.814557823	16.815555556	2938.913	6194.600	4565.039	4565.039
197	Spectrogram 1	1	16.815555556	16.816553288	2938.913	6194.600	4565.039	4565.039
198	Spectrogram 1	1	16.816553288	16.817551020	2938.913	6194.600	4565.039	4565.039
199	Spectrogram 1	1	16.817551020	16.818548753	2938.913	6194.600	4565.039	4565.039
200	Spectrogram 1	1	16.818548753	16.819546485	2938.913	6194.600	4565.039	4565.039
201	Spectrogram 1	1	16.819546485	16.820544218	2938.913	6194.600	4909.570	4909.570
202	Spectrogram 1	1	16.820544218	16.821541950	2938.913	6194.600	4909.570	4909.570
203	Spectrogram 1	1	16.821541950	16.822539683	2938.913	6194.600	4909.570	4909.570
204	Spectrogram 1	1	16.822539683	16.823537415	2938.913	6194.600	4909.570	4909.570
205	Spectrogram 1	1	16.823537415	16.824535147	2938.913	6194.600	4909.570	4909.570
206	Spectrogram 1	1	16.824535147	16.825532880	2938.913	6194.600	4909.570	4909.570
207	Spectrogram 1	1	16.825532880	16.826530612	2938.913	6194.600	5340.234	5254.102
208	Spectrogram 1	1	16.826530612	16.827528345	2938.913	6194.600	5340.234	5254.102
209	Spectrogram 1	1	16.827528345	16.828526077	2938.913	6194.600	5340.234	5254.102
210	Spectrogram 1	1	16.828526077	16.829523810	2938.913	6194.600	5340.234	5254.102
211	Spectrogram 1	1	16.829523810	16.830521542	2938.913	6194.600	5340.234	5254.102
212	Spectrogram 1	1	16.830521542	16.831519274	2938.913	6194.600	5340.234	5254.102
213	Spectrogram 1	1	16.831519274	16.832517007	2938.913	6194.600	5770.898	5598.633
214	Spectrogram 1	1	16.832517007	16.833514739	2938.913	6194.600	5770.898	5598.633
215	Spectrogram 1	1	16.833514739	16.834512472	2938.913	6194.600	5770.898	5598.633
216	Spectrogram 1	1	16.834512472	16.835510204	2938.913	6194.600	5770.898	5598.633
217	Spectrogram 1	1	16.835510204	16.836507937	2938.913	6194.600	5770.898	5598.633
218	Spectrogram 1	1	16.836507937	16.837505669	2938.913	6194.600	5770.898	5598.633
219	Spectrogram 1	1	16.837505669	16.838503401	2938.913	6194.600	5943.164	5943.164
220	Spectrogram 1	1	16.838503401	16.839501134	2938.913	6194.600	5943.164	5943.164
221	Spectrogram 1	1	16.839501134	16.840498866	2938.913	6194.600	5943.164	5943.164
222	Spectrogram 1	1	16.840498866	16.841496599	2938.913	6194.600	5943.164	5943.164
223	Spectrogram 1	1	16.841496599	16.842494331	2938.913	6194.600	5943.164	5943.164
224	Spectrogram 1	1	16.842494331	16.843492063	2938.913	6194.600	5943.164	5943.164
225	Spectrogram 1	1	16.843492063	16.844489796	2938.913	6194.600	5426.367	5512.500
226	Spectrogram 1	1	16.844489796	16.845487528	2938.913	6194.600	5426.367	5512.500
227	Spectrogram 1	1	16.845487528	16.846485261	2938.913	6194.600	5426.367	5512.500
228	Spectrogram 1	1	16.846485261	16.847482993	2938.913	6194.600	5426.367	5512.500
229	Spectrogram 1	1	16.847482993	16.848480726	2938.913	6194.600	5426.367	5512.500
230	Spectrogram 1	1	16.848480726	16.849478458	2938.913	6194.600	4651.172	4565.039
231	Spectrogram 1	1	16.849478458	16.850476190	2938.913	6194.600	4651.172	4565.039
232	Spectrogram 1	1	16.850476190	16.851473923	2938.913	6194.600	4651.172	4565.039
233	Spectrogram 1	1	16.851473923	16.852471655	2938.913	6194.600	4651.172	4565.039
234	Spectrogram 1	1	16.852471655	16.853469388	2938.913	6194.600	4651.172	4565.039
235	Spectrogram 1	1	16.853469388	16.854467120	2938.913	6194.600	4651.172	4565.039
236	Spectrogram 1	1	16.854467120	16.855464853	2938.913	6194.600	4392.773	4306.641
237	Spectrogram 1	1	16.855464853	16.856462585	2938.913	6194.600	4392.773	4306.641
238	Spectrogram 1	1	16.856462585	16.857460317	2938.913	6194.600	4392.773	4306.641
239	Spectrogram 1	1	16.857460317	16.858458050	2938.913	6194.600	4392.773	4306.641
240	Spectrogram 1	1	16.858458050	16.859455782	2938.913	6194.600	4392.773	4306.641
241	Spectrogram 1	1	16.859455782	16.860453515	2938.913	6194.600	4392.773	4306.641
242	Spectrogram 1	1	16.860453515	16.861451247	2938.913	6194.600	4909.570	4909.570
243	Spectrogram 1	1	16.861451247	16.862448980	2938.913	6194.600	4909.570	4909.570
244	Spectrogram 1	1	16.862448980	16.863446712	2938.913	6194.600	4909.570	4909.570
245	Spectrogram 1	1	16.863446712	16.864103524	2938.913	6194.600	4909.570	4909.570
