Selection	View	Channel	Begin Time (s)	End Time (s)	Low Freq (Hz)	High Freq (Hz)	Center Freq (Hz)	Peak Freq (Hz)
1	Spectrogram 1	1	43.642095774	43.643093506	2335.800	6318.700	4909.570	4306.641
2	Spectrogram 1	1	43.643093506	43.644091239	2335.800	6318.700	4909.570	4306.641
3	Spectrogram 1	1	43.644091239	43.645088971	2335.800	6318.700	4909.570	4306.641
4	Spectrogram 1	1	43.645088971	43.646086704	2335.800	6318.700	4737.305	4737.305
5	Spectrogram 1	1	43.646086704	43.647084436	2335.800	6318.700	4737.305	4737.305
6	Spectrogram 1	1	43.647084436	43.648082169	2335.800	6318.700	4737.305	4737.305
7	Spectrogram 1	1	43.648082169	43.649079901	2335.800	6318.700	4737.305	4737.305
8	Spectrogram 1	1	43.649079901	43.650077633	2335.800	6318.700	4737.305	4737.305
9	Spectrogram 1	1	43.650077633	43.651075366	2335.800	6318.700	4737.305	4737.305
10	Spectrogram 1	1	43.651075366	43.652073098	2335.800	6318.700	5081.836	5081.836
11	Spectrogram 1	1	43.652073098	43.653070831	2335.800	6318.700	5081.836	5081.836
12	Spectrogram 1	1	43.653070831	43.654068563	2335.800	6318.700	5081.836	5081.836
13	Spectrogram 1	1	43.654068563	43.655066296	2335.800	6318.700	5081.836	5081.836
14	Spectrogram 1	1	43.655066296	43.656064028	2335.800	6318.700	5081.836	5081.836
15	Spectrogram 1	1	43.656064028	43.657061760	2335.800	6318.700	5512.500	5512.500
16	Spectrogram 1	1	43.657061760	43.658059493	2335.800	6318.700	5512.500	5512.500
17	Spectrogram 1	1	43.658059493	43.659057225	2335.800	6318.700	5512.500	5512.500
18	Spectrogram 1	1	43.659057225	43.660054958	2335.800	6318.700	5512.500	5512.500
19	Spectrogram 1	1	43.660054958	43.661052690	2335.800	6318.700	5512.500	5512.500
20	Spectrogram 1	1	43.661052690	43.662050423	2335.800	6318.700	5512.500	5512.500
21	Spectrogram 1	1	43.662050423	43.663048155	2335.800	6318.700	5512.500	5512.500
22	Spectrogram 1	1	43.663048155	43.664045887	2335.800	6318.700	5512.500	5512.500
23	Spectrogram 1	1	43.664045887	43.665043620	2335.800	6318.700	5512.500	5512.500
24	Spectrogram 1	1	43.665043620	43.666041352	2335.800	6318.700	5512.500	5512.500
25	Spectrogram 1	1	43.666041352	43.667039085	2335.800	6318.700	5512.500	5512.500
26	Spectrogram 1	1	43.667039085	43.668036817	2335.800	6318.700	5512.500	5512.500
27	Spectrogram 1	1	43.668036817	43.669034550	2335.800	6318.700	5426.367	5426.367
28	Spectrogram 1	1	43.669034550	43.670032282	2335.800	6318.700	5426.367	5426.367
29	Spectrogram 1	1	43.670032282	43.671030014	2335.800	6318.700	5426.367	5426.367
30	Spectrogram 1	1	43.671030014	43.672027747	2335.800	6318.700	5426.367	5426.367
31	Spectrogram 1	1	43.672027747	43.673025479	2335.800	6318.700	5426.367	5426.367
32	Spectrogram 1	1	43.673025479	43.674023212	2335.800	6318.700	5426.367	5426.367
33	Spectrogram 1	1	43.674023212	43.675020944	2335.800	6318.700	5254.102	5254.102
34	Spectrogram 1	1	43.675020944	43.676018676	2335.800	6318.700	5254.102	5254.102
35	Spectrogram 1	1	43.676018676	43.677016409	2335.800	6318.700	5254.102	5254.102
36	Spectrogram 1	1	43.677016409	43.678014141	2335.800	6318.700	5254.102	5254.102
37	Spectrogram 1	1	43.678014141	43.679011874	2335.800	6318.700	5254.102	5254.102
38	Spectrogram 1	1	43.679011874	43.680009606	2335.800	6318.700	5254.102	5254.102
39	Spectrogram 1	1	43.680009606	43.681007339	2335.800	6318.700	5081.836	5081.836
40	Spectrogram 1	1	43.681007339	43.682005071	2335.800	6318.700	5081.836	5081.836
41	Spectrogram 1	1	43.682005071	43.683002803	2335.800	6318.700	5081.836	5081.836
42	Spectrogram 1	1	43.683002803	43.684000536	2335.800	6318.700	5081.836	5081.836
43	Spectrogram 1	1	43.684000536	43.684998268	2335.800	6318.700	5081.836	5081.836
44	Spectrogram 1	1	43.684998268	43.685996001	2335.800	6318.700	4995.703	4995.703
45	Spectrogram 1	1	43.685996001	43.686993733	2335.800	6318.700	4995.703	4995.703
46	Spectrogram 1	1	43.686993733	43.687991466	2335.800	6318.700	4995.703	4995.703
47	Spectrogram 1	1	43.687991466	43.688989198	2335.800	6318.700	4995.703	4995.703
48	Spectrogram 1	1	43.688989198	43.689986930	2335.800	6318.700	4995.703	4995.703
49	Spectrogram 1	1	43.689986930	43.690984663	2335.800	6318.700	4995.703	4995.703
50	Spectrogram 1	1	43.690984663	43.691982395	2335.800	6318.700	4909.570	4909.570
51	Spectrogram 1	1	43.691982395	43.692980128	2335.800	6318.700	4909.570	4909.570
52	Spectrogram 1	1	43.692980128	43.693977860	2335.800	6318.700	4909.570	4909.570
53	Spectrogram 1	1	43.693977860	43.694975593	2335.800	6318.700	4909.570	4909.570
54	Spectrogram 1	1	43.694975593	43.695973325	2335.800	6318.700	4909.570	4909.570
55	Spectrogram 1	1	43.695973325	43.696971057	2335.800	6318.700	4909.570	4909.570
56	Spectrogram 1	1	43.696971057	43.697968790	2335.800	6318.700	4995.703	4995.703
57	Spectrogram 1	1	43.697968790	43.698966522	2335.800	6318.700	4995.703	4995.703
58	Spectrogram 1	1	43.698966522	43.699964255	2335.800	6318.700	4995.703	4995.703
59	Spectrogram 1	1	43.699964255	43.700961987	2335.800	6318.700	4995.703	4995.703
60	Spectrogram 1	1	43.700961987	43.701959720	2335.800	6318.700	4995.703	4995.703
61	Spectrogram 1	1	43.701959720	43.702957452	2335.800	6318.700	4995.703	4995.703
62	Spectrogram 1	1	43.702957452	43.703955184	2335.800	6318.700	4909.570	4909.570
63	Spectrogram 1	1	43.703955184	43.704952917	2335.800	6318.700	4909.570	4909.570
64	Spectrogram 1	1	43.704952917	43.705950649	2335.800	6318.700	4909.570	4909.570
65	Spectrogram 1	1	43.705950649	43.706948382	2335.800	6318.700	4909.570	4909.570
66	Spectrogram 1	1	43.706948382	43.707946114	2335.800	6318.700	4909.570	4909.570
67	Spectrogram 1	1	43.707946114	43.708943847	2335.800	6318.700	4909.570	4909.570
68	Spectrogram 1	1	43.708943847	43.709941579	2335.800	6318.700	5081.836	5081.836
69	Spectrogram 1	1	43.709941579	43.710939311	2335.800	6318.700	5081.836	5081.836
70	Spectrogram 1	1	43.710939311	43.711937044	2335.800	6318.700	5081.836	5081.836
71	Spectrogram 1	1	43.711937044	43.712934776	2335.800	6318.700	5081.836	5081.836
72	Spectrogram 1	1	43.712934776	43.713932509	2335.800	6318.700	5081.836	5081.836
73	Spectrogram 1	1	43.713932509	43.714930241	2335.800	6318.700	5081.836	5081.836
74	Spectrogram 1	1	43.714930241	43.715927974	2335.800	6318.700	4995.703	4995.703
75	Spectrogram 1	1	43.715927974	43.716925706	2335.800	6318.700	4995.703	4995.703
76	Spectrogram 1	1	43.716925706	43.717923438	2335.800	6318.700	4995.703	4995.703
77	Spectrogram 1	1	43.717923438	43.718921171	2335.800	6318.700	4995.703	4995.703
78	Spectrogram 1	1	43.718921171	43.719918903	2335.800	6318.700	4995.703	4995.703
79	Spectrogram 1	1	43.719918903	43.720916636	2335.800	6318.700	4995.703	4995.703
80	Spectrogram 1	1	43.720916636	43.721914368	2335.800	6318.700	4995.703	4995.703
81	Spectrogram 1	1	43.721914368	43.722912101	2335.800	6318.700	4995.703	4995.703
82	Spectrogram 1	1	43.722912101	43.723909833	2335.800	6318.700	4995.703	4995.703
83	Spectrogram 1	1	43.723909833	43.724907565	2335.800	6318.700	4995.703	4995.703
84	Spectrogram 1	1	43.724907565	43.725905298	2335.800	6318.700	4995.703	4995.703
85	Spectrogram 1	1	43.725905298	43.726903030	2335.800	6318.700	5254.102	5340.234
86	Spectrogram 1	1	43.726903030	43.727900763	2335.800	6318.700	5254.102	5340.234
87	Spectrogram 1	1	43.727900763	43.728898495	2335.800	6318.700	5254.102	5340.234
88	Spectrogram 1	1	43.728898495	43.729896228	2335.800	6318.700	5254.102	5340.234
89	Spectrogram 1	1	43.729896228	43.730893960	2335.800	6318.700	5254.102	5340.234
90	Spectrogram 1	1	43.730893960	43.731891692	2335.800	6318.700	5254.102	5340.234
91	Spectrogram 1	1	43.731891692	43.732889425	2335.800	6318.700	3962.109	2928.516
92	Spectrogram 1	1	43.732889425	43.733887157	2335.800	6318.700	3962.109	2928.516
93	Spectrogram 1	1	43.733887157	43.734884890	2335.800	6318.700	3962.109	2928.516
94	Spectrogram 1	1	43.734884890	43.735882622	2335.800	6318.700	3962.109	2928.516
95	Spectrogram 1	1	43.735882622	43.736880354	2335.800	6318.700	3962.109	2928.516
96	Spectrogram 1	1	43.736880354	43.737878087	2335.800	6318.700	3962.109	2928.516
97	Spectrogram 1	1	43.737878087	43.738875819	2335.800	6318.700	3359.180	2583.984
98	Spectrogram 1	1	43.738875819	43.739873552	2335.800	6318.700	3359.180	2583.984
99	Spectrogram 1	1	43.739873552	43.740871284	2335.800	6318.700	3359.180	2583.984
100	Spectrogram 1	1	43.740871284	43.741869017	2335.800	6318.700	3359.180	2583.984
101	Spectrogram 1	1	43.741869017	43.742866749	2335.800	6318.700	3359.180	2583.984
102	Spectrogram 1	1	43.742866749	43.743864481	2335.800	6318.700	3359.180	2583.984
103	Spectrogram 1	1	43.743864481	43.744862214	2335.800	6318.700	2670.117	2497.852
104	Spectrogram 1	1	43.744862214	43.745859946	2335.800	6318.700	2670.117	2497.852
105	Spectrogram 1	1	43.745859946	43.746857679	2335.800	6318.700	2670.117	2497.852
106	Spectrogram 1	1	43.746857679	43.747855411	2335.800	6318.700	2670.117	2497.852
107	Spectrogram 1	1	43.747855411	43.748853144	2335.800	6318.700	2670.117	2497.852
108	Spectrogram 1	1	43.748853144	43.749850876	2335.800	6318.700	2756.250	2670.117
109	Spectrogram 1	1	43.749850876	43.750848608	2335.800	6318.700	2756.250	2670.117
110	Spectrogram 1	1	43.750848608	43.751846341	2335.800	6318.700	2756.250	2670.117
111	Spectrogram 1	1	43.751846341	43.752844073	2335.800	6318.700	2756.250	2670.117
112	Spectrogram 1	1	43.752844073	43.753841806	2335.800	6318.700	2756.250	2670.117
113	Spectrogram 1	1	43.753841806	43.754839538	2335.800	6318.700	2756.250	2670.117
114	Spectrogram 1	1	43.754839538	43.755837271	2335.800	6318.700	3014.648	2842.383
115	Spectrogram 1	1	43.755837271	43.756835003	2335.800	6318.700	3014.648	2842.383
116	Spectrogram 1	1	43.756835003	43.757832735	2335.800	6318.700	3014.648	2842.383
117	Spectrogram 1	1	43.757832735	43.758830468	2335.800	6318.700	3014.648	2842.383
118	Spectrogram 1	1	43.758830468	43.759828200	2335.800	6318.700	3014.648	2842.383
119	Spectrogram 1	1	43.759828200	43.760825933	2335.800	6318.700	3014.648	2842.383
120	Spectrogram 1	1	43.760825933	43.761823665	2335.800	6318.700	3273.047	3273.047
121	Spectrogram 1	1	43.761823665	43.762821398	2335.800	6318.700	3273.047	3273.047
122	Spectrogram 1	1	43.762821398	43.763819130	2335.800	6318.700	3273.047	3273.047
123	Spectrogram 1	1	43.763819130	43.764816862	2335.800	6318.700	3273.047	3273.047
124	Spectrogram 1	1	43.764816862	43.765814595	2335.800	6318.700	3273.047	3273.047
125	Spectrogram 1	1	43.765814595	43.766812327	2335.800	6318.700	3273.047	3273.047
126	Spectrogram 1	1	43.766812327	43.767810060	2335.800	6318.700	3445.312	3445.312
127	Spectrogram 1	1	43.767810060	43.768807792	2335.800	6318.700	3445.312	3445.312
128	Spectrogram 1	1	43.768807792	43.769805525	2335.800	6318.700	3445.312	3445.312
129	Spectrogram 1	1	43.769805525	43.770803257	2335.800	6318.700	3445.312	3445.312
130	Spectrogram 1	1	43.770803257	43.771800989	2335.800	6318.700	3445.312	3445.312
131	Spectrogram 1	1	43.771800989	43.772798722	2335.800	6318.700	3445.312	3445.312
132	Spectrogram 1	1	43.772798722	43.773796454	2335.800	6318.700	3531.445	3531.445
133	Spectrogram 1	1	43.773796454	43.774794187	2335.800	6318.700	3531.445	3531.445
134	Spectrogram 1	1	43.774794187	43.775791919	2335.800	6318.700	3531.445	3531.445
135	Spectrogram 1	1	43.775791919	43.776789652	2335.800	6318.700	3531.445	3531.445
136	Spectrogram 1	1	43.776789652	43.777787384	2335.800	6318.700	3531.445	3531.445
137	Spectrogram 1	1	43.777787384	43.778785116	2335.800	6318.700	3531.445	3531.445
138	Spectrogram 1	1	43.778785116	43.779782849	2335.800	6318.700	3617.578	3617.578
139	Spectrogram 1	1	43.779782849	43.780780581	2335.800	6318.700	3617.578	3617.578
140	Spectrogram 1	1	43.780780581	43.781778314	2335.800	6318.700	3617.578	3617.578
141	Spectrogram 1	1	43.781778314	43.782776046	2335.800	6318.700	3617.578	3617.578
142	Spectrogram 1	1	43.782776046	43.783773779	2335.800	6318.700	3617.578	3617.578
143	Spectrogram 1	1	43.783773779	43.784771511	2335.800	6318.700	3617.578	3617.578
144	Spectrogram 1	1	43.784771511	43.785769243	2335.800	6318.700	3617.578	3617.578
145	Spectrogram 1	1	43.785769243	43.786766976	2335.800	6318.700	3617.578	3617.578
146	Spectrogram 1	1	43.786766976	43.787764708	2335.800	6318.700	3617.578	3617.578
147	Spectrogram 1	1	43.787764708	43.788762441	2335.800	6318.700	3617.578	3617.578
148	Spectrogram 1	1	43.788762441	43.789760173	2335.800	6318.700	3617.578	3617.578
149	Spectrogram 1	1	43.789760173	43.790757906	2335.800	6318.700	3703.711	3703.711
150	Spectrogram 1	1	43.790757906	43.791755638	2335.800	6318.700	3703.711	3703.711
151	Spectrogram 1	1	43.791755638	43.792753370	2335.800	6318.700	3703.711	3703.711
152	Spectrogram 1	1	43.792753370	43.793751103	2335.800	6318.700	3703.711	3703.711
153	Spectrogram 1	1	43.793751103	43.794748835	2335.800	6318.700	3703.711	3703.711
154	Spectrogram 1	1	43.794748835	43.795746568	2335.800	6318.700	3703.711	3703.711
155	Spectrogram 1	1	43.795746568	43.796744300	2335.800	6318.700	3703.711	3703.711
156	Spectrogram 1	1	43.796744300	43.797742033	2335.800	6318.700	3703.711	3703.711
157	Spectrogram 1	1	43.797742033	43.798739765	2335.800	6318.700	3703.711	3703.711
158	Spectrogram 1	1	43.798739765	43.799737497	2335.800	6318.700	3703.711	3703.711
159	Spectrogram 1	1	43.799737497	43.800735230	2335.800	6318.700	3703.711	3703.711
160	Spectrogram 1	1	43.800735230	43.801732962	2335.800	6318.700	3703.711	3703.711
161	Spectrogram 1	1	43.801732962	43.802730695	2335.800	6318.700	3789.844	3789.844
162	Spectrogram 1	1	43.802730695	43.803728427	2335.800	6318.700	3789.844	3789.844
163	Spectrogram 1	1	43.803728427	43.804726159	2335.800	6318.700	3789.844	3789.844
164	Spectrogram 1	1	43.804726159	43.805723892	2335.800	6318.700	3789.844	3789.844
165	Spectrogram 1	1	43.805723892	43.806721624	2335.800	6318.700	3789.844	3789.844
166	Spectrogram 1	1	43.806721624	43.807719357	2335.800	6318.700	3789.844	3789.844
167	Spectrogram 1	1	43.807719357	43.808717089	2335.800	6318.700	3789.844	3789.844
168	Spectrogram 1	1	43.808717089	43.809714822	2335.800	6318.700	3789.844	3789.844
169	Spectrogram 1	1	43.809714822	43.810712554	2335.800	6318.700	3789.844	3789.844
170	Spectrogram 1	1	43.810712554	43.811710286	2335.800	6318.700	3789.844	3789.844
171	Spectrogram 1	1	43.811710286	43.812708019	2335.800	6318.700	3789.844	3789.844
172	Spectrogram 1	1	43.812708019	43.813705751	2335.800	6318.700	3875.977	3875.977
173	Spectrogram 1	1	43.813705751	43.814703484	2335.800	6318.700	3875.977	3875.977
174	Spectrogram 1	1	43.814703484	43.815701216	2335.800	6318.700	3875.977	3875.977
175	Spectrogram 1	1	43.815701216	43.816698949	2335.800	6318.700	3875.977	3875.977
176	Spectrogram 1	1	43.816698949	43.817696681	2335.800	6318.700	3875.977	3875.977
177	Spectrogram 1	1	43.817696681	43.818694413	2335.800	6318.700	3875.977	3875.977
178	Spectrogram 1	1	43.818694413	43.819692146	2335.800	6318.700	3875.977	3875.977
179	Spectrogram 1	1	43.819692146	43.820689878	2335.800	6318.700	3875.977	3875.977
180	Spectrogram 1	1	43.820689878	43.821687611	2335.800	6318.700	3875.977	3875.977
181	Spectrogram 1	1	43.821687611	43.822685343	2335.800	6318.700	3875.977	3875.977
182	Spectrogram 1	1	43.822685343	43.823683076	2335.800	6318.700	3875.977	3875.977
183	Spectrogram 1	1	43.823683076	43.824680808	2335.800	6318.700	3875.977	3875.977
184	Spectrogram 1	1	43.824680808	43.825678540	2335.800	6318.700	4048.242	4048.242
185	Spectrogram 1	1	43.825678540	43.826676273	2335.800	6318.700	4048.242	4048.242
186	Spectrogram 1	1	43.826676273	43.827674005	2335.800	6318.700	4048.242	4048.242
187	Spectrogram 1	1	43.827674005	43.828671738	2335.800	6318.700	4048.242	4048.242
188	Spectrogram 1	1	43.828671738	43.829669470	2335.800	6318.700	4048.242	4048.242
189	Spectrogram 1	1	43.829669470	43.830667203	2335.800	6318.700	4048.242	4048.242
190	Spectrogram 1	1	43.830667203	43.831664935	2335.800	6318.700	4220.508	4220.508
191	Spectrogram 1	1	43.831664935	43.832662667	2335.800	6318.700	4220.508	4220.508
192	Spectrogram 1	1	43.832662667	43.833660400	2335.800	6318.700	4220.508	4220.508
193	Spectrogram 1	1	43.833660400	43.834658132	2335.800	6318.700	4220.508	4220.508
194	Spectrogram 1	1	43.834658132	43.835655865	2335.800	6318.700	4220.508	4220.508
195	Spectrogram 1	1	43.835655865	43.836653597	2335.800	6318.700	4220.508	4220.508
196	Spectrogram 1	1	43.836653597	43.837651330	2335.800	6318.700	4392.773	4478.906
197	Spectrogram 1	1	43.837651330	43.838649062	2335.800	6318.700	4392.773	4478.906
198	Spectrogram 1	1	43.838649062	43.839646794	2335.800	6318.700	4392.773	4478.906
199	Spectrogram 1	1	43.839646794	43.840644527	2335.800	6318.700	4392.773	4478.906
200	Spectrogram 1	1	43.840644527	43.841642259	2335.800	6318.700	4392.773	4478.906
201	Spectrogram 1	1	43.841642259	43.842639992	2335.800	6318.700	4392.773	4478.906
202	Spectrogram 1	1	43.842639992	43.843637724	2335.800	6318.700	4737.305	4737.305
203	Spectrogram 1	1	43.843637724	43.844635457	2335.800	6318.700	4737.305	4737.305
204	Spectrogram 1	1	43.844635457	43.845633189	2335.800	6318.700	4737.305	4737.305
205	Spectrogram 1	1	43.845633189	43.846630921	2335.800	6318.700	4737.305	4737.305
206	Spectrogram 1	1	43.846630921	43.847628654	2335.800	6318.700	4737.305	4737.305
207	Spectrogram 1	1	43.847628654	43.848626386	2335.800	6318.700	4995.703	5081.836
208	Spectrogram 1	1	43.848626386	43.849624119	2335.800	6318.700	4995.703	5081.836
209	Spectrogram 1	1	43.849624119	43.850621851	2335.800	6318.700	4995.703	5081.836
210	Spectrogram 1	1	43.850621851	43.851619584	2335.800	6318.700	4995.703	5081.836
211	Spectrogram 1	1	43.851619584	43.852617316	2335.800	6318.700	4995.703	5081.836
212	Spectrogram 1	1	43.852617316	43.853615048	2335.800	6318.700	4995.703	5081.836
213	Spectrogram 1	1	43.853615048	43.854612781	2335.800	6318.700	5512.500	5512.500
214	Spectrogram 1	1	43.854612781	43.855610513	2335.800	6318.700	5512.500	5512.500
215	Spectrogram 1	1	43.855610513	43.856608246	2335.800	6318.700	5512.500	5512.500
216	Spectrogram 1	1	43.856608246	43.857605978	2335.800	6318.700	5512.500	5512.500
217	Spectrogram 1	1	43.857605978	43.858603711	2335.800	6318.700	5512.500	5512.500
218	Spectrogram 1	1	43.858603711	43.859601443	2335.800	6318.700	5512.500	5512.500
219	Spectrogram 1	1	43.859601443	43.860599175	2335.800	6318.700	5857.031	5857.031
220	Spectrogram 1	1	43.860599175	43.861596908	2335.800	6318.700	5857.031	5857.031
221	Spectrogram 1	1	43.861596908	43.862594640	2335.800	6318.700	5857.031	5857.031
222	Spectrogram 1	1	43.862594640	43.863592373	2335.800	6318.700	5857.031	5857.031
223	Spectrogram 1	1	43.863592373	43.864590105	2335.800	6318.700	5857.031	5857.031
224	Spectrogram 1	1	43.864590105	43.865587837	2335.800	6318.700	5857.031	5857.031
225	Spectrogram 1	1	43.865587837	43.866585570	2335.800	6318.700	5081.836	5081.836
226	Spectrogram 1	1	43.866585570	43.867583302	2335.800	6318.700	5081.836	5081.836
227	Spectrogram 1	1	43.867583302	43.868581035	2335.800	6318.700	5081.836	5081.836
228	Spectrogram 1	1	43.868581035	43.869578767	2335.800	6318.700	5081.836	5081.836
229	Spectrogram 1	1	43.869578767	43.870576500	2335.800	6318.700	5081.836	5081.836
230	Spectrogram 1	1	43.870576500	43.871574232	2335.800	6318.700	5081.836	5081.836
231	Spectrogram 1	1	43.871574232	43.872571964	2335.800	6318.700	4392.773	4306.641
232	Spectrogram 1	1	43.872571964	43.873569697	2335.800	6318.700	4392.773	4306.641
233	Spectrogram 1	1	43.873569697	43.874567429	2335.800	6318.700	4392.773	4306.641
234	Spectrogram 1	1	43.874567429	43.875565162	2335.800	6318.700	4392.773	4306.641
235	Spectrogram 1	1	43.875565162	43.876562894	2335.800	6318.700	4392.773	4306.641
236	Spectrogram 1	1	43.876562894	43.877560627	2335.800	6318.700	4048.242	4048.242
237	Spectrogram 1	1	43.877560627	43.878558359	2335.800	6318.700	4048.242	4048.242
238	Spectrogram 1	1	43.878558359	43.879556091	2335.800	6318.700	4048.242	4048.242
239	Spectrogram 1	1	43.879556091	43.880553824	2335.800	6318.700	4048.242	4048.242
240	Spectrogram 1	1	43.880553824	43.881551556	2335.800	6318.700	4048.242	4048.242
241	Spectrogram 1	1	43.881551556	43.882549289	2335.800	6318.700	4048.242	4048.242
242	Spectrogram 1	1	43.882549289	43.883547021	2335.800	6318.700	3875.977	3875.977
243	Spectrogram 1	1	43.883547021	43.884544754	2335.800	6318.700	3875.977	3875.977
244	Spectrogram 1	1	43.884544754	43.885542486	2335.800	6318.700	3875.977	3875.977
245	Spectrogram 1	1	43.885542486	43.886540218	2335.800	6318.700	3875.977	3875.977
246	Spectrogram 1	1	43.886540218	43.887537951	2335.800	6318.700	3875.977	3875.977
247	Spectrogram 1	1	43.887537951	43.888535683	2335.800	6318.700	3875.977	3875.977
248	Spectrogram 1	1	43.888535683	43.889533416	2335.800	6318.700	3445.312	3445.312
249	Spectrogram 1	1	43.889533416	43.890531148	2335.800	6318.700	3445.312	3445.312
250	Spectrogram 1	1	43.890531148	43.891528881	2335.800	6318.700	3445.312	3445.312
251	Spectrogram 1	1	43.891528881	43.892526613	2335.800	6318.700	3445.312	3445.312
252	Spectrogram 1	1	43.892526613	43.893524345	2335.800	6318.700	3445.312	3445.312
253	Spectrogram 1	1	43.893524345	43.894522078	2335.800	6318.700	3445.312	3445.312
254	Spectrogram 1	1	43.894522078	43.895519810	2335.800	6318.700	3789.844	3789.844
255	Spectrogram 1	1	43.895519810	43.896080445	2335.800	6318.700	3789.844	3789.844
