Selection	View	Channel	Begin Time (s)	End Time (s)	Low Freq (Hz)	High Freq (Hz)	Center Freq (Hz)	Peak Freq (Hz)
1	Spectrogram 1	2	5.192597277	5.193595009	2665.385	6504.300	5426.367	5340.234
2	Spectrogram 1	2	5.193595009	5.194592742	2665.385	6504.300	5426.367	5340.234
3	Spectrogram 1	2	5.194592742	5.195590474	2665.385	6504.300	5426.367	5340.234
4	Spectrogram 1	2	5.195590474	5.196588207	2665.385	6504.300	5426.367	5340.234
5	Spectrogram 1	2	5.196588207	5.197585939	2665.385	6504.300	5426.367	5340.234
6	Spectrogram 1	2	5.197585939	5.198583672	2665.385	6504.300	5426.367	5340.234
7	Spectrogram 1	2	5.198583672	5.199581404	2665.385	6504.300	5340.234	5340.234
8	Spectrogram 1	2	5.199581404	5.200579136	2665.385	6504.300	5340.234	5340.234
9	Spectrogram 1	2	5.200579136	5.201576869	2665.385	6504.300	5340.234	5340.234
10	Spectrogram 1	2	5.201576869	5.202574601	2665.385	6504.300	5340.234	5340.234
11	Spectrogram 1	2	5.202574601	5.203572334	2665.385	6504.300	5340.234	5340.234
12	Spectrogram 1	2	5.203572334	5.204570066	2665.385	6504.300	5340.234	5340.234
13	Spectrogram 1	2	5.204570066	5.205567799	2665.385	6504.300	5254.102	5254.102
14	Spectrogram 1	2	5.205567799	5.206565531	2665.385	6504.300	5254.102	5254.102
15	Spectrogram 1	2	5.206565531	5.207563263	2665.385	6504.300	5254.102	5254.102
16	Spectrogram 1	2	5.207563263	5.208560996	2665.385	6504.300	5254.102	5254.102
17	Spectrogram 1	2	5.208560996	5.209558728	2665.385	6504.300	5254.102	5254.102
18	Spectrogram 1	2	5.209558728	5.210556461	2665.385	6504.300	5254.102	5254.102
19	Spectrogram 1	2	5.210556461	5.211554193	2665.385	6504.300	5254.102	5254.102
20	Spectrogram 1	2	5.211554193	5.212551926	2665.385	6504.300	5254.102	5254.102
21	Spectrogram 1	2	5.212551926	5.213549658	2665.385	6504.300	5254.102	5254.102
22	Spectrogram 1	2	5.213549658	5.214547390	2665.385	6504.300	5254.102	5254.102
23	Spectrogram 1	2	5.214547390	5.215545123	2665.385	6504.300	5254.102	5254.102
24	Spectrogram 1	2	5.215545123	5.216542855	2665.385	6504.300	5426.367	5426.367
25	Spectrogram 1	2	5.216542855	5.217540588	2665.385	6504.300	5426.367	5426.367
26	Spectrogram 1	2	5.217540588	5.218538320	2665.385	6504.300	5426.367	5426.367
27	Spectrogram 1	2	5.218538320	5.219536053	2665.385	6504.300	5426.367	5426.367
28	Spectrogram 1	2	5.219536053	5.220533785	2665.385	6504.300	5426.367	5426.367
29	Spectrogram 1	2	5.220533785	5.221531517	2665.385	6504.300	5426.367	5426.367
30	Spectrogram 1	2	5.221531517	5.222529250	2665.385	6504.300	5598.633	5598.633
31	Spectrogram 1	2	5.222529250	5.223526982	2665.385	6504.300	5598.633	5598.633
32	Spectrogram 1	2	5.223526982	5.224524715	2665.385	6504.300	5598.633	5598.633
33	Spectrogram 1	2	5.224524715	5.225522447	2665.385	6504.300	5598.633	5598.633
34	Spectrogram 1	2	5.225522447	5.226520179	2665.385	6504.300	5598.633	5598.633
35	Spectrogram 1	2	5.226520179	5.227517912	2665.385	6504.300	5598.633	5598.633
36	Spectrogram 1	2	5.227517912	5.228515644	2665.385	6504.300	5254.102	5254.102
37	Spectrogram 1	2	5.228515644	5.229513377	2665.385	6504.300	5254.102	5254.102
38	Spectrogram 1	2	5.229513377	5.230511109	2665.385	6504.300	5254.102	5254.102
39	Spectrogram 1	2	5.230511109	5.231508842	2665.385	6504.300	5254.102	5254.102
40	Spectrogram 1	2	5.231508842	5.232506574	2665.385	6504.300	5254.102	5254.102
41	Spectrogram 1	2	5.232506574	5.233504306	2665.385	6504.300	5254.102	5254.102
42	Spectrogram 1	2	5.233504306	5.234502039	2665.385	6504.300	5254.102	5254.102
43	Spectrogram 1	2	5.234502039	5.235499771	2665.385	6504.300	5254.102	5254.102
44	Spectrogram 1	2	5.235499771	5.236497504	2665.385	6504.300	5254.102	5254.102
45	Spectrogram 1	2	5.236497504	5.237495236	2665.385	6504.300	5254.102	5254.102
46	Spectrogram 1	2	5.237495236	5.238492969	2665.385	6504.300	5254.102	5254.102
47	Spectrogram 1	2	5.238492969	5.239490701	2665.385	6504.300	5254.102	5254.102
48	Spectrogram 1	2	5.239490701	5.240488433	2665.385	6504.300	5254.102	5254.102
49	Spectrogram 1	2	5.240488433	5.241486166	2665.385	6504.300	5254.102	5254.102
50	Spectrogram 1	2	5.241486166	5.242483898	2665.385	6504.300	5254.102	5254.102
51	Spectrogram 1	2	5.242483898	5.243481631	2665.385	6504.300	5254.102	5254.102
52	Spectrogram 1	2	5.243481631	5.244479363	2665.385	6504.300	5254.102	5254.102
53	Spectrogram 1	2	5.244479363	5.245477096	2665.385	6504.300	5167.969	5167.969
54	Spectrogram 1	2	5.245477096	5.246474828	2665.385	6504.300	5167.969	5167.969
55	Spectrogram 1	2	5.246474828	5.247472560	2665.385	6504.300	5167.969	5167.969
56	Spectrogram 1	2	5.247472560	5.248470293	2665.385	6504.300	5167.969	5167.969
57	Spectrogram 1	2	5.248470293	5.249468025	2665.385	6504.300	5167.969	5167.969
58	Spectrogram 1	2	5.249468025	5.250465758	2665.385	6504.300	5167.969	5167.969
59	Spectrogram 1	2	5.250465758	5.251463490	2665.385	6504.300	5081.836	5081.836
60	Spectrogram 1	2	5.251463490	5.252461223	2665.385	6504.300	5081.836	5081.836
61	Spectrogram 1	2	5.252461223	5.253458955	2665.385	6504.300	5081.836	5081.836
62	Spectrogram 1	2	5.253458955	5.254456687	2665.385	6504.300	5081.836	5081.836
63	Spectrogram 1	2	5.254456687	5.255454420	2665.385	6504.300	5081.836	5081.836
64	Spectrogram 1	2	5.255454420	5.256452152	2665.385	6504.300	5081.836	5081.836
65	Spectrogram 1	2	5.256452152	5.257449885	2665.385	6504.300	5081.836	5081.836
66	Spectrogram 1	2	5.257449885	5.258447617	2665.385	6504.300	5081.836	5081.836
67	Spectrogram 1	2	5.258447617	5.259445350	2665.385	6504.300	5081.836	5081.836
68	Spectrogram 1	2	5.259445350	5.260443082	2665.385	6504.300	5081.836	5081.836
69	Spectrogram 1	2	5.260443082	5.261440814	2665.385	6504.300	5081.836	5081.836
70	Spectrogram 1	2	5.261440814	5.262438547	2665.385	6504.300	5081.836	5081.836
71	Spectrogram 1	2	5.262438547	5.263436279	2665.385	6504.300	5684.766	5684.766
72	Spectrogram 1	2	5.263436279	5.264434012	2665.385	6504.300	5684.766	5684.766
73	Spectrogram 1	2	5.264434012	5.265431744	2665.385	6504.300	5684.766	5684.766
74	Spectrogram 1	2	5.265431744	5.266429477	2665.385	6504.300	5684.766	5684.766
75	Spectrogram 1	2	5.266429477	5.267427209	2665.385	6504.300	5684.766	5684.766
76	Spectrogram 1	2	5.267427209	5.268424941	2665.385	6504.300	5684.766	5684.766
77	Spectrogram 1	2	5.268424941	5.269422674	2665.385	6504.300	5512.500	5598.633
78	Spectrogram 1	2	5.269422674	5.270420406	2665.385	6504.300	5512.500	5598.633
79	Spectrogram 1	2	5.270420406	5.271418139	2665.385	6504.300	5512.500	5598.633
80	Spectrogram 1	2	5.271418139	5.272415871	2665.385	6504.300	5512.500	5598.633
81	Spectrogram 1	2	5.272415871	5.273413604	2665.385	6504.300	5512.500	5598.633
82	Spectrogram 1	2	5.273413604	5.274411336	2665.385	6504.300	5254.102	5167.969
83	Spectrogram 1	2	5.274411336	5.275409068	2665.385	6504.300	5254.102	5167.969
84	Spectrogram 1	2	5.275409068	5.276406801	2665.385	6504.300	5254.102	5167.969
85	Spectrogram 1	2	5.276406801	5.277404533	2665.385	6504.300	5254.102	5167.969
86	Spectrogram 1	2	5.277404533	5.278402266	2665.385	6504.300	5254.102	5167.969
87	Spectrogram 1	2	5.278402266	5.279399998	2665.385	6504.300	5254.102	5167.969
88	Spectrogram 1	2	5.279399998	5.280397731	2665.385	6504.300	4995.703	4995.703
89	Spectrogram 1	2	5.280397731	5.281395463	2665.385	6504.300	4995.703	4995.703
90	Spectrogram 1	2	5.281395463	5.282393195	2665.385	6504.300	4995.703	4995.703
91	Spectrogram 1	2	5.282393195	5.283390928	2665.385	6504.300	4995.703	4995.703
92	Spectrogram 1	2	5.283390928	5.284388660	2665.385	6504.300	4995.703	4995.703
93	Spectrogram 1	2	5.284388660	5.285386393	2665.385	6504.300	4995.703	4995.703
94	Spectrogram 1	2	5.285386393	5.286384125	2665.385	6504.300	4909.570	4909.570
95	Spectrogram 1	2	5.286384125	5.287381857	2665.385	6504.300	4909.570	4909.570
96	Spectrogram 1	2	5.287381857	5.288379590	2665.385	6504.300	4909.570	4909.570
97	Spectrogram 1	2	5.288379590	5.289377322	2665.385	6504.300	4909.570	4909.570
98	Spectrogram 1	2	5.289377322	5.290375055	2665.385	6504.300	4909.570	4909.570
99	Spectrogram 1	2	5.290375055	5.291372787	2665.385	6504.300	4909.570	4909.570
100	Spectrogram 1	2	5.291372787	5.292370520	2665.385	6504.300	5081.836	5081.836
101	Spectrogram 1	2	5.292370520	5.293368252	2665.385	6504.300	5081.836	5081.836
102	Spectrogram 1	2	5.293368252	5.294365984	2665.385	6504.300	5081.836	5081.836
103	Spectrogram 1	2	5.294365984	5.295363717	2665.385	6504.300	5081.836	5081.836
104	Spectrogram 1	2	5.295363717	5.296361449	2665.385	6504.300	5081.836	5081.836
105	Spectrogram 1	2	5.296361449	5.297359182	2665.385	6504.300	5081.836	5081.836
106	Spectrogram 1	2	5.297359182	5.298356914	2665.385	6504.300	5254.102	5254.102
107	Spectrogram 1	2	5.298356914	5.299354647	2665.385	6504.300	5254.102	5254.102
108	Spectrogram 1	2	5.299354647	5.300352379	2665.385	6504.300	5254.102	5254.102
109	Spectrogram 1	2	5.300352379	5.301350111	2665.385	6504.300	5254.102	5254.102
110	Spectrogram 1	2	5.301350111	5.302347844	2665.385	6504.300	5254.102	5254.102
111	Spectrogram 1	2	5.302347844	5.303345576	2665.385	6504.300	5340.234	5340.234
112	Spectrogram 1	2	5.303345576	5.304343309	2665.385	6504.300	5340.234	5340.234
113	Spectrogram 1	2	5.304343309	5.305341041	2665.385	6504.300	5340.234	5340.234
114	Spectrogram 1	2	5.305341041	5.306338774	2665.385	6504.300	5340.234	5340.234
115	Spectrogram 1	2	5.306338774	5.307336506	2665.385	6504.300	5340.234	5340.234
116	Spectrogram 1	2	5.307336506	5.308334238	2665.385	6504.300	5340.234	5340.234
117	Spectrogram 1	2	5.308334238	5.309331971	2665.385	6504.300	5167.969	5254.102
118	Spectrogram 1	2	5.309331971	5.310329703	2665.385	6504.300	5167.969	5254.102
119	Spectrogram 1	2	5.310329703	5.311327436	2665.385	6504.300	5167.969	5254.102
120	Spectrogram 1	2	5.311327436	5.312325168	2665.385	6504.300	5167.969	5254.102
121	Spectrogram 1	2	5.312325168	5.313322901	2665.385	6504.300	5167.969	5254.102
122	Spectrogram 1	2	5.313322901	5.314320633	2665.385	6504.300	5167.969	5254.102
123	Spectrogram 1	2	5.314320633	5.315318365	2665.385	6504.300	4909.570	4909.570
124	Spectrogram 1	2	5.315318365	5.316316098	2665.385	6504.300	4909.570	4909.570
125	Spectrogram 1	2	5.316316098	5.317313830	2665.385	6504.300	4909.570	4909.570
126	Spectrogram 1	2	5.317313830	5.318311563	2665.385	6504.300	4909.570	4909.570
127	Spectrogram 1	2	5.318311563	5.319309295	2665.385	6504.300	4909.570	4909.570
128	Spectrogram 1	2	5.319309295	5.320307028	2665.385	6504.300	4909.570	4909.570
129	Spectrogram 1	2	5.320307028	5.321304760	2665.385	6504.300	3359.180	3273.047
130	Spectrogram 1	2	5.321304760	5.322302492	2665.385	6504.300	3359.180	3273.047
131	Spectrogram 1	2	5.322302492	5.323300225	2665.385	6504.300	3359.180	3273.047
132	Spectrogram 1	2	5.323300225	5.324297957	2665.385	6504.300	3359.180	3273.047
133	Spectrogram 1	2	5.324297957	5.325295690	2665.385	6504.300	3359.180	3273.047
134	Spectrogram 1	2	5.325295690	5.326293422	2665.385	6504.300	3359.180	3273.047
135	Spectrogram 1	2	5.326293422	5.327291155	2665.385	6504.300	3359.180	3359.180
136	Spectrogram 1	2	5.327291155	5.328288887	2665.385	6504.300	3359.180	3359.180
137	Spectrogram 1	2	5.328288887	5.329286619	2665.385	6504.300	3359.180	3359.180
138	Spectrogram 1	2	5.329286619	5.330284352	2665.385	6504.300	3359.180	3359.180
139	Spectrogram 1	2	5.330284352	5.331282084	2665.385	6504.300	3359.180	3359.180
140	Spectrogram 1	2	5.331282084	5.332279817	2665.385	6504.300	3359.180	3359.180
141	Spectrogram 1	2	5.332279817	5.333277549	2665.385	6504.300	3445.312	3445.312
142	Spectrogram 1	2	5.333277549	5.334275282	2665.385	6504.300	3445.312	3445.312
143	Spectrogram 1	2	5.334275282	5.335273014	2665.385	6504.300	3445.312	3445.312
144	Spectrogram 1	2	5.335273014	5.336270746	2665.385	6504.300	3445.312	3445.312
145	Spectrogram 1	2	5.336270746	5.337268479	2665.385	6504.300	3445.312	3445.312
146	Spectrogram 1	2	5.337268479	5.338266211	2665.385	6504.300	3531.445	3445.312
147	Spectrogram 1	2	5.338266211	5.339263944	2665.385	6504.300	3531.445	3445.312
148	Spectrogram 1	2	5.339263944	5.340261676	2665.385	6504.300	3531.445	3445.312
149	Spectrogram 1	2	5.340261676	5.341259409	2665.385	6504.300	3531.445	3445.312
150	Spectrogram 1	2	5.341259409	5.342257141	2665.385	6504.300	3531.445	3445.312
151	Spectrogram 1	2	5.342257141	5.343254873	2665.385	6504.300	3531.445	3445.312
152	Spectrogram 1	2	5.343254873	5.344252606	2665.385	6504.300	3531.445	3531.445
153	Spectrogram 1	2	5.344252606	5.345250338	2665.385	6504.300	3531.445	3531.445
154	Spectrogram 1	2	5.345250338	5.346248071	2665.385	6504.300	3531.445	3531.445
155	Spectrogram 1	2	5.346248071	5.347245803	2665.385	6504.300	3531.445	3531.445
156	Spectrogram 1	2	5.347245803	5.348243536	2665.385	6504.300	3531.445	3531.445
157	Spectrogram 1	2	5.348243536	5.349241268	2665.385	6504.300	3531.445	3531.445
158	Spectrogram 1	2	5.349241268	5.350239000	2665.385	6504.300	3617.578	3617.578
159	Spectrogram 1	2	5.350239000	5.351236733	2665.385	6504.300	3617.578	3617.578
160	Spectrogram 1	2	5.351236733	5.352234465	2665.385	6504.300	3617.578	3617.578
161	Spectrogram 1	2	5.352234465	5.353232198	2665.385	6504.300	3617.578	3617.578
162	Spectrogram 1	2	5.353232198	5.354229930	2665.385	6504.300	3617.578	3617.578
163	Spectrogram 1	2	5.354229930	5.355227662	2665.385	6504.300	3617.578	3617.578
164	Spectrogram 1	2	5.355227662	5.356225395	2665.385	6504.300	3703.711	3703.711
165	Spectrogram 1	2	5.356225395	5.357223127	2665.385	6504.300	3703.711	3703.711
166	Spectrogram 1	2	5.357223127	5.358220860	2665.385	6504.300	3703.711	3703.711
167	Spectrogram 1	2	5.358220860	5.359218592	2665.385	6504.300	3703.711	3703.711
168	Spectrogram 1	2	5.359218592	5.360216325	2665.385	6504.300	3703.711	3703.711
169	Spectrogram 1	2	5.360216325	5.361214057	2665.385	6504.300	3703.711	3703.711
170	Spectrogram 1	2	5.361214057	5.362211789	2665.385	6504.300	3703.711	3703.711
171	Spectrogram 1	2	5.362211789	5.363209522	2665.385	6504.300	3703.711	3703.711
172	Spectrogram 1	2	5.363209522	5.364207254	2665.385	6504.300	3703.711	3703.711
173	Spectrogram 1	2	5.364207254	5.365204987	2665.385	6504.300	3703.711	3703.711
174	Spectrogram 1	2	5.365204987	5.366202719	2665.385	6504.300	3703.711	3703.711
175	Spectrogram 1	2	5.366202719	5.367200452	2665.385	6504.300	3789.844	3789.844
176	Spectrogram 1	2	5.367200452	5.368198184	2665.385	6504.300	3789.844	3789.844
177	Spectrogram 1	2	5.368198184	5.369195916	2665.385	6504.300	3789.844	3789.844
178	Spectrogram 1	2	5.369195916	5.370193649	2665.385	6504.300	3789.844	3789.844
179	Spectrogram 1	2	5.370193649	5.371191381	2665.385	6504.300	3789.844	3789.844
180	Spectrogram 1	2	5.371191381	5.372189114	2665.385	6504.300	3789.844	3789.844
181	Spectrogram 1	2	5.372189114	5.373186846	2665.385	6504.300	3875.977	3875.977
182	Spectrogram 1	2	5.373186846	5.374184579	2665.385	6504.300	3875.977	3875.977
183	Spectrogram 1	2	5.374184579	5.375182311	2665.385	6504.300	3875.977	3875.977
184	Spectrogram 1	2	5.375182311	5.376180043	2665.385	6504.300	3875.977	3875.977
185	Spectrogram 1	2	5.376180043	5.377177776	2665.385	6504.300	3875.977	3875.977
186	Spectrogram 1	2	5.377177776	5.378175508	2665.385	6504.300	3875.977	3875.977
187	Spectrogram 1	2	5.378175508	5.379173241	2665.385	6504.300	3789.844	3703.711
188	Spectrogram 1	2	5.379173241	5.380170973	2665.385	6504.300	3789.844	3703.711
189	Spectrogram 1	2	5.380170973	5.381168706	2665.385	6504.300	3789.844	3703.711
190	Spectrogram 1	2	5.381168706	5.382166438	2665.385	6504.300	3789.844	3703.711
191	Spectrogram 1	2	5.382166438	5.383164170	2665.385	6504.300	3789.844	3703.711
192	Spectrogram 1	2	5.383164170	5.384161903	2665.385	6504.300	3789.844	3703.711
193	Spectrogram 1	2	5.384161903	5.385159635	2665.385	6504.300	3703.711	3703.711
194	Spectrogram 1	2	5.385159635	5.386157368	2665.385	6504.300	3703.711	3703.711
195	Spectrogram 1	2	5.386157368	5.387155100	2665.385	6504.300	3703.711	3703.711
196	Spectrogram 1	2	5.387155100	5.388152833	2665.385	6504.300	3703.711	3703.711
197	Spectrogram 1	2	5.388152833	5.389150565	2665.385	6504.300	3703.711	3703.711
198	Spectrogram 1	2	5.389150565	5.390148297	2665.385	6504.300	3703.711	3703.711
199	Spectrogram 1	2	5.390148297	5.391146030	2665.385	6504.300	3962.109	3875.977
200	Spectrogram 1	2	5.391146030	5.392143762	2665.385	6504.300	3962.109	3875.977
201	Spectrogram 1	2	5.392143762	5.393141495	2665.385	6504.300	3962.109	3875.977
202	Spectrogram 1	2	5.393141495	5.394139227	2665.385	6504.300	3962.109	3875.977
203	Spectrogram 1	2	5.394139227	5.395136960	2665.385	6504.300	3962.109	3875.977
204	Spectrogram 1	2	5.395136960	5.396134692	2665.385	6504.300	3962.109	3875.977
205	Spectrogram 1	2	5.396134692	5.397132424	2665.385	6504.300	4306.641	4306.641
206	Spectrogram 1	2	5.397132424	5.398130157	2665.385	6504.300	4306.641	4306.641
207	Spectrogram 1	2	5.398130157	5.399127889	2665.385	6504.300	4306.641	4306.641
208	Spectrogram 1	2	5.399127889	5.400125622	2665.385	6504.300	4306.641	4306.641
209	Spectrogram 1	2	5.400125622	5.401123354	2665.385	6504.300	4306.641	4306.641
210	Spectrogram 1	2	5.401123354	5.402121087	2665.385	6504.300	5254.102	5426.367
211	Spectrogram 1	2	5.402121087	5.403118819	2665.385	6504.300	5254.102	5426.367
212	Spectrogram 1	2	5.403118819	5.404116551	2665.385	6504.300	5254.102	5426.367
213	Spectrogram 1	2	5.404116551	5.405114284	2665.385	6504.300	5254.102	5426.367
214	Spectrogram 1	2	5.405114284	5.406112016	2665.385	6504.300	5254.102	5426.367
215	Spectrogram 1	2	5.406112016	5.407109749	2665.385	6504.300	5254.102	5426.367
216	Spectrogram 1	2	5.407109749	5.408107481	2665.385	6504.300	6029.297	6115.430
217	Spectrogram 1	2	5.408107481	5.409105214	2665.385	6504.300	6029.297	6115.430
218	Spectrogram 1	2	5.409105214	5.410102946	2665.385	6504.300	6029.297	6115.430
219	Spectrogram 1	2	5.410102946	5.411100678	2665.385	6504.300	6029.297	6115.430
220	Spectrogram 1	2	5.411100678	5.412098411	2665.385	6504.300	6029.297	6115.430
221	Spectrogram 1	2	5.412098411	5.413096143	2665.385	6504.300	6029.297	6115.430
222	Spectrogram 1	2	5.413096143	5.414093876	2665.385	6504.300	6201.562	6201.562
223	Spectrogram 1	2	5.414093876	5.415091608	2665.385	6504.300	6201.562	6201.562
224	Spectrogram 1	2	5.415091608	5.416089340	2665.385	6504.300	6201.562	6201.562
225	Spectrogram 1	2	5.416089340	5.417087073	2665.385	6504.300	6201.562	6201.562
226	Spectrogram 1	2	5.417087073	5.418084805	2665.385	6504.300	6201.562	6201.562
227	Spectrogram 1	2	5.418084805	5.419082538	2665.385	6504.300	6201.562	6201.562
228	Spectrogram 1	2	5.419082538	5.420080270	2665.385	6504.300	5426.367	5426.367
229	Spectrogram 1	2	5.420080270	5.421078003	2665.385	6504.300	5426.367	5426.367
230	Spectrogram 1	2	5.421078003	5.422075735	2665.385	6504.300	5426.367	5426.367
231	Spectrogram 1	2	5.422075735	5.423073467	2665.385	6504.300	5426.367	5426.367
232	Spectrogram 1	2	5.423073467	5.424071200	2665.385	6504.300	5426.367	5426.367
233	Spectrogram 1	2	5.424071200	5.425068932	2665.385	6504.300	5426.367	5426.367
234	Spectrogram 1	2	5.425068932	5.426066665	2665.385	6504.300	4565.039	4565.039
235	Spectrogram 1	2	5.426066665	5.427064397	2665.385	6504.300	4565.039	4565.039
236	Spectrogram 1	2	5.427064397	5.428062130	2665.385	6504.300	4565.039	4565.039
237	Spectrogram 1	2	5.428062130	5.429059862	2665.385	6504.300	4565.039	4565.039
238	Spectrogram 1	2	5.429059862	5.430057594	2665.385	6504.300	4565.039	4565.039
239	Spectrogram 1	2	5.430057594	5.431055327	2665.385	6504.300	4048.242	3962.109
240	Spectrogram 1	2	5.431055327	5.432053059	2665.385	6504.300	4048.242	3962.109
241	Spectrogram 1	2	5.432053059	5.433050792	2665.385	6504.300	4048.242	3962.109
242	Spectrogram 1	2	5.433050792	5.434048524	2665.385	6504.300	4048.242	3962.109
243	Spectrogram 1	2	5.434048524	5.435046257	2665.385	6504.300	4048.242	3962.109
244	Spectrogram 1	2	5.435046257	5.436043989	2665.385	6504.300	4048.242	3962.109
245	Spectrogram 1	2	5.436043989	5.437041721	2665.385	6504.300	3703.711	3617.578
246	Spectrogram 1	2	5.437041721	5.438039454	2665.385	6504.300	3703.711	3617.578
247	Spectrogram 1	2	5.438039454	5.438606894	2665.385	6504.300	3703.711	3617.578
