Selection	View	Channel	Begin Time (s)	End Time (s)	Low Freq (Hz)	High Freq (Hz)	Center Freq (Hz)	Peak Freq (Hz)
1	Spectrogram 1	1	0.734683259	0.735680991	2894.300	6115.300	4478.906	4565.039
2	Spectrogram 1	1	0.735680991	0.736678724	2894.300	6115.300	4478.906	4565.039
3	Spectrogram 1	1	0.736678724	0.737676456	2894.300	6115.300	4478.906	4565.039
4	Spectrogram 1	1	0.737676456	0.738674189	2894.300	6115.300	4478.906	4565.039
5	Spectrogram 1	1	0.738674189	0.739671921	2894.300	6115.300	4478.906	4565.039
6	Spectrogram 1	1	0.739671921	0.740669654	2894.300	6115.300	5167.969	5167.969
7	Spectrogram 1	1	0.740669654	0.741667386	2894.300	6115.300	5167.969	5167.969
8	Spectrogram 1	1	0.741667386	0.742665118	2894.300	6115.300	5167.969	5167.969
9	Spectrogram 1	1	0.742665118	0.743662851	2894.300	6115.300	5167.969	5167.969
10	Spectrogram 1	1	0.743662851	0.744660583	2894.300	6115.300	5167.969	5167.969
11	Spectrogram 1	1	0.744660583	0.745658316	2894.300	6115.300	5167.969	5167.969
12	Spectrogram 1	1	0.745658316	0.746656048	2894.300	6115.300	5254.102	5254.102
13	Spectrogram 1	1	0.746656048	0.747653781	2894.300	6115.300	5254.102	5254.102
14	Spectrogram 1	1	0.747653781	0.748651513	2894.300	6115.300	5254.102	5254.102
15	Spectrogram 1	1	0.748651513	0.749649245	2894.300	6115.300	5254.102	5254.102
16	Spectrogram 1	1	0.749649245	0.750646978	2894.300	6115.300	5254.102	5254.102
17	Spectrogram 1	1	0.750646978	0.751644710	2894.300	6115.300	5254.102	5254.102
18	Spectrogram 1	1	0.751644710	0.752642443	2894.300	6115.300	5254.102	5254.102
19	Spectrogram 1	1	0.752642443	0.753640175	2894.300	6115.300	5254.102	5254.102
20	Spectrogram 1	1	0.753640175	0.754637908	2894.300	6115.300	5254.102	5254.102
21	Spectrogram 1	1	0.754637908	0.755635640	2894.300	6115.300	5254.102	5254.102
22	Spectrogram 1	1	0.755635640	0.756633372	2894.300	6115.300	5254.102	5254.102
23	Spectrogram 1	1	0.756633372	0.757631105	2894.300	6115.300	5254.102	5254.102
24	Spectrogram 1	1	0.757631105	0.758628837	2894.300	6115.300	5081.836	5081.836
25	Spectrogram 1	1	0.758628837	0.759626570	2894.300	6115.300	5081.836	5081.836
26	Spectrogram 1	1	0.759626570	0.760624302	2894.300	6115.300	5081.836	5081.836
27	Spectrogram 1	1	0.760624302	0.761622035	2894.300	6115.300	5081.836	5081.836
28	Spectrogram 1	1	0.761622035	0.762619767	2894.300	6115.300	5081.836	5081.836
29	Spectrogram 1	1	0.762619767	0.763617499	2894.300	6115.300	5081.836	5081.836
30	Spectrogram 1	1	0.763617499	0.764615232	2894.300	6115.300	4995.703	4995.703
31	Spectrogram 1	1	0.764615232	0.765612964	2894.300	6115.300	4995.703	4995.703
32	Spectrogram 1	1	0.765612964	0.766610697	2894.300	6115.300	4995.703	4995.703
33	Spectrogram 1	1	0.766610697	0.767608429	2894.300	6115.300	4995.703	4995.703
34	Spectrogram 1	1	0.767608429	0.768606161	2894.300	6115.300	4995.703	4995.703
35	Spectrogram 1	1	0.768606161	0.769603894	2894.300	6115.300	4995.703	4995.703
36	Spectrogram 1	1	0.769603894	0.770601626	2894.300	6115.300	4737.305	4737.305
37	Spectrogram 1	1	0.770601626	0.771599359	2894.300	6115.300	4737.305	4737.305
38	Spectrogram 1	1	0.771599359	0.772597091	2894.300	6115.300	4737.305	4737.305
39	Spectrogram 1	1	0.772597091	0.773594824	2894.300	6115.300	4737.305	4737.305
40	Spectrogram 1	1	0.773594824	0.774592556	2894.300	6115.300	4737.305	4737.305
41	Spectrogram 1	1	0.774592556	0.775590288	2894.300	6115.300	4392.773	4392.773
42	Spectrogram 1	1	0.775590288	0.776588021	2894.300	6115.300	4392.773	4392.773
43	Spectrogram 1	1	0.776588021	0.777585753	2894.300	6115.300	4392.773	4392.773
44	Spectrogram 1	1	0.777585753	0.778583486	2894.300	6115.300	4392.773	4392.773
45	Spectrogram 1	1	0.778583486	0.779581218	2894.300	6115.300	4392.773	4392.773
46	Spectrogram 1	1	0.779581218	0.780578951	2894.300	6115.300	4392.773	4392.773
47	Spectrogram 1	1	0.780578951	0.781576683	2894.300	6115.300	4220.508	4134.375
48	Spectrogram 1	1	0.781576683	0.782574415	2894.300	6115.300	4220.508	4134.375
49	Spectrogram 1	1	0.782574415	0.783572148	2894.300	6115.300	4220.508	4134.375
50	Spectrogram 1	1	0.783572148	0.784569880	2894.300	6115.300	4220.508	4134.375
51	Spectrogram 1	1	0.784569880	0.785567613	2894.300	6115.300	4220.508	4134.375
52	Spectrogram 1	1	0.785567613	0.786565345	2894.300	6115.300	4220.508	4134.375
53	Spectrogram 1	1	0.786565345	0.787563078	2894.300	6115.300	4392.773	4392.773
54	Spectrogram 1	1	0.787563078	0.788560810	2894.300	6115.300	4392.773	4392.773
55	Spectrogram 1	1	0.788560810	0.789558542	2894.300	6115.300	4392.773	4392.773
56	Spectrogram 1	1	0.789558542	0.790556275	2894.300	6115.300	4392.773	4392.773
57	Spectrogram 1	1	0.790556275	0.791554007	2894.300	6115.300	4392.773	4392.773
58	Spectrogram 1	1	0.791554007	0.792551740	2894.300	6115.300	4392.773	4392.773
59	Spectrogram 1	1	0.792551740	0.793549472	2894.300	6115.300	4565.039	4565.039
60	Spectrogram 1	1	0.793549472	0.794547205	2894.300	6115.300	4565.039	4565.039
61	Spectrogram 1	1	0.794547205	0.795544937	2894.300	6115.300	4565.039	4565.039
62	Spectrogram 1	1	0.795544937	0.796542669	2894.300	6115.300	4565.039	4565.039
63	Spectrogram 1	1	0.796542669	0.797540402	2894.300	6115.300	4565.039	4565.039
64	Spectrogram 1	1	0.797540402	0.798538134	2894.300	6115.300	4565.039	4565.039
65	Spectrogram 1	1	0.798538134	0.799535867	2894.300	6115.300	4565.039	4565.039
66	Spectrogram 1	1	0.799535867	0.800533599	2894.300	6115.300	4565.039	4565.039
67	Spectrogram 1	1	0.800533599	0.801531332	2894.300	6115.300	4565.039	4565.039
68	Spectrogram 1	1	0.801531332	0.802529064	2894.300	6115.300	4565.039	4565.039
69	Spectrogram 1	1	0.802529064	0.803526796	2894.300	6115.300	4565.039	4565.039
70	Spectrogram 1	1	0.803526796	0.804524529	2894.300	6115.300	4478.906	4478.906
71	Spectrogram 1	1	0.804524529	0.805522261	2894.300	6115.300	4478.906	4478.906
72	Spectrogram 1	1	0.805522261	0.806519994	2894.300	6115.300	4478.906	4478.906
73	Spectrogram 1	1	0.806519994	0.807517726	2894.300	6115.300	4478.906	4478.906
74	Spectrogram 1	1	0.807517726	0.808515459	2894.300	6115.300	4478.906	4478.906
75	Spectrogram 1	1	0.808515459	0.809513191	2894.300	6115.300	4478.906	4478.906
76	Spectrogram 1	1	0.809513191	0.810510923	2894.300	6115.300	4306.641	4134.375
77	Spectrogram 1	1	0.810510923	0.811508656	2894.300	6115.300	4306.641	4134.375
78	Spectrogram 1	1	0.811508656	0.812506388	2894.300	6115.300	4306.641	4134.375
79	Spectrogram 1	1	0.812506388	0.813504121	2894.300	6115.300	4306.641	4134.375
80	Spectrogram 1	1	0.813504121	0.814501853	2894.300	6115.300	4306.641	4134.375
81	Spectrogram 1	1	0.814501853	0.815499586	2894.300	6115.300	4306.641	4134.375
82	Spectrogram 1	1	0.815499586	0.816497318	2894.300	6115.300	4909.570	4909.570
83	Spectrogram 1	1	0.816497318	0.817495050	2894.300	6115.300	4909.570	4909.570
84	Spectrogram 1	1	0.817495050	0.818492783	2894.300	6115.300	4909.570	4909.570
85	Spectrogram 1	1	0.818492783	0.819490515	2894.300	6115.300	4909.570	4909.570
86	Spectrogram 1	1	0.819490515	0.820488248	2894.300	6115.300	4909.570	4909.570
87	Spectrogram 1	1	0.820488248	0.821485980	2894.300	6115.300	4909.570	4909.570
88	Spectrogram 1	1	0.821485980	0.822483713	2894.300	6115.300	4995.703	4995.703
89	Spectrogram 1	1	0.822483713	0.823481445	2894.300	6115.300	4995.703	4995.703
90	Spectrogram 1	1	0.823481445	0.824479177	2894.300	6115.300	4995.703	4995.703
91	Spectrogram 1	1	0.824479177	0.825476910	2894.300	6115.300	4995.703	4995.703
92	Spectrogram 1	1	0.825476910	0.826474642	2894.300	6115.300	4995.703	4995.703
93	Spectrogram 1	1	0.826474642	0.827472375	2894.300	6115.300	4995.703	4995.703
94	Spectrogram 1	1	0.827472375	0.828470107	2894.300	6115.300	4823.438	4737.305
95	Spectrogram 1	1	0.828470107	0.829467839	2894.300	6115.300	4823.438	4737.305
96	Spectrogram 1	1	0.829467839	0.830465572	2894.300	6115.300	4823.438	4737.305
97	Spectrogram 1	1	0.830465572	0.831463304	2894.300	6115.300	4823.438	4737.305
98	Spectrogram 1	1	0.831463304	0.832461037	2894.300	6115.300	4823.438	4737.305
99	Spectrogram 1	1	0.832461037	0.833458769	2894.300	6115.300	4823.438	4737.305
100	Spectrogram 1	1	0.833458769	0.834456502	2894.300	6115.300	4651.172	4651.172
101	Spectrogram 1	1	0.834456502	0.835454234	2894.300	6115.300	4651.172	4651.172
102	Spectrogram 1	1	0.835454234	0.836451966	2894.300	6115.300	4651.172	4651.172
103	Spectrogram 1	1	0.836451966	0.837449699	2894.300	6115.300	4651.172	4651.172
104	Spectrogram 1	1	0.837449699	0.838447431	2894.300	6115.300	4651.172	4651.172
105	Spectrogram 1	1	0.838447431	0.839445164	2894.300	6115.300	4565.039	4565.039
106	Spectrogram 1	1	0.839445164	0.840442896	2894.300	6115.300	4565.039	4565.039
107	Spectrogram 1	1	0.840442896	0.841440629	2894.300	6115.300	4565.039	4565.039
108	Spectrogram 1	1	0.841440629	0.842438361	2894.300	6115.300	4565.039	4565.039
109	Spectrogram 1	1	0.842438361	0.843436093	2894.300	6115.300	4565.039	4565.039
110	Spectrogram 1	1	0.843436093	0.844433826	2894.300	6115.300	4565.039	4565.039
111	Spectrogram 1	1	0.844433826	0.845431558	2894.300	6115.300	4909.570	4909.570
112	Spectrogram 1	1	0.845431558	0.846429291	2894.300	6115.300	4909.570	4909.570
113	Spectrogram 1	1	0.846429291	0.847427023	2894.300	6115.300	4909.570	4909.570
114	Spectrogram 1	1	0.847427023	0.848424756	2894.300	6115.300	4909.570	4909.570
115	Spectrogram 1	1	0.848424756	0.849422488	2894.300	6115.300	4909.570	4909.570
116	Spectrogram 1	1	0.849422488	0.850420220	2894.300	6115.300	4909.570	4909.570
117	Spectrogram 1	1	0.850420220	0.851417953	2894.300	6115.300	4737.305	4737.305
118	Spectrogram 1	1	0.851417953	0.852415685	2894.300	6115.300	4737.305	4737.305
119	Spectrogram 1	1	0.852415685	0.853413418	2894.300	6115.300	4737.305	4737.305
120	Spectrogram 1	1	0.853413418	0.854411150	2894.300	6115.300	4737.305	4737.305
121	Spectrogram 1	1	0.854411150	0.855408883	2894.300	6115.300	4737.305	4737.305
122	Spectrogram 1	1	0.855408883	0.856406615	2894.300	6115.300	4737.305	4737.305
123	Spectrogram 1	1	0.856406615	0.857404347	2894.300	6115.300	4565.039	3100.781
124	Spectrogram 1	1	0.857404347	0.858402080	2894.300	6115.300	4565.039	3100.781
125	Spectrogram 1	1	0.858402080	0.859399812	2894.300	6115.300	4565.039	3100.781
126	Spectrogram 1	1	0.859399812	0.860397545	2894.300	6115.300	4565.039	3100.781
127	Spectrogram 1	1	0.860397545	0.861395277	2894.300	6115.300	4565.039	3100.781
128	Spectrogram 1	1	0.861395277	0.862393010	2894.300	6115.300	4565.039	3100.781
129	Spectrogram 1	1	0.862393010	0.863390742	2894.300	6115.300	3359.180	3273.047
130	Spectrogram 1	1	0.863390742	0.864388474	2894.300	6115.300	3359.180	3273.047
131	Spectrogram 1	1	0.864388474	0.865386207	2894.300	6115.300	3359.180	3273.047
132	Spectrogram 1	1	0.865386207	0.866383939	2894.300	6115.300	3359.180	3273.047
133	Spectrogram 1	1	0.866383939	0.867381672	2894.300	6115.300	3359.180	3273.047
134	Spectrogram 1	1	0.867381672	0.868379404	2894.300	6115.300	3359.180	3359.180
135	Spectrogram 1	1	0.868379404	0.869377137	2894.300	6115.300	3359.180	3359.180
136	Spectrogram 1	1	0.869377137	0.870374869	2894.300	6115.300	3359.180	3359.180
137	Spectrogram 1	1	0.870374869	0.871372601	2894.300	6115.300	3359.180	3359.180
138	Spectrogram 1	1	0.871372601	0.872370334	2894.300	6115.300	3359.180	3359.180
139	Spectrogram 1	1	0.872370334	0.873368066	2894.300	6115.300	3359.180	3359.180
140	Spectrogram 1	1	0.873368066	0.874365799	2894.300	6115.300	3359.180	3359.180
141	Spectrogram 1	1	0.874365799	0.875363531	2894.300	6115.300	3359.180	3359.180
142	Spectrogram 1	1	0.875363531	0.876361264	2894.300	6115.300	3359.180	3359.180
143	Spectrogram 1	1	0.876361264	0.877358996	2894.300	6115.300	3359.180	3359.180
144	Spectrogram 1	1	0.877358996	0.878356728	2894.300	6115.300	3359.180	3359.180
145	Spectrogram 1	1	0.878356728	0.879354461	2894.300	6115.300	3359.180	3359.180
146	Spectrogram 1	1	0.879354461	0.880352193	2894.300	6115.300	3359.180	3359.180
147	Spectrogram 1	1	0.880352193	0.881349926	2894.300	6115.300	3359.180	3359.180
148	Spectrogram 1	1	0.881349926	0.882347658	2894.300	6115.300	3359.180	3359.180
149	Spectrogram 1	1	0.882347658	0.883345391	2894.300	6115.300	3359.180	3359.180
150	Spectrogram 1	1	0.883345391	0.884343123	2894.300	6115.300	3359.180	3359.180
151	Spectrogram 1	1	0.884343123	0.885340855	2894.300	6115.300	3359.180	3359.180
152	Spectrogram 1	1	0.885340855	0.886338588	2894.300	6115.300	3445.312	3445.312
153	Spectrogram 1	1	0.886338588	0.887336320	2894.300	6115.300	3445.312	3445.312
154	Spectrogram 1	1	0.887336320	0.888334053	2894.300	6115.300	3445.312	3445.312
155	Spectrogram 1	1	0.888334053	0.889331785	2894.300	6115.300	3445.312	3445.312
156	Spectrogram 1	1	0.889331785	0.890329518	2894.300	6115.300	3445.312	3445.312
157	Spectrogram 1	1	0.890329518	0.891327250	2894.300	6115.300	3445.312	3445.312
158	Spectrogram 1	1	0.891327250	0.892324982	2894.300	6115.300	3617.578	3617.578
159	Spectrogram 1	1	0.892324982	0.893322715	2894.300	6115.300	3617.578	3617.578
160	Spectrogram 1	1	0.893322715	0.894320447	2894.300	6115.300	3617.578	3617.578
161	Spectrogram 1	1	0.894320447	0.895318180	2894.300	6115.300	3617.578	3617.578
162	Spectrogram 1	1	0.895318180	0.896315912	2894.300	6115.300	3617.578	3617.578
163	Spectrogram 1	1	0.896315912	0.897313644	2894.300	6115.300	3617.578	3617.578
164	Spectrogram 1	1	0.897313644	0.898311377	2894.300	6115.300	3617.578	3617.578
165	Spectrogram 1	1	0.898311377	0.899309109	2894.300	6115.300	3617.578	3617.578
166	Spectrogram 1	1	0.899309109	0.900306842	2894.300	6115.300	3617.578	3617.578
167	Spectrogram 1	1	0.900306842	0.901304574	2894.300	6115.300	3617.578	3617.578
168	Spectrogram 1	1	0.901304574	0.902302307	2894.300	6115.300	3617.578	3617.578
169	Spectrogram 1	1	0.902302307	0.903300039	2894.300	6115.300	3617.578	3617.578
170	Spectrogram 1	1	0.903300039	0.904297771	2894.300	6115.300	3617.578	3617.578
171	Spectrogram 1	1	0.904297771	0.905295504	2894.300	6115.300	3617.578	3617.578
172	Spectrogram 1	1	0.905295504	0.906293236	2894.300	6115.300	3617.578	3617.578
173	Spectrogram 1	1	0.906293236	0.907290969	2894.300	6115.300	3617.578	3617.578
174	Spectrogram 1	1	0.907290969	0.908288701	2894.300	6115.300	3617.578	3617.578
175	Spectrogram 1	1	0.908288701	0.909286434	2894.300	6115.300	3617.578	3617.578
176	Spectrogram 1	1	0.909286434	0.910284166	2894.300	6115.300	3617.578	3617.578
177	Spectrogram 1	1	0.910284166	0.911281898	2894.300	6115.300	3617.578	3617.578
178	Spectrogram 1	1	0.911281898	0.912279631	2894.300	6115.300	3617.578	3617.578
179	Spectrogram 1	1	0.912279631	0.913277363	2894.300	6115.300	3617.578	3617.578
180	Spectrogram 1	1	0.913277363	0.914275096	2894.300	6115.300	3617.578	3617.578
181	Spectrogram 1	1	0.914275096	0.915272828	2894.300	6115.300	3617.578	3617.578
182	Spectrogram 1	1	0.915272828	0.916270561	2894.300	6115.300	3617.578	3617.578
183	Spectrogram 1	1	0.916270561	0.917268293	2894.300	6115.300	3617.578	3617.578
184	Spectrogram 1	1	0.917268293	0.918266025	2894.300	6115.300	3617.578	3617.578
185	Spectrogram 1	1	0.918266025	0.919263758	2894.300	6115.300	3617.578	3617.578
186	Spectrogram 1	1	0.919263758	0.920261490	2894.300	6115.300	3617.578	3617.578
187	Spectrogram 1	1	0.920261490	0.921259223	2894.300	6115.300	3962.109	3962.109
188	Spectrogram 1	1	0.921259223	0.922256955	2894.300	6115.300	3962.109	3962.109
189	Spectrogram 1	1	0.922256955	0.923254688	2894.300	6115.300	3962.109	3962.109
190	Spectrogram 1	1	0.923254688	0.924252420	2894.300	6115.300	3962.109	3962.109
191	Spectrogram 1	1	0.924252420	0.925250152	2894.300	6115.300	3962.109	3962.109
192	Spectrogram 1	1	0.925250152	0.926247885	2894.300	6115.300	3962.109	3962.109
193	Spectrogram 1	1	0.926247885	0.927245617	2894.300	6115.300	4134.375	4134.375
194	Spectrogram 1	1	0.927245617	0.928243350	2894.300	6115.300	4134.375	4134.375
195	Spectrogram 1	1	0.928243350	0.929241082	2894.300	6115.300	4134.375	4134.375
196	Spectrogram 1	1	0.929241082	0.930238815	2894.300	6115.300	4134.375	4134.375
197	Spectrogram 1	1	0.930238815	0.931236547	2894.300	6115.300	4134.375	4134.375
198	Spectrogram 1	1	0.931236547	0.932234279	2894.300	6115.300	4306.641	4306.641
199	Spectrogram 1	1	0.932234279	0.933232012	2894.300	6115.300	4306.641	4306.641
200	Spectrogram 1	1	0.933232012	0.934229744	2894.300	6115.300	4306.641	4306.641
201	Spectrogram 1	1	0.934229744	0.935227477	2894.300	6115.300	4306.641	4306.641
202	Spectrogram 1	1	0.935227477	0.936225209	2894.300	6115.300	4306.641	4306.641
203	Spectrogram 1	1	0.936225209	0.937222942	2894.300	6115.300	4306.641	4306.641
204	Spectrogram 1	1	0.937222942	0.938220674	2894.300	6115.300	4392.773	4392.773
205	Spectrogram 1	1	0.938220674	0.939218406	2894.300	6115.300	4392.773	4392.773
206	Spectrogram 1	1	0.939218406	0.940216139	2894.300	6115.300	4392.773	4392.773
207	Spectrogram 1	1	0.940216139	0.941213871	2894.300	6115.300	4392.773	4392.773
208	Spectrogram 1	1	0.941213871	0.942211604	2894.300	6115.300	4392.773	4392.773
209	Spectrogram 1	1	0.942211604	0.943209336	2894.300	6115.300	4392.773	4392.773
210	Spectrogram 1	1	0.943209336	0.944207069	2894.300	6115.300	4478.906	4478.906
211	Spectrogram 1	1	0.944207069	0.945204801	2894.300	6115.300	4478.906	4478.906
212	Spectrogram 1	1	0.945204801	0.946202533	2894.300	6115.300	4478.906	4478.906
213	Spectrogram 1	1	0.946202533	0.947200266	2894.300	6115.300	4478.906	4478.906
214	Spectrogram 1	1	0.947200266	0.948197998	2894.300	6115.300	4478.906	4478.906
215	Spectrogram 1	1	0.948197998	0.949195731	2894.300	6115.300	4478.906	4478.906
216	Spectrogram 1	1	0.949195731	0.950193463	2894.300	6115.300	4651.172	4651.172
217	Spectrogram 1	1	0.950193463	0.951191196	2894.300	6115.300	4651.172	4651.172
218	Spectrogram 1	1	0.951191196	0.952188928	2894.300	6115.300	4651.172	4651.172
219	Spectrogram 1	1	0.952188928	0.953186660	2894.300	6115.300	4651.172	4651.172
220	Spectrogram 1	1	0.953186660	0.954184393	2894.300	6115.300	4651.172	4651.172
221	Spectrogram 1	1	0.954184393	0.955182125	2894.300	6115.300	4651.172	4651.172
222	Spectrogram 1	1	0.955182125	0.956179858	2894.300	6115.300	5167.969	4995.703
223	Spectrogram 1	1	0.956179858	0.957177590	2894.300	6115.300	5167.969	4995.703
224	Spectrogram 1	1	0.957177590	0.958175322	2894.300	6115.300	5167.969	4995.703
225	Spectrogram 1	1	0.958175322	0.959173055	2894.300	6115.300	5167.969	4995.703
226	Spectrogram 1	1	0.959173055	0.960170787	2894.300	6115.300	5167.969	4995.703
227	Spectrogram 1	1	0.960170787	0.961168520	2894.300	6115.300	5167.969	4995.703
228	Spectrogram 1	1	0.961168520	0.962166252	2894.300	6115.300	5770.898	5857.031
229	Spectrogram 1	1	0.962166252	0.963163985	2894.300	6115.300	5770.898	5857.031
230	Spectrogram 1	1	0.963163985	0.964161717	2894.300	6115.300	5770.898	5857.031
231	Spectrogram 1	1	0.964161717	0.965159449	2894.300	6115.300	5770.898	5857.031
232	Spectrogram 1	1	0.965159449	0.966157182	2894.300	6115.300	5770.898	5857.031
233	Spectrogram 1	1	0.966157182	0.967154914	2894.300	6115.300	5426.367	5598.633
234	Spectrogram 1	1	0.967154914	0.968152647	2894.300	6115.300	5426.367	5598.633
235	Spectrogram 1	1	0.968152647	0.969150379	2894.300	6115.300	5426.367	5598.633
236	Spectrogram 1	1	0.969150379	0.970148112	2894.300	6115.300	5426.367	5598.633
237	Spectrogram 1	1	0.970148112	0.971145844	2894.300	6115.300	5426.367	5598.633
238	Spectrogram 1	1	0.971145844	0.972143576	2894.300	6115.300	5426.367	5598.633
239	Spectrogram 1	1	0.972143576	0.973141309	2894.300	6115.300	4306.641	4306.641
240	Spectrogram 1	1	0.973141309	0.974139041	2894.300	6115.300	4306.641	4306.641
241	Spectrogram 1	1	0.974139041	0.975136774	2894.300	6115.300	4306.641	4306.641
242	Spectrogram 1	1	0.975136774	0.976134506	2894.300	6115.300	4306.641	4306.641
243	Spectrogram 1	1	0.976134506	0.977132239	2894.300	6115.300	4306.641	4306.641
244	Spectrogram 1	1	0.977132239	0.978129971	2894.300	6115.300	4306.641	4306.641
245	Spectrogram 1	1	0.978129971	0.979127703	2894.300	6115.300	4048.242	4048.242
246	Spectrogram 1	1	0.979127703	0.980125436	2894.300	6115.300	4048.242	4048.242
247	Spectrogram 1	1	0.980125436	0.981123168	2894.300	6115.300	4048.242	4048.242
248	Spectrogram 1	1	0.981123168	0.982120901	2894.300	6115.300	4048.242	4048.242
249	Spectrogram 1	1	0.982120901	0.983118633	2894.300	6115.300	4048.242	4048.242
250	Spectrogram 1	1	0.983118633	0.984116366	2894.300	6115.300	4048.242	4048.242
251	Spectrogram 1	1	0.984116366	0.985114098	2894.300	6115.300	3875.977	3875.977
252	Spectrogram 1	1	0.985114098	0.986111830	2894.300	6115.300	3875.977	3875.977
253	Spectrogram 1	1	0.986111830	0.987109563	2894.300	6115.300	3875.977	3875.977
254	Spectrogram 1	1	0.987109563	0.988107295	2894.300	6115.300	3875.977	3875.977
255	Spectrogram 1	1	0.988107295	0.989105028	2894.300	6115.300	3875.977	3875.977
256	Spectrogram 1	1	0.989105028	0.990102760	2894.300	6115.300	3875.977	3875.977
257	Spectrogram 1	1	0.990102760	0.991100493	2894.300	6115.300	3875.977	3875.977
258	Spectrogram 1	1	0.991100493	0.992098225	2894.300	6115.300	3875.977	3875.977
259	Spectrogram 1	1	0.992098225	0.993095957	2894.300	6115.300	3875.977	3875.977
260	Spectrogram 1	1	0.993095957	0.994093690	2894.300	6115.300	3875.977	3875.977
261	Spectrogram 1	1	0.994093690	0.994355791	2894.300	6115.300	3875.977	3875.977
