Selection	View	Channel	Begin Time (s)	End Time (s)	Low Freq (Hz)	High Freq (Hz)	Center Freq (Hz)	Peak Freq (Hz)
1	Spectrogram 1	1	3.071901091	3.072898823	2683.000	6024.100	3531.445	3445.312
2	Spectrogram 1	1	3.072898823	3.073896556	2683.000	6024.100	3531.445	3445.312
3	Spectrogram 1	1	3.073896556	3.074894288	2683.000	6024.100	4478.906	4478.906
4	Spectrogram 1	1	3.074894288	3.075892021	2683.000	6024.100	4478.906	4478.906
5	Spectrogram 1	1	3.075892021	3.076889753	2683.000	6024.100	4478.906	4478.906
6	Spectrogram 1	1	3.076889753	3.077887486	2683.000	6024.100	4478.906	4478.906
7	Spectrogram 1	1	3.077887486	3.078885218	2683.000	6024.100	4478.906	4478.906
8	Spectrogram 1	1	3.078885218	3.079882950	2683.000	6024.100	4478.906	4478.906
9	Spectrogram 1	1	3.079882950	3.080880683	2683.000	6024.100	4737.305	4823.438
10	Spectrogram 1	1	3.080880683	3.081878415	2683.000	6024.100	4737.305	4823.438
11	Spectrogram 1	1	3.081878415	3.082876148	2683.000	6024.100	4737.305	4823.438
12	Spectrogram 1	1	3.082876148	3.083873880	2683.000	6024.100	4737.305	4823.438
13	Spectrogram 1	1	3.083873880	3.084871613	2683.000	6024.100	4737.305	4823.438
14	Spectrogram 1	1	3.084871613	3.085869345	2683.000	6024.100	4651.172	4651.172
15	Spectrogram 1	1	3.085869345	3.086867077	2683.000	6024.100	4651.172	4651.172
16	Spectrogram 1	1	3.086867077	3.087864810	2683.000	6024.100	4651.172	4651.172
17	Spectrogram 1	1	3.087864810	3.088862542	2683.000	6024.100	4651.172	4651.172
18	Spectrogram 1	1	3.088862542	3.089860275	2683.000	6024.100	4651.172	4651.172
19	Spectrogram 1	1	3.089860275	3.090858007	2683.000	6024.100	4651.172	4651.172
20	Spectrogram 1	1	3.090858007	3.091855740	2683.000	6024.100	4823.438	4823.438
21	Spectrogram 1	1	3.091855740	3.092853472	2683.000	6024.100	4823.438	4823.438
22	Spectrogram 1	1	3.092853472	3.093851204	2683.000	6024.100	4823.438	4823.438
23	Spectrogram 1	1	3.093851204	3.094848937	2683.000	6024.100	4823.438	4823.438
24	Spectrogram 1	1	3.094848937	3.095846669	2683.000	6024.100	4823.438	4823.438
25	Spectrogram 1	1	3.095846669	3.096844402	2683.000	6024.100	4823.438	4823.438
26	Spectrogram 1	1	3.096844402	3.097842134	2683.000	6024.100	4909.570	4909.570
27	Spectrogram 1	1	3.097842134	3.098839867	2683.000	6024.100	4909.570	4909.570
28	Spectrogram 1	1	3.098839867	3.099837599	2683.000	6024.100	4909.570	4909.570
29	Spectrogram 1	1	3.099837599	3.100835331	2683.000	6024.100	4909.570	4909.570
30	Spectrogram 1	1	3.100835331	3.101833064	2683.000	6024.100	4909.570	4909.570
31	Spectrogram 1	1	3.101833064	3.102830796	2683.000	6024.100	4909.570	4909.570
32	Spectrogram 1	1	3.102830796	3.103828529	2683.000	6024.100	4995.703	4995.703
33	Spectrogram 1	1	3.103828529	3.104826261	2683.000	6024.100	4995.703	4995.703
34	Spectrogram 1	1	3.104826261	3.105823993	2683.000	6024.100	4995.703	4995.703
35	Spectrogram 1	1	3.105823993	3.106821726	2683.000	6024.100	4995.703	4995.703
36	Spectrogram 1	1	3.106821726	3.107819458	2683.000	6024.100	4995.703	4995.703
37	Spectrogram 1	1	3.107819458	3.108817191	2683.000	6024.100	4995.703	4995.703
38	Spectrogram 1	1	3.108817191	3.109814923	2683.000	6024.100	4909.570	4909.570
39	Spectrogram 1	1	3.109814923	3.110812656	2683.000	6024.100	4909.570	4909.570
40	Spectrogram 1	1	3.110812656	3.111810388	2683.000	6024.100	4909.570	4909.570
41	Spectrogram 1	1	3.111810388	3.112808120	2683.000	6024.100	4909.570	4909.570
42	Spectrogram 1	1	3.112808120	3.113805853	2683.000	6024.100	4909.570	4909.570
43	Spectrogram 1	1	3.113805853	3.114803585	2683.000	6024.100	4909.570	4909.570
44	Spectrogram 1	1	3.114803585	3.115801318	2683.000	6024.100	4823.438	4823.438
45	Spectrogram 1	1	3.115801318	3.116799050	2683.000	6024.100	4823.438	4823.438
46	Spectrogram 1	1	3.116799050	3.117796783	2683.000	6024.100	4823.438	4823.438
47	Spectrogram 1	1	3.117796783	3.118794515	2683.000	6024.100	4823.438	4823.438
48	Spectrogram 1	1	3.118794515	3.119792247	2683.000	6024.100	4823.438	4823.438
49	Spectrogram 1	1	3.119792247	3.120789980	2683.000	6024.100	4909.570	4909.570
50	Spectrogram 1	1	3.120789980	3.121787712	2683.000	6024.100	4909.570	4909.570
51	Spectrogram 1	1	3.121787712	3.122785445	2683.000	6024.100	4909.570	4909.570
52	Spectrogram 1	1	3.122785445	3.123783177	2683.000	6024.100	4909.570	4909.570
53	Spectrogram 1	1	3.123783177	3.124780910	2683.000	6024.100	4909.570	4909.570
54	Spectrogram 1	1	3.124780910	3.125778642	2683.000	6024.100	4909.570	4909.570
55	Spectrogram 1	1	3.125778642	3.126776374	2683.000	6024.100	4909.570	4909.570
56	Spectrogram 1	1	3.126776374	3.127774107	2683.000	6024.100	4909.570	4909.570
57	Spectrogram 1	1	3.127774107	3.128771839	2683.000	6024.100	4909.570	4909.570
58	Spectrogram 1	1	3.128771839	3.129769572	2683.000	6024.100	4909.570	4909.570
59	Spectrogram 1	1	3.129769572	3.130767304	2683.000	6024.100	4909.570	4909.570
60	Spectrogram 1	1	3.130767304	3.131765037	2683.000	6024.100	4909.570	4909.570
61	Spectrogram 1	1	3.131765037	3.132762769	2683.000	6024.100	4823.438	4823.438
62	Spectrogram 1	1	3.132762769	3.133760501	2683.000	6024.100	4823.438	4823.438
63	Spectrogram 1	1	3.133760501	3.134758234	2683.000	6024.100	4823.438	4823.438
64	Spectrogram 1	1	3.134758234	3.135755966	2683.000	6024.100	4823.438	4823.438
65	Spectrogram 1	1	3.135755966	3.136753699	2683.000	6024.100	4823.438	4823.438
66	Spectrogram 1	1	3.136753699	3.137751431	2683.000	6024.100	4823.438	4823.438
67	Spectrogram 1	1	3.137751431	3.138749164	2683.000	6024.100	4909.570	4909.570
68	Spectrogram 1	1	3.138749164	3.139746896	2683.000	6024.100	4909.570	4909.570
69	Spectrogram 1	1	3.139746896	3.140744628	2683.000	6024.100	4909.570	4909.570
70	Spectrogram 1	1	3.140744628	3.141742361	2683.000	6024.100	4909.570	4909.570
71	Spectrogram 1	1	3.141742361	3.142740093	2683.000	6024.100	4909.570	4909.570
72	Spectrogram 1	1	3.142740093	3.143737826	2683.000	6024.100	4909.570	4909.570
73	Spectrogram 1	1	3.143737826	3.144735558	2683.000	6024.100	4737.305	4737.305
74	Spectrogram 1	1	3.144735558	3.145733291	2683.000	6024.100	4737.305	4737.305
75	Spectrogram 1	1	3.145733291	3.146731023	2683.000	6024.100	4737.305	4737.305
76	Spectrogram 1	1	3.146731023	3.147728755	2683.000	6024.100	4737.305	4737.305
77	Spectrogram 1	1	3.147728755	3.148726488	2683.000	6024.100	4737.305	4737.305
78	Spectrogram 1	1	3.148726488	3.149724220	2683.000	6024.100	4823.438	4823.438
79	Spectrogram 1	1	3.149724220	3.150721953	2683.000	6024.100	4823.438	4823.438
80	Spectrogram 1	1	3.150721953	3.151719685	2683.000	6024.100	4823.438	4823.438
81	Spectrogram 1	1	3.151719685	3.152717418	2683.000	6024.100	4823.438	4823.438
82	Spectrogram 1	1	3.152717418	3.153715150	2683.000	6024.100	4823.438	4823.438
83	Spectrogram 1	1	3.153715150	3.154712882	2683.000	6024.100	4823.438	4823.438
84	Spectrogram 1	1	3.154712882	3.155710615	2683.000	6024.100	4737.305	4737.305
85	Spectrogram 1	1	3.155710615	3.156708347	2683.000	6024.100	4737.305	4737.305
86	Spectrogram 1	1	3.156708347	3.157706080	2683.000	6024.100	4737.305	4737.305
87	Spectrogram 1	1	3.157706080	3.158703812	2683.000	6024.100	4737.305	4737.305
88	Spectrogram 1	1	3.158703812	3.159701545	2683.000	6024.100	4737.305	4737.305
89	Spectrogram 1	1	3.159701545	3.160699277	2683.000	6024.100	4737.305	4737.305
90	Spectrogram 1	1	3.160699277	3.161697009	2683.000	6024.100	4823.438	4823.438
91	Spectrogram 1	1	3.161697009	3.162694742	2683.000	6024.100	4823.438	4823.438
92	Spectrogram 1	1	3.162694742	3.163692474	2683.000	6024.100	4823.438	4823.438
93	Spectrogram 1	1	3.163692474	3.164690207	2683.000	6024.100	4823.438	4823.438
94	Spectrogram 1	1	3.164690207	3.165687939	2683.000	6024.100	4823.438	4823.438
95	Spectrogram 1	1	3.165687939	3.166685671	2683.000	6024.100	4823.438	4823.438
96	Spectrogram 1	1	3.166685671	3.167683404	2683.000	6024.100	4909.570	4909.570
97	Spectrogram 1	1	3.167683404	3.168681136	2683.000	6024.100	4909.570	4909.570
98	Spectrogram 1	1	3.168681136	3.169678869	2683.000	6024.100	4909.570	4909.570
99	Spectrogram 1	1	3.169678869	3.170676601	2683.000	6024.100	4909.570	4909.570
100	Spectrogram 1	1	3.170676601	3.171674334	2683.000	6024.100	4909.570	4909.570
101	Spectrogram 1	1	3.171674334	3.172672066	2683.000	6024.100	4909.570	4909.570
102	Spectrogram 1	1	3.172672066	3.173669798	2683.000	6024.100	4737.305	4737.305
103	Spectrogram 1	1	3.173669798	3.174667531	2683.000	6024.100	4737.305	4737.305
104	Spectrogram 1	1	3.174667531	3.175665263	2683.000	6024.100	4737.305	4737.305
105	Spectrogram 1	1	3.175665263	3.176662996	2683.000	6024.100	4737.305	4737.305
106	Spectrogram 1	1	3.176662996	3.177660728	2683.000	6024.100	4737.305	4737.305
107	Spectrogram 1	1	3.177660728	3.178658461	2683.000	6024.100	4737.305	4737.305
108	Spectrogram 1	1	3.178658461	3.179656193	2683.000	6024.100	4737.305	4737.305
109	Spectrogram 1	1	3.179656193	3.180653925	2683.000	6024.100	4737.305	4737.305
110	Spectrogram 1	1	3.180653925	3.181651658	2683.000	6024.100	4737.305	4737.305
111	Spectrogram 1	1	3.181651658	3.182649390	2683.000	6024.100	4737.305	4737.305
112	Spectrogram 1	1	3.182649390	3.183647123	2683.000	6024.100	4737.305	4737.305
113	Spectrogram 1	1	3.183647123	3.184644855	2683.000	6024.100	4737.305	4737.305
114	Spectrogram 1	1	3.184644855	3.185642588	2683.000	6024.100	4737.305	4737.305
115	Spectrogram 1	1	3.185642588	3.186640320	2683.000	6024.100	4737.305	4737.305
116	Spectrogram 1	1	3.186640320	3.187638052	2683.000	6024.100	4737.305	4737.305
117	Spectrogram 1	1	3.187638052	3.188635785	2683.000	6024.100	4737.305	4737.305
118	Spectrogram 1	1	3.188635785	3.189633517	2683.000	6024.100	4737.305	4737.305
119	Spectrogram 1	1	3.189633517	3.190631250	2683.000	6024.100	4823.438	4823.438
120	Spectrogram 1	1	3.190631250	3.191628982	2683.000	6024.100	4823.438	4823.438
121	Spectrogram 1	1	3.191628982	3.192626715	2683.000	6024.100	4823.438	4823.438
122	Spectrogram 1	1	3.192626715	3.193624447	2683.000	6024.100	4823.438	4823.438
123	Spectrogram 1	1	3.193624447	3.194622179	2683.000	6024.100	4823.438	4823.438
124	Spectrogram 1	1	3.194622179	3.195619912	2683.000	6024.100	4823.438	4823.438
125	Spectrogram 1	1	3.195619912	3.196617644	2683.000	6024.100	4737.305	4737.305
126	Spectrogram 1	1	3.196617644	3.197615377	2683.000	6024.100	4737.305	4737.305
127	Spectrogram 1	1	3.197615377	3.198613109	2683.000	6024.100	4737.305	4737.305
128	Spectrogram 1	1	3.198613109	3.199610842	2683.000	6024.100	4737.305	4737.305
129	Spectrogram 1	1	3.199610842	3.200608574	2683.000	6024.100	4737.305	4737.305
130	Spectrogram 1	1	3.200608574	3.201606306	2683.000	6024.100	4737.305	4737.305
131	Spectrogram 1	1	3.201606306	3.202604039	2683.000	6024.100	3531.445	3531.445
132	Spectrogram 1	1	3.202604039	3.203601771	2683.000	6024.100	3531.445	3531.445
133	Spectrogram 1	1	3.203601771	3.204599504	2683.000	6024.100	3531.445	3531.445
134	Spectrogram 1	1	3.204599504	3.205597236	2683.000	6024.100	3531.445	3531.445
135	Spectrogram 1	1	3.205597236	3.206594969	2683.000	6024.100	3531.445	3531.445
136	Spectrogram 1	1	3.206594969	3.207592701	2683.000	6024.100	3531.445	3531.445
137	Spectrogram 1	1	3.207592701	3.208590433	2683.000	6024.100	3617.578	3617.578
138	Spectrogram 1	1	3.208590433	3.209588166	2683.000	6024.100	3617.578	3617.578
139	Spectrogram 1	1	3.209588166	3.210585898	2683.000	6024.100	3617.578	3617.578
140	Spectrogram 1	1	3.210585898	3.211583631	2683.000	6024.100	3617.578	3617.578
141	Spectrogram 1	1	3.211583631	3.212581363	2683.000	6024.100	3617.578	3617.578
142	Spectrogram 1	1	3.212581363	3.213579096	2683.000	6024.100	3703.711	3703.711
143	Spectrogram 1	1	3.213579096	3.214576828	2683.000	6024.100	3703.711	3703.711
144	Spectrogram 1	1	3.214576828	3.215574560	2683.000	6024.100	3703.711	3703.711
145	Spectrogram 1	1	3.215574560	3.216572293	2683.000	6024.100	3703.711	3703.711
146	Spectrogram 1	1	3.216572293	3.217570025	2683.000	6024.100	3703.711	3703.711
147	Spectrogram 1	1	3.217570025	3.218567758	2683.000	6024.100	3703.711	3703.711
148	Spectrogram 1	1	3.218567758	3.219565490	2683.000	6024.100	3789.844	3789.844
149	Spectrogram 1	1	3.219565490	3.220563223	2683.000	6024.100	3789.844	3789.844
150	Spectrogram 1	1	3.220563223	3.221560955	2683.000	6024.100	3789.844	3789.844
151	Spectrogram 1	1	3.221560955	3.222558687	2683.000	6024.100	3789.844	3789.844
152	Spectrogram 1	1	3.222558687	3.223556420	2683.000	6024.100	3789.844	3789.844
153	Spectrogram 1	1	3.223556420	3.224554152	2683.000	6024.100	3789.844	3789.844
154	Spectrogram 1	1	3.224554152	3.225551885	2683.000	6024.100	3875.977	3875.977
155	Spectrogram 1	1	3.225551885	3.226549617	2683.000	6024.100	3875.977	3875.977
156	Spectrogram 1	1	3.226549617	3.227547350	2683.000	6024.100	3875.977	3875.977
157	Spectrogram 1	1	3.227547350	3.228545082	2683.000	6024.100	3875.977	3875.977
158	Spectrogram 1	1	3.228545082	3.229542814	2683.000	6024.100	3875.977	3875.977
159	Spectrogram 1	1	3.229542814	3.230540547	2683.000	6024.100	3875.977	3875.977
160	Spectrogram 1	1	3.230540547	3.231538279	2683.000	6024.100	3875.977	3875.977
161	Spectrogram 1	1	3.231538279	3.232536012	2683.000	6024.100	3875.977	3875.977
162	Spectrogram 1	1	3.232536012	3.233533744	2683.000	6024.100	3875.977	3875.977
163	Spectrogram 1	1	3.233533744	3.234531476	2683.000	6024.100	3875.977	3875.977
164	Spectrogram 1	1	3.234531476	3.235529209	2683.000	6024.100	3875.977	3875.977
165	Spectrogram 1	1	3.235529209	3.236526941	2683.000	6024.100	3875.977	3875.977
166	Spectrogram 1	1	3.236526941	3.237524674	2683.000	6024.100	3875.977	3875.977
167	Spectrogram 1	1	3.237524674	3.238522406	2683.000	6024.100	3875.977	3875.977
168	Spectrogram 1	1	3.238522406	3.239520139	2683.000	6024.100	3875.977	3875.977
169	Spectrogram 1	1	3.239520139	3.240517871	2683.000	6024.100	3875.977	3875.977
170	Spectrogram 1	1	3.240517871	3.241515603	2683.000	6024.100	3875.977	3875.977
171	Spectrogram 1	1	3.241515603	3.242513336	2683.000	6024.100	3875.977	3875.977
172	Spectrogram 1	1	3.242513336	3.243511068	2683.000	6024.100	3617.578	3617.578
173	Spectrogram 1	1	3.243511068	3.244508801	2683.000	6024.100	3617.578	3617.578
174	Spectrogram 1	1	3.244508801	3.245506533	2683.000	6024.100	3617.578	3617.578
175	Spectrogram 1	1	3.245506533	3.246504266	2683.000	6024.100	3617.578	3617.578
176	Spectrogram 1	1	3.246504266	3.247501998	2683.000	6024.100	3617.578	3617.578
177	Spectrogram 1	1	3.247501998	3.248499730	2683.000	6024.100	3703.711	3445.312
178	Spectrogram 1	1	3.248499730	3.249497463	2683.000	6024.100	3703.711	3445.312
179	Spectrogram 1	1	3.249497463	3.250495195	2683.000	6024.100	3703.711	3445.312
180	Spectrogram 1	1	3.250495195	3.251492928	2683.000	6024.100	3703.711	3445.312
181	Spectrogram 1	1	3.251492928	3.252490660	2683.000	6024.100	3703.711	3445.312
182	Spectrogram 1	1	3.252490660	3.253488393	2683.000	6024.100	3703.711	3445.312
183	Spectrogram 1	1	3.253488393	3.254486125	2683.000	6024.100	3703.711	3875.977
184	Spectrogram 1	1	3.254486125	3.255483857	2683.000	6024.100	3703.711	3875.977
185	Spectrogram 1	1	3.255483857	3.256481590	2683.000	6024.100	3703.711	3875.977
186	Spectrogram 1	1	3.256481590	3.257479322	2683.000	6024.100	3703.711	3875.977
187	Spectrogram 1	1	3.257479322	3.258477055	2683.000	6024.100	3703.711	3875.977
188	Spectrogram 1	1	3.258477055	3.259474787	2683.000	6024.100	3703.711	3875.977
189	Spectrogram 1	1	3.259474787	3.260472520	2683.000	6024.100	3617.578	3789.844
190	Spectrogram 1	1	3.260472520	3.261470252	2683.000	6024.100	3617.578	3789.844
191	Spectrogram 1	1	3.261470252	3.262467984	2683.000	6024.100	3617.578	3789.844
192	Spectrogram 1	1	3.262467984	3.263465717	2683.000	6024.100	3617.578	3789.844
193	Spectrogram 1	1	3.263465717	3.264463449	2683.000	6024.100	3617.578	3789.844
194	Spectrogram 1	1	3.264463449	3.265461182	2683.000	6024.100	3617.578	3789.844
195	Spectrogram 1	1	3.265461182	3.266458914	2683.000	6024.100	3789.844	3789.844
196	Spectrogram 1	1	3.266458914	3.267456647	2683.000	6024.100	3789.844	3789.844
197	Spectrogram 1	1	3.267456647	3.268454379	2683.000	6024.100	3789.844	3789.844
198	Spectrogram 1	1	3.268454379	3.269452111	2683.000	6024.100	3789.844	3789.844
199	Spectrogram 1	1	3.269452111	3.270449844	2683.000	6024.100	3789.844	3789.844
200	Spectrogram 1	1	3.270449844	3.271447576	2683.000	6024.100	3789.844	3789.844
201	Spectrogram 1	1	3.271447576	3.272445309	2683.000	6024.100	5684.766	5770.898
202	Spectrogram 1	1	3.272445309	3.273443041	2683.000	6024.100	5684.766	5770.898
203	Spectrogram 1	1	3.273443041	3.274440774	2683.000	6024.100	5684.766	5770.898
204	Spectrogram 1	1	3.274440774	3.275438506	2683.000	6024.100	5684.766	5770.898
205	Spectrogram 1	1	3.275438506	3.276436238	2683.000	6024.100	5684.766	5770.898
206	Spectrogram 1	1	3.276436238	3.277433971	2683.000	6024.100	5512.500	5598.633
207	Spectrogram 1	1	3.277433971	3.278431703	2683.000	6024.100	5512.500	5598.633
208	Spectrogram 1	1	3.278431703	3.279429436	2683.000	6024.100	5512.500	5598.633
209	Spectrogram 1	1	3.279429436	3.280427168	2683.000	6024.100	5512.500	5598.633
210	Spectrogram 1	1	3.280427168	3.281424901	2683.000	6024.100	5512.500	5598.633
211	Spectrogram 1	1	3.281424901	3.282422633	2683.000	6024.100	5512.500	5598.633
212	Spectrogram 1	1	3.282422633	3.283420365	2683.000	6024.100	5167.969	5167.969
213	Spectrogram 1	1	3.283420365	3.284418098	2683.000	6024.100	5167.969	5167.969
214	Spectrogram 1	1	3.284418098	3.285415830	2683.000	6024.100	5167.969	5167.969
215	Spectrogram 1	1	3.285415830	3.286413563	2683.000	6024.100	5167.969	5167.969
216	Spectrogram 1	1	3.286413563	3.287411295	2683.000	6024.100	5167.969	5167.969
217	Spectrogram 1	1	3.287411295	3.288409028	2683.000	6024.100	5167.969	5167.969
218	Spectrogram 1	1	3.288409028	3.289406760	2683.000	6024.100	4737.305	4651.172
219	Spectrogram 1	1	3.289406760	3.290404492	2683.000	6024.100	4737.305	4651.172
220	Spectrogram 1	1	3.290404492	3.291402225	2683.000	6024.100	4737.305	4651.172
221	Spectrogram 1	1	3.291402225	3.292399957	2683.000	6024.100	4737.305	4651.172
222	Spectrogram 1	1	3.292399957	3.293397690	2683.000	6024.100	4737.305	4651.172
223	Spectrogram 1	1	3.293397690	3.294395422	2683.000	6024.100	4737.305	4651.172
224	Spectrogram 1	1	3.294395422	3.295393154	2683.000	6024.100	4478.906	4392.773
225	Spectrogram 1	1	3.295393154	3.296390887	2683.000	6024.100	4478.906	4392.773
226	Spectrogram 1	1	3.296390887	3.297388619	2683.000	6024.100	4478.906	4392.773
227	Spectrogram 1	1	3.297388619	3.298386352	2683.000	6024.100	4478.906	4392.773
228	Spectrogram 1	1	3.298386352	3.299384084	2683.000	6024.100	4478.906	4392.773
229	Spectrogram 1	1	3.299384084	3.300381817	2683.000	6024.100	4478.906	4392.773
230	Spectrogram 1	1	3.300381817	3.301379549	2683.000	6024.100	4306.641	4134.375
231	Spectrogram 1	1	3.301379549	3.302377281	2683.000	6024.100	4306.641	4134.375
232	Spectrogram 1	1	3.302377281	3.303375014	2683.000	6024.100	4306.641	4134.375
233	Spectrogram 1	1	3.303375014	3.304372746	2683.000	6024.100	4306.641	4134.375
234	Spectrogram 1	1	3.304372746	3.305370479	2683.000	6024.100	4306.641	4134.375
235	Spectrogram 1	1	3.305370479	3.306368211	2683.000	6024.100	4306.641	4134.375
236	Spectrogram 1	1	3.306368211	3.307365944	2683.000	6024.100	4392.773	4134.375
237	Spectrogram 1	1	3.307365944	3.308363676	2683.000	6024.100	4392.773	4134.375
238	Spectrogram 1	1	3.308363676	3.309361408	2683.000	6024.100	4392.773	4134.375
239	Spectrogram 1	1	3.309361408	3.310359141	2683.000	6024.100	4392.773	4134.375
240	Spectrogram 1	1	3.310359141	3.311356873	2683.000	6024.100	4392.773	4134.375
241	Spectrogram 1	1	3.311356873	3.311847328	2683.000	6024.100	4392.773	4134.375
