Selection	View	Channel	Begin Time (s)	End Time (s)	Low Freq (Hz)	High Freq (Hz)	Center Freq (Hz)	Peak Freq (Hz)
1	Spectrogram 1	1	62.172900000	62.173897732	3499.239	5800.109	4823.438	4909.570
2	Spectrogram 1	1	62.173897732	62.174895465	3499.239	5800.109	5081.836	5081.836
3	Spectrogram 1	1	62.174895465	62.175893197	3499.239	5800.109	5081.836	5081.836
4	Spectrogram 1	1	62.175893197	62.176890930	3499.239	5800.109	5081.836	5081.836
5	Spectrogram 1	1	62.176890930	62.177888662	3499.239	5800.109	5081.836	5081.836
6	Spectrogram 1	1	62.177888662	62.178886395	3499.239	5800.109	5081.836	5081.836
7	Spectrogram 1	1	62.178886395	62.179884127	3499.239	5800.109	5081.836	5081.836
8	Spectrogram 1	1	62.179884127	62.180881859	3499.239	5800.109	5426.367	5512.500
9	Spectrogram 1	1	62.180881859	62.181879592	3499.239	5800.109	5426.367	5512.500
10	Spectrogram 1	1	62.181879592	62.182877324	3499.239	5800.109	5426.367	5512.500
11	Spectrogram 1	1	62.182877324	62.183875057	3499.239	5800.109	5426.367	5512.500
12	Spectrogram 1	1	62.183875057	62.184872789	3499.239	5800.109	5426.367	5512.500
13	Spectrogram 1	1	62.184872789	62.185870522	3499.239	5800.109	5426.367	5512.500
14	Spectrogram 1	1	62.185870522	62.186868254	3499.239	5800.109	5426.367	5426.367
15	Spectrogram 1	1	62.186868254	62.187865986	3499.239	5800.109	5426.367	5426.367
16	Spectrogram 1	1	62.187865986	62.188863719	3499.239	5800.109	5426.367	5426.367
17	Spectrogram 1	1	62.188863719	62.189861451	3499.239	5800.109	5426.367	5426.367
18	Spectrogram 1	1	62.189861451	62.190859184	3499.239	5800.109	5426.367	5426.367
19	Spectrogram 1	1	62.190859184	62.191856916	3499.239	5800.109	5426.367	5426.367
20	Spectrogram 1	1	62.191856916	62.192854649	3499.239	5800.109	5512.500	5512.500
21	Spectrogram 1	1	62.192854649	62.193852381	3499.239	5800.109	5512.500	5512.500
22	Spectrogram 1	1	62.193852381	62.194850113	3499.239	5800.109	5512.500	5512.500
23	Spectrogram 1	1	62.194850113	62.195847846	3499.239	5800.109	5512.500	5512.500
24	Spectrogram 1	1	62.195847846	62.196845578	3499.239	5800.109	5512.500	5512.500
25	Spectrogram 1	1	62.196845578	62.197843311	3499.239	5800.109	5512.500	5512.500
26	Spectrogram 1	1	62.197843311	62.198841043	3499.239	5800.109	5254.102	5254.102
27	Spectrogram 1	1	62.198841043	62.199838776	3499.239	5800.109	5254.102	5254.102
28	Spectrogram 1	1	62.199838776	62.200836508	3499.239	5800.109	5254.102	5254.102
29	Spectrogram 1	1	62.200836508	62.201834240	3499.239	5800.109	5254.102	5254.102
30	Spectrogram 1	1	62.201834240	62.202831973	3499.239	5800.109	5254.102	5254.102
31	Spectrogram 1	1	62.202831973	62.203829705	3499.239	5800.109	5254.102	5254.102
32	Spectrogram 1	1	62.203829705	62.204827438	3499.239	5800.109	5167.969	5081.836
33	Spectrogram 1	1	62.204827438	62.205825170	3499.239	5800.109	5167.969	5081.836
34	Spectrogram 1	1	62.205825170	62.206822902	3499.239	5800.109	5167.969	5081.836
35	Spectrogram 1	1	62.206822902	62.207820635	3499.239	5800.109	5167.969	5081.836
36	Spectrogram 1	1	62.207820635	62.208818367	3499.239	5800.109	5167.969	5081.836
37	Spectrogram 1	1	62.208818367	62.209816100	3499.239	5800.109	5081.836	5081.836
38	Spectrogram 1	1	62.209816100	62.210813832	3499.239	5800.109	5081.836	5081.836
39	Spectrogram 1	1	62.210813832	62.211811565	3499.239	5800.109	5081.836	5081.836
40	Spectrogram 1	1	62.211811565	62.212809297	3499.239	5800.109	5081.836	5081.836
41	Spectrogram 1	1	62.212809297	62.213807029	3499.239	5800.109	5081.836	5081.836
42	Spectrogram 1	1	62.213807029	62.214804762	3499.239	5800.109	5081.836	5081.836
43	Spectrogram 1	1	62.214804762	62.215802494	3499.239	5800.109	4909.570	4909.570
44	Spectrogram 1	1	62.215802494	62.216800227	3499.239	5800.109	4909.570	4909.570
45	Spectrogram 1	1	62.216800227	62.217797959	3499.239	5800.109	4909.570	4909.570
46	Spectrogram 1	1	62.217797959	62.218795692	3499.239	5800.109	4909.570	4909.570
47	Spectrogram 1	1	62.218795692	62.219793424	3499.239	5800.109	4909.570	4909.570
48	Spectrogram 1	1	62.219793424	62.220791156	3499.239	5800.109	4909.570	4909.570
49	Spectrogram 1	1	62.220791156	62.221788889	3499.239	5800.109	4823.438	4823.438
50	Spectrogram 1	1	62.221788889	62.222786621	3499.239	5800.109	4823.438	4823.438
51	Spectrogram 1	1	62.222786621	62.223784354	3499.239	5800.109	4823.438	4823.438
52	Spectrogram 1	1	62.223784354	62.224782086	3499.239	5800.109	4823.438	4823.438
53	Spectrogram 1	1	62.224782086	62.225779819	3499.239	5800.109	4823.438	4823.438
54	Spectrogram 1	1	62.225779819	62.226777551	3499.239	5800.109	4823.438	4823.438
55	Spectrogram 1	1	62.226777551	62.227775283	3499.239	5800.109	4909.570	4823.438
56	Spectrogram 1	1	62.227775283	62.228773016	3499.239	5800.109	4909.570	4823.438
57	Spectrogram 1	1	62.228773016	62.229770748	3499.239	5800.109	4909.570	4823.438
58	Spectrogram 1	1	62.229770748	62.230768481	3499.239	5800.109	4909.570	4823.438
59	Spectrogram 1	1	62.230768481	62.231766213	3499.239	5800.109	4909.570	4823.438
60	Spectrogram 1	1	62.231766213	62.232763946	3499.239	5800.109	4909.570	4823.438
61	Spectrogram 1	1	62.232763946	62.233761678	3499.239	5800.109	4909.570	4909.570
62	Spectrogram 1	1	62.233761678	62.234759410	3499.239	5800.109	4909.570	4909.570
63	Spectrogram 1	1	62.234759410	62.235757143	3499.239	5800.109	4909.570	4909.570
64	Spectrogram 1	1	62.235757143	62.236754875	3499.239	5800.109	4909.570	4909.570
65	Spectrogram 1	1	62.236754875	62.237752608	3499.239	5800.109	4909.570	4909.570
66	Spectrogram 1	1	62.237752608	62.238750340	3499.239	5800.109	4995.703	4995.703
67	Spectrogram 1	1	62.238750340	62.239748073	3499.239	5800.109	4995.703	4995.703
68	Spectrogram 1	1	62.239748073	62.240745805	3499.239	5800.109	4995.703	4995.703
69	Spectrogram 1	1	62.240745805	62.241743537	3499.239	5800.109	4995.703	4995.703
70	Spectrogram 1	1	62.241743537	62.242741270	3499.239	5800.109	4995.703	4995.703
71	Spectrogram 1	1	62.242741270	62.243739002	3499.239	5800.109	4995.703	4995.703
72	Spectrogram 1	1	62.243739002	62.244736735	3499.239	5800.109	4909.570	4909.570
73	Spectrogram 1	1	62.244736735	62.245734467	3499.239	5800.109	4909.570	4909.570
74	Spectrogram 1	1	62.245734467	62.246732200	3499.239	5800.109	4909.570	4909.570
75	Spectrogram 1	1	62.246732200	62.247729932	3499.239	5800.109	4909.570	4909.570
76	Spectrogram 1	1	62.247729932	62.248727664	3499.239	5800.109	4909.570	4909.570
77	Spectrogram 1	1	62.248727664	62.249725397	3499.239	5800.109	4909.570	4909.570
78	Spectrogram 1	1	62.249725397	62.250723129	3499.239	5800.109	4995.703	4909.570
79	Spectrogram 1	1	62.250723129	62.251720862	3499.239	5800.109	4995.703	4909.570
80	Spectrogram 1	1	62.251720862	62.252718594	3499.239	5800.109	4995.703	4909.570
81	Spectrogram 1	1	62.252718594	62.253716327	3499.239	5800.109	4995.703	4909.570
82	Spectrogram 1	1	62.253716327	62.254714059	3499.239	5800.109	4995.703	4909.570
83	Spectrogram 1	1	62.254714059	62.255711791	3499.239	5800.109	4995.703	4909.570
84	Spectrogram 1	1	62.255711791	62.256709524	3499.239	5800.109	4909.570	4823.438
85	Spectrogram 1	1	62.256709524	62.257707256	3499.239	5800.109	4909.570	4823.438
86	Spectrogram 1	1	62.257707256	62.258704989	3499.239	5800.109	4909.570	4823.438
87	Spectrogram 1	1	62.258704989	62.259702721	3499.239	5800.109	4909.570	4823.438
88	Spectrogram 1	1	62.259702721	62.260700454	3499.239	5800.109	4909.570	4823.438
89	Spectrogram 1	1	62.260700454	62.261698186	3499.239	5800.109	4909.570	4823.438
90	Spectrogram 1	1	62.261698186	62.262695918	3499.239	5800.109	4823.438	4823.438
91	Spectrogram 1	1	62.262695918	62.263693651	3499.239	5800.109	4823.438	4823.438
92	Spectrogram 1	1	62.263693651	62.264691383	3499.239	5800.109	4823.438	4823.438
93	Spectrogram 1	1	62.264691383	62.265689116	3499.239	5800.109	4823.438	4823.438
94	Spectrogram 1	1	62.265689116	62.266686848	3499.239	5800.109	4823.438	4823.438
95	Spectrogram 1	1	62.266686848	62.267684580	3499.239	5800.109	4823.438	4823.438
96	Spectrogram 1	1	62.267684580	62.268682313	3499.239	5800.109	4909.570	4909.570
97	Spectrogram 1	1	62.268682313	62.269680045	3499.239	5800.109	4909.570	4909.570
98	Spectrogram 1	1	62.269680045	62.270677778	3499.239	5800.109	4909.570	4909.570
99	Spectrogram 1	1	62.270677778	62.271675510	3499.239	5800.109	4909.570	4909.570
100	Spectrogram 1	1	62.271675510	62.272673243	3499.239	5800.109	4909.570	4909.570
101	Spectrogram 1	1	62.272673243	62.273670975	3499.239	5800.109	4995.703	4909.570
102	Spectrogram 1	1	62.273670975	62.274668707	3499.239	5800.109	4995.703	4909.570
103	Spectrogram 1	1	62.274668707	62.275666440	3499.239	5800.109	4995.703	4909.570
104	Spectrogram 1	1	62.275666440	62.276664172	3499.239	5800.109	4995.703	4909.570
105	Spectrogram 1	1	62.276664172	62.277661905	3499.239	5800.109	4995.703	4909.570
106	Spectrogram 1	1	62.277661905	62.278659637	3499.239	5800.109	4995.703	4909.570
107	Spectrogram 1	1	62.278659637	62.279657370	3499.239	5800.109	4995.703	4995.703
108	Spectrogram 1	1	62.279657370	62.280655102	3499.239	5800.109	4995.703	4995.703
109	Spectrogram 1	1	62.280655102	62.281652834	3499.239	5800.109	4995.703	4995.703
110	Spectrogram 1	1	62.281652834	62.282650567	3499.239	5800.109	4995.703	4995.703
111	Spectrogram 1	1	62.282650567	62.283648299	3499.239	5800.109	4995.703	4995.703
112	Spectrogram 1	1	62.283648299	62.284646032	3499.239	5800.109	4995.703	4995.703
113	Spectrogram 1	1	62.284646032	62.285643764	3499.239	5800.109	4909.570	4909.570
114	Spectrogram 1	1	62.285643764	62.286641497	3499.239	5800.109	4909.570	4909.570
115	Spectrogram 1	1	62.286641497	62.287639229	3499.239	5800.109	4909.570	4909.570
116	Spectrogram 1	1	62.287639229	62.288636961	3499.239	5800.109	4909.570	4909.570
117	Spectrogram 1	1	62.288636961	62.289634694	3499.239	5800.109	4909.570	4909.570
118	Spectrogram 1	1	62.289634694	62.290632426	3499.239	5800.109	4909.570	4909.570
119	Spectrogram 1	1	62.290632426	62.291630159	3499.239	5800.109	4995.703	5081.836
120	Spectrogram 1	1	62.291630159	62.292627891	3499.239	5800.109	4995.703	5081.836
121	Spectrogram 1	1	62.292627891	62.293625624	3499.239	5800.109	4995.703	5081.836
122	Spectrogram 1	1	62.293625624	62.294623356	3499.239	5800.109	4995.703	5081.836
123	Spectrogram 1	1	62.294623356	62.295621088	3499.239	5800.109	4995.703	5081.836
124	Spectrogram 1	1	62.295621088	62.296618821	3499.239	5800.109	4995.703	5081.836
125	Spectrogram 1	1	62.296618821	62.297616553	3499.239	5800.109	4048.242	3617.578
126	Spectrogram 1	1	62.297616553	62.298614286	3499.239	5800.109	4048.242	3617.578
127	Spectrogram 1	1	62.298614286	62.299612018	3499.239	5800.109	4048.242	3617.578
128	Spectrogram 1	1	62.299612018	62.300609751	3499.239	5800.109	4048.242	3617.578
129	Spectrogram 1	1	62.300609751	62.301607483	3499.239	5800.109	4048.242	3617.578
130	Spectrogram 1	1	62.301607483	62.302605215	3499.239	5800.109	4737.305	3617.578
131	Spectrogram 1	1	62.302605215	62.303602948	3499.239	5800.109	4737.305	3617.578
132	Spectrogram 1	1	62.303602948	62.304600680	3499.239	5800.109	4737.305	3617.578
133	Spectrogram 1	1	62.304600680	62.305598413	3499.239	5800.109	4737.305	3617.578
134	Spectrogram 1	1	62.305598413	62.306596145	3499.239	5800.109	4737.305	3617.578
135	Spectrogram 1	1	62.306596145	62.307593878	3499.239	5800.109	4737.305	3617.578
136	Spectrogram 1	1	62.307593878	62.308591610	3499.239	5800.109	3962.109	3617.578
137	Spectrogram 1	1	62.308591610	62.309589342	3499.239	5800.109	3962.109	3617.578
138	Spectrogram 1	1	62.309589342	62.310587075	3499.239	5800.109	3962.109	3617.578
139	Spectrogram 1	1	62.310587075	62.311584807	3499.239	5800.109	3962.109	3617.578
140	Spectrogram 1	1	62.311584807	62.312582540	3499.239	5800.109	3962.109	3617.578
141	Spectrogram 1	1	62.312582540	62.313580272	3499.239	5800.109	3962.109	3617.578
142	Spectrogram 1	1	62.313580272	62.314578005	3499.239	5800.109	4995.703	4995.703
143	Spectrogram 1	1	62.314578005	62.315575737	3499.239	5800.109	4995.703	4995.703
144	Spectrogram 1	1	62.315575737	62.316573469	3499.239	5800.109	4995.703	4995.703
145	Spectrogram 1	1	62.316573469	62.317571202	3499.239	5800.109	4995.703	4995.703
146	Spectrogram 1	1	62.317571202	62.318568934	3499.239	5800.109	4995.703	4995.703
147	Spectrogram 1	1	62.318568934	62.319566667	3499.239	5800.109	4995.703	4995.703
148	Spectrogram 1	1	62.319566667	62.320564399	3499.239	5800.109	4737.305	4909.570
149	Spectrogram 1	1	62.320564399	62.321562132	3499.239	5800.109	4737.305	4909.570
150	Spectrogram 1	1	62.321562132	62.322559864	3499.239	5800.109	4737.305	4909.570
151	Spectrogram 1	1	62.322559864	62.323557596	3499.239	5800.109	4737.305	4909.570
152	Spectrogram 1	1	62.323557596	62.324555329	3499.239	5800.109	4737.305	4909.570
153	Spectrogram 1	1	62.324555329	62.325553061	3499.239	5800.109	4737.305	4909.570
154	Spectrogram 1	1	62.325553061	62.326550794	3499.239	5800.109	3789.844	3703.711
155	Spectrogram 1	1	62.326550794	62.327548526	3499.239	5800.109	3789.844	3703.711
156	Spectrogram 1	1	62.327548526	62.328546259	3499.239	5800.109	3789.844	3703.711
157	Spectrogram 1	1	62.328546259	62.329543991	3499.239	5800.109	3789.844	3703.711
158	Spectrogram 1	1	62.329543991	62.330541723	3499.239	5800.109	3789.844	3703.711
159	Spectrogram 1	1	62.330541723	62.331539456	3499.239	5800.109	3789.844	3703.711
160	Spectrogram 1	1	62.331539456	62.332537188	3499.239	5800.109	4823.438	4823.438
161	Spectrogram 1	1	62.332537188	62.333534921	3499.239	5800.109	4823.438	4823.438
162	Spectrogram 1	1	62.333534921	62.334532653	3499.239	5800.109	4823.438	4823.438
163	Spectrogram 1	1	62.334532653	62.335530385	3499.239	5800.109	4823.438	4823.438
164	Spectrogram 1	1	62.335530385	62.336528118	3499.239	5800.109	4823.438	4823.438
165	Spectrogram 1	1	62.336528118	62.337525850	3499.239	5800.109	4220.508	4220.508
166	Spectrogram 1	1	62.337525850	62.338523583	3499.239	5800.109	4220.508	4220.508
167	Spectrogram 1	1	62.338523583	62.339521315	3499.239	5800.109	4220.508	4220.508
168	Spectrogram 1	1	62.339521315	62.340519048	3499.239	5800.109	4220.508	4220.508
169	Spectrogram 1	1	62.340519048	62.341516780	3499.239	5800.109	4220.508	4220.508
170	Spectrogram 1	1	62.341516780	62.342514512	3499.239	5800.109	4220.508	4220.508
171	Spectrogram 1	1	62.342514512	62.343512245	3499.239	5800.109	4478.906	4478.906
172	Spectrogram 1	1	62.343512245	62.344509977	3499.239	5800.109	4478.906	4478.906
173	Spectrogram 1	1	62.344509977	62.345507710	3499.239	5800.109	4478.906	4478.906
174	Spectrogram 1	1	62.345507710	62.346505442	3499.239	5800.109	4478.906	4478.906
175	Spectrogram 1	1	62.346505442	62.347503175	3499.239	5800.109	4478.906	4478.906
176	Spectrogram 1	1	62.347503175	62.348500907	3499.239	5800.109	4478.906	4478.906
177	Spectrogram 1	1	62.348500907	62.349498639	3499.239	5800.109	4651.172	4651.172
178	Spectrogram 1	1	62.349498639	62.350496372	3499.239	5800.109	4651.172	4651.172
179	Spectrogram 1	1	62.350496372	62.351494104	3499.239	5800.109	4651.172	4651.172
180	Spectrogram 1	1	62.351494104	62.352491837	3499.239	5800.109	4651.172	4651.172
181	Spectrogram 1	1	62.352491837	62.353489569	3499.239	5800.109	4651.172	4651.172
182	Spectrogram 1	1	62.353489569	62.354487302	3499.239	5800.109	4651.172	4651.172
183	Spectrogram 1	1	62.354487302	62.355485034	3499.239	5800.109	4823.438	4909.570
184	Spectrogram 1	1	62.355485034	62.356482766	3499.239	5800.109	4823.438	4909.570
185	Spectrogram 1	1	62.356482766	62.357480499	3499.239	5800.109	4823.438	4909.570
186	Spectrogram 1	1	62.357480499	62.358478231	3499.239	5800.109	4823.438	4909.570
187	Spectrogram 1	1	62.358478231	62.359475964	3499.239	5800.109	4823.438	4909.570
188	Spectrogram 1	1	62.359475964	62.360473696	3499.239	5800.109	4823.438	4909.570
189	Spectrogram 1	1	62.360473696	62.361471429	3499.239	5800.109	5081.836	5081.836
190	Spectrogram 1	1	62.361471429	62.362469161	3499.239	5800.109	5081.836	5081.836
191	Spectrogram 1	1	62.362469161	62.363466893	3499.239	5800.109	5081.836	5081.836
192	Spectrogram 1	1	62.363466893	62.364464626	3499.239	5800.109	5081.836	5081.836
193	Spectrogram 1	1	62.364464626	62.365462358	3499.239	5800.109	5081.836	5081.836
194	Spectrogram 1	1	62.365462358	62.366460091	3499.239	5800.109	5426.367	5512.500
195	Spectrogram 1	1	62.366460091	62.367457823	3499.239	5800.109	5426.367	5512.500
196	Spectrogram 1	1	62.367457823	62.368455556	3499.239	5800.109	5426.367	5512.500
197	Spectrogram 1	1	62.368455556	62.369453288	3499.239	5800.109	5426.367	5512.500
198	Spectrogram 1	1	62.369453288	62.370451020	3499.239	5800.109	5426.367	5512.500
199	Spectrogram 1	1	62.370451020	62.371448753	3499.239	5800.109	5426.367	5512.500
200	Spectrogram 1	1	62.371448753	62.372446485	3499.239	5800.109	5426.367	5426.367
201	Spectrogram 1	1	62.372446485	62.373444218	3499.239	5800.109	5426.367	5426.367
202	Spectrogram 1	1	62.373444218	62.374441950	3499.239	5800.109	5426.367	5426.367
203	Spectrogram 1	1	62.374441950	62.375439683	3499.239	5800.109	5426.367	5426.367
204	Spectrogram 1	1	62.375439683	62.376437415	3499.239	5800.109	5426.367	5426.367
205	Spectrogram 1	1	62.376437415	62.377435147	3499.239	5800.109	5426.367	5426.367
206	Spectrogram 1	1	62.377435147	62.378432880	3499.239	5800.109	5254.102	5684.766
207	Spectrogram 1	1	62.378432880	62.379430612	3499.239	5800.109	5254.102	5684.766
208	Spectrogram 1	1	62.379430612	62.380428345	3499.239	5800.109	5254.102	5684.766
209	Spectrogram 1	1	62.380428345	62.381426077	3499.239	5800.109	5254.102	5684.766
210	Spectrogram 1	1	62.381426077	62.382423810	3499.239	5800.109	5254.102	5684.766
211	Spectrogram 1	1	62.382423810	62.383421542	3499.239	5800.109	5254.102	5684.766
212	Spectrogram 1	1	62.383421542	62.384419274	3499.239	5800.109	5426.367	5684.766
213	Spectrogram 1	1	62.384419274	62.385417007	3499.239	5800.109	5426.367	5684.766
214	Spectrogram 1	1	62.385417007	62.386414739	3499.239	5800.109	5426.367	5684.766
215	Spectrogram 1	1	62.386414739	62.387412472	3499.239	5800.109	5426.367	5684.766
216	Spectrogram 1	1	62.387412472	62.388410204	3499.239	5800.109	5426.367	5684.766
217	Spectrogram 1	1	62.388410204	62.389407937	3499.239	5800.109	5426.367	5684.766
218	Spectrogram 1	1	62.389407937	62.390405669	3499.239	5800.109	5167.969	5684.766
219	Spectrogram 1	1	62.390405669	62.391403401	3499.239	5800.109	5167.969	5684.766
220	Spectrogram 1	1	62.391403401	62.392401134	3499.239	5800.109	5167.969	5684.766
221	Spectrogram 1	1	62.392401134	62.393398866	3499.239	5800.109	5167.969	5684.766
222	Spectrogram 1	1	62.393398866	62.394396599	3499.239	5800.109	5167.969	5684.766
223	Spectrogram 1	1	62.394396599	62.395394331	3499.239	5800.109	5167.969	5684.766
224	Spectrogram 1	1	62.395394331	62.396392063	3499.239	5800.109	5598.633	5684.766
225	Spectrogram 1	1	62.396392063	62.397389796	3499.239	5800.109	5598.633	5684.766
226	Spectrogram 1	1	62.397389796	62.397800000	3499.239	5800.109	5598.633	5684.766
