Selection	View	Channel	Begin Time (s)	End Time (s)	Low Freq (Hz)	High Freq (Hz)	Center Freq (Hz)	Peak Freq (Hz)
1	Spectrogram 1	2	44.950511503	44.951509235	2921.200	6737.500	5254.102	5340.234
2	Spectrogram 1	2	44.951509235	44.952506968	2921.200	6737.500	5254.102	5340.234
3	Spectrogram 1	2	44.952506968	44.953504700	2921.200	6737.500	5254.102	5340.234
4	Spectrogram 1	2	44.953504700	44.954502433	2921.200	6737.500	5254.102	5340.234
5	Spectrogram 1	2	44.954502433	44.955500165	2921.200	6737.500	5254.102	5340.234
6	Spectrogram 1	2	44.955500165	44.956497898	2921.200	6737.500	5254.102	5340.234
7	Spectrogram 1	2	44.956497898	44.957495630	2921.200	6737.500	5857.031	5857.031
8	Spectrogram 1	2	44.957495630	44.958493362	2921.200	6737.500	5857.031	5857.031
9	Spectrogram 1	2	44.958493362	44.959491095	2921.200	6737.500	5857.031	5857.031
10	Spectrogram 1	2	44.959491095	44.960488827	2921.200	6737.500	5857.031	5857.031
11	Spectrogram 1	2	44.960488827	44.961486560	2921.200	6737.500	5857.031	5857.031
12	Spectrogram 1	2	44.961486560	44.962484292	2921.200	6737.500	5857.031	5857.031
13	Spectrogram 1	2	44.962484292	44.963482025	2921.200	6737.500	5770.898	5770.898
14	Spectrogram 1	2	44.963482025	44.964479757	2921.200	6737.500	5770.898	5770.898
15	Spectrogram 1	2	44.964479757	44.965477489	2921.200	6737.500	5770.898	5770.898
16	Spectrogram 1	2	44.965477489	44.966475222	2921.200	6737.500	5770.898	5770.898
17	Spectrogram 1	2	44.966475222	44.967472954	2921.200	6737.500	5770.898	5770.898
18	Spectrogram 1	2	44.967472954	44.968470687	2921.200	6737.500	5770.898	5770.898
19	Spectrogram 1	2	44.968470687	44.969468419	2921.200	6737.500	5426.367	4995.703
20	Spectrogram 1	2	44.969468419	44.970466152	2921.200	6737.500	5426.367	4995.703
21	Spectrogram 1	2	44.970466152	44.971463884	2921.200	6737.500	5426.367	4995.703
22	Spectrogram 1	2	44.971463884	44.972461616	2921.200	6737.500	5426.367	4995.703
23	Spectrogram 1	2	44.972461616	44.973459349	2921.200	6737.500	5426.367	4995.703
24	Spectrogram 1	2	44.973459349	44.974457081	2921.200	6737.500	5426.367	4995.703
25	Spectrogram 1	2	44.974457081	44.975454814	2921.200	6737.500	4995.703	4995.703
26	Spectrogram 1	2	44.975454814	44.976452546	2921.200	6737.500	4995.703	4995.703
27	Spectrogram 1	2	44.976452546	44.977450279	2921.200	6737.500	4995.703	4995.703
28	Spectrogram 1	2	44.977450279	44.978448011	2921.200	6737.500	4995.703	4995.703
29	Spectrogram 1	2	44.978448011	44.979445743	2921.200	6737.500	4995.703	4995.703
30	Spectrogram 1	2	44.979445743	44.980443476	2921.200	6737.500	5857.031	5943.164
31	Spectrogram 1	2	44.980443476	44.981441208	2921.200	6737.500	5857.031	5943.164
32	Spectrogram 1	2	44.981441208	44.982438941	2921.200	6737.500	5857.031	5943.164
33	Spectrogram 1	2	44.982438941	44.983436673	2921.200	6737.500	5857.031	5943.164
34	Spectrogram 1	2	44.983436673	44.984434405	2921.200	6737.500	5857.031	5943.164
35	Spectrogram 1	2	44.984434405	44.985432138	2921.200	6737.500	5857.031	5943.164
36	Spectrogram 1	2	44.985432138	44.986429870	2921.200	6737.500	6029.297	6029.297
37	Spectrogram 1	2	44.986429870	44.987427603	2921.200	6737.500	6029.297	6029.297
38	Spectrogram 1	2	44.987427603	44.988425335	2921.200	6737.500	6029.297	6029.297
39	Spectrogram 1	2	44.988425335	44.989423068	2921.200	6737.500	6029.297	6029.297
40	Spectrogram 1	2	44.989423068	44.990420800	2921.200	6737.500	6029.297	6029.297
41	Spectrogram 1	2	44.990420800	44.991418532	2921.200	6737.500	6029.297	6029.297
42	Spectrogram 1	2	44.991418532	44.992416265	2921.200	6737.500	5684.766	5770.898
43	Spectrogram 1	2	44.992416265	44.993413997	2921.200	6737.500	5684.766	5770.898
44	Spectrogram 1	2	44.993413997	44.994411730	2921.200	6737.500	5684.766	5770.898
45	Spectrogram 1	2	44.994411730	44.995409462	2921.200	6737.500	5684.766	5770.898
46	Spectrogram 1	2	44.995409462	44.996407195	2921.200	6737.500	5684.766	5770.898
47	Spectrogram 1	2	44.996407195	44.997404927	2921.200	6737.500	5684.766	5770.898
48	Spectrogram 1	2	44.997404927	44.998402659	2921.200	6737.500	5340.234	5340.234
49	Spectrogram 1	2	44.998402659	44.999400392	2921.200	6737.500	5340.234	5340.234
50	Spectrogram 1	2	44.999400392	45.000398124	2921.200	6737.500	5340.234	5340.234
51	Spectrogram 1	2	45.000398124	45.001395857	2921.200	6737.500	5340.234	5340.234
52	Spectrogram 1	2	45.001395857	45.002393589	2921.200	6737.500	5340.234	5340.234
53	Spectrogram 1	2	45.002393589	45.003391322	2921.200	6737.500	5340.234	5340.234
54	Spectrogram 1	2	45.003391322	45.004389054	2921.200	6737.500	5167.969	4995.703
55	Spectrogram 1	2	45.004389054	45.005386786	2921.200	6737.500	5167.969	4995.703
56	Spectrogram 1	2	45.005386786	45.006384519	2921.200	6737.500	5167.969	4995.703
57	Spectrogram 1	2	45.006384519	45.007382251	2921.200	6737.500	5167.969	4995.703
58	Spectrogram 1	2	45.007382251	45.008379984	2921.200	6737.500	5167.969	4995.703
59	Spectrogram 1	2	45.008379984	45.009377716	2921.200	6737.500	5167.969	4995.703
60	Spectrogram 1	2	45.009377716	45.010375449	2921.200	6737.500	4995.703	4995.703
61	Spectrogram 1	2	45.010375449	45.011373181	2921.200	6737.500	4995.703	4995.703
62	Spectrogram 1	2	45.011373181	45.012370913	2921.200	6737.500	4995.703	4995.703
63	Spectrogram 1	2	45.012370913	45.013368646	2921.200	6737.500	4995.703	4995.703
64	Spectrogram 1	2	45.013368646	45.014366378	2921.200	6737.500	4995.703	4995.703
65	Spectrogram 1	2	45.014366378	45.015364111	2921.200	6737.500	4651.172	4651.172
66	Spectrogram 1	2	45.015364111	45.016361843	2921.200	6737.500	4651.172	4651.172
67	Spectrogram 1	2	45.016361843	45.017359576	2921.200	6737.500	4651.172	4651.172
68	Spectrogram 1	2	45.017359576	45.018357308	2921.200	6737.500	4651.172	4651.172
69	Spectrogram 1	2	45.018357308	45.019355040	2921.200	6737.500	4651.172	4651.172
70	Spectrogram 1	2	45.019355040	45.020352773	2921.200	6737.500	4651.172	4651.172
71	Spectrogram 1	2	45.020352773	45.021350505	2921.200	6737.500	4823.438	4909.570
72	Spectrogram 1	2	45.021350505	45.022348238	2921.200	6737.500	4823.438	4909.570
73	Spectrogram 1	2	45.022348238	45.023345970	2921.200	6737.500	4823.438	4909.570
74	Spectrogram 1	2	45.023345970	45.024343703	2921.200	6737.500	4823.438	4909.570
75	Spectrogram 1	2	45.024343703	45.025341435	2921.200	6737.500	4823.438	4909.570
76	Spectrogram 1	2	45.025341435	45.026339167	2921.200	6737.500	4823.438	4909.570
77	Spectrogram 1	2	45.026339167	45.027336900	2921.200	6737.500	4995.703	4995.703
78	Spectrogram 1	2	45.027336900	45.028334632	2921.200	6737.500	4995.703	4995.703
79	Spectrogram 1	2	45.028334632	45.029332365	2921.200	6737.500	4995.703	4995.703
80	Spectrogram 1	2	45.029332365	45.030330097	2921.200	6737.500	4995.703	4995.703
81	Spectrogram 1	2	45.030330097	45.031327830	2921.200	6737.500	4995.703	4995.703
82	Spectrogram 1	2	45.031327830	45.032325562	2921.200	6737.500	4995.703	4995.703
83	Spectrogram 1	2	45.032325562	45.033323294	2921.200	6737.500	4995.703	4995.703
84	Spectrogram 1	2	45.033323294	45.034321027	2921.200	6737.500	4995.703	4995.703
85	Spectrogram 1	2	45.034321027	45.035318759	2921.200	6737.500	4995.703	4995.703
86	Spectrogram 1	2	45.035318759	45.036316492	2921.200	6737.500	4995.703	4995.703
87	Spectrogram 1	2	45.036316492	45.037314224	2921.200	6737.500	4995.703	4995.703
88	Spectrogram 1	2	45.037314224	45.038311957	2921.200	6737.500	4995.703	4995.703
89	Spectrogram 1	2	45.038311957	45.039309689	2921.200	6737.500	4995.703	4995.703
90	Spectrogram 1	2	45.039309689	45.040307421	2921.200	6737.500	4995.703	4995.703
91	Spectrogram 1	2	45.040307421	45.041305154	2921.200	6737.500	4995.703	4995.703
92	Spectrogram 1	2	45.041305154	45.042302886	2921.200	6737.500	4995.703	4995.703
93	Spectrogram 1	2	45.042302886	45.043300619	2921.200	6737.500	4995.703	4995.703
94	Spectrogram 1	2	45.043300619	45.044298351	2921.200	6737.500	5081.836	4995.703
95	Spectrogram 1	2	45.044298351	45.045296083	2921.200	6737.500	5081.836	4995.703
96	Spectrogram 1	2	45.045296083	45.046293816	2921.200	6737.500	5081.836	4995.703
97	Spectrogram 1	2	45.046293816	45.047291548	2921.200	6737.500	5081.836	4995.703
98	Spectrogram 1	2	45.047291548	45.048289281	2921.200	6737.500	5081.836	4995.703
99	Spectrogram 1	2	45.048289281	45.049287013	2921.200	6737.500	5081.836	4995.703
100	Spectrogram 1	2	45.049287013	45.050284746	2921.200	6737.500	5254.102	5167.969
101	Spectrogram 1	2	45.050284746	45.051282478	2921.200	6737.500	5254.102	5167.969
102	Spectrogram 1	2	45.051282478	45.052280210	2921.200	6737.500	5254.102	5167.969
103	Spectrogram 1	2	45.052280210	45.053277943	2921.200	6737.500	5254.102	5167.969
104	Spectrogram 1	2	45.053277943	45.054275675	2921.200	6737.500	5254.102	5167.969
105	Spectrogram 1	2	45.054275675	45.055273408	2921.200	6737.500	5254.102	5167.969
106	Spectrogram 1	2	45.055273408	45.056271140	2921.200	6737.500	5857.031	6201.562
107	Spectrogram 1	2	45.056271140	45.057268873	2921.200	6737.500	5857.031	6201.562
108	Spectrogram 1	2	45.057268873	45.058266605	2921.200	6737.500	5857.031	6201.562
109	Spectrogram 1	2	45.058266605	45.059264337	2921.200	6737.500	5857.031	6201.562
110	Spectrogram 1	2	45.059264337	45.060262070	2921.200	6737.500	5857.031	6201.562
111	Spectrogram 1	2	45.060262070	45.061259802	2921.200	6737.500	5857.031	6201.562
112	Spectrogram 1	2	45.061259802	45.062257535	2921.200	6737.500	4737.305	3445.312
113	Spectrogram 1	2	45.062257535	45.063255267	2921.200	6737.500	4737.305	3445.312
114	Spectrogram 1	2	45.063255267	45.064253000	2921.200	6737.500	4737.305	3445.312
115	Spectrogram 1	2	45.064253000	45.065250732	2921.200	6737.500	4737.305	3445.312
116	Spectrogram 1	2	45.065250732	45.066248464	2921.200	6737.500	4737.305	3445.312
117	Spectrogram 1	2	45.066248464	45.067246197	2921.200	6737.500	4737.305	3445.312
118	Spectrogram 1	2	45.067246197	45.068243929	2921.200	6737.500	3617.578	3531.445
119	Spectrogram 1	2	45.068243929	45.069241662	2921.200	6737.500	3617.578	3531.445
120	Spectrogram 1	2	45.069241662	45.070239394	2921.200	6737.500	3617.578	3531.445
121	Spectrogram 1	2	45.070239394	45.071237127	2921.200	6737.500	3617.578	3531.445
122	Spectrogram 1	2	45.071237127	45.072234859	2921.200	6737.500	3617.578	3531.445
123	Spectrogram 1	2	45.072234859	45.073232591	2921.200	6737.500	3617.578	3531.445
124	Spectrogram 1	2	45.073232591	45.074230324	2921.200	6737.500	3703.711	3703.711
125	Spectrogram 1	2	45.074230324	45.075228056	2921.200	6737.500	3703.711	3703.711
126	Spectrogram 1	2	45.075228056	45.076225789	2921.200	6737.500	3703.711	3703.711
127	Spectrogram 1	2	45.076225789	45.077223521	2921.200	6737.500	3703.711	3703.711
128	Spectrogram 1	2	45.077223521	45.078221254	2921.200	6737.500	3703.711	3703.711
129	Spectrogram 1	2	45.078221254	45.079218986	2921.200	6737.500	3703.711	3703.711
130	Spectrogram 1	2	45.079218986	45.080216718	2921.200	6737.500	3703.711	3703.711
131	Spectrogram 1	2	45.080216718	45.081214451	2921.200	6737.500	3703.711	3703.711
132	Spectrogram 1	2	45.081214451	45.082212183	2921.200	6737.500	3703.711	3703.711
133	Spectrogram 1	2	45.082212183	45.083209916	2921.200	6737.500	3703.711	3703.711
134	Spectrogram 1	2	45.083209916	45.084207648	2921.200	6737.500	3703.711	3703.711
135	Spectrogram 1	2	45.084207648	45.085205381	2921.200	6737.500	3703.711	3703.711
136	Spectrogram 1	2	45.085205381	45.086203113	2921.200	6737.500	3703.711	3703.711
137	Spectrogram 1	2	45.086203113	45.087200845	2921.200	6737.500	3703.711	3703.711
138	Spectrogram 1	2	45.087200845	45.088198578	2921.200	6737.500	3703.711	3703.711
139	Spectrogram 1	2	45.088198578	45.089196310	2921.200	6737.500	3703.711	3703.711
140	Spectrogram 1	2	45.089196310	45.090194043	2921.200	6737.500	3703.711	3703.711
141	Spectrogram 1	2	45.090194043	45.091191775	2921.200	6737.500	3703.711	3703.711
142	Spectrogram 1	2	45.091191775	45.092189508	2921.200	6737.500	3703.711	3703.711
143	Spectrogram 1	2	45.092189508	45.093187240	2921.200	6737.500	3703.711	3703.711
144	Spectrogram 1	2	45.093187240	45.094184972	2921.200	6737.500	3703.711	3703.711
145	Spectrogram 1	2	45.094184972	45.095182705	2921.200	6737.500	3703.711	3703.711
146	Spectrogram 1	2	45.095182705	45.096180437	2921.200	6737.500	3703.711	3703.711
147	Spectrogram 1	2	45.096180437	45.097178170	2921.200	6737.500	3617.578	3617.578
148	Spectrogram 1	2	45.097178170	45.098175902	2921.200	6737.500	3617.578	3617.578
149	Spectrogram 1	2	45.098175902	45.099173635	2921.200	6737.500	3617.578	3617.578
150	Spectrogram 1	2	45.099173635	45.100171367	2921.200	6737.500	3617.578	3617.578
151	Spectrogram 1	2	45.100171367	45.101169099	2921.200	6737.500	3617.578	3617.578
152	Spectrogram 1	2	45.101169099	45.102166832	2921.200	6737.500	3617.578	3617.578
153	Spectrogram 1	2	45.102166832	45.103164564	2921.200	6737.500	3703.711	3703.711
154	Spectrogram 1	2	45.103164564	45.104162297	2921.200	6737.500	3703.711	3703.711
155	Spectrogram 1	2	45.104162297	45.105160029	2921.200	6737.500	3703.711	3703.711
156	Spectrogram 1	2	45.105160029	45.106157762	2921.200	6737.500	3703.711	3703.711
157	Spectrogram 1	2	45.106157762	45.107155494	2921.200	6737.500	3703.711	3703.711
158	Spectrogram 1	2	45.107155494	45.108153226	2921.200	6737.500	3789.844	3789.844
159	Spectrogram 1	2	45.108153226	45.109150959	2921.200	6737.500	3789.844	3789.844
160	Spectrogram 1	2	45.109150959	45.110148691	2921.200	6737.500	3789.844	3789.844
161	Spectrogram 1	2	45.110148691	45.111146424	2921.200	6737.500	3789.844	3789.844
162	Spectrogram 1	2	45.111146424	45.112144156	2921.200	6737.500	3789.844	3789.844
163	Spectrogram 1	2	45.112144156	45.113141888	2921.200	6737.500	3789.844	3789.844
164	Spectrogram 1	2	45.113141888	45.114139621	2921.200	6737.500	3962.109	3962.109
165	Spectrogram 1	2	45.114139621	45.115137353	2921.200	6737.500	3962.109	3962.109
166	Spectrogram 1	2	45.115137353	45.116135086	2921.200	6737.500	3962.109	3962.109
167	Spectrogram 1	2	45.116135086	45.117132818	2921.200	6737.500	3962.109	3962.109
168	Spectrogram 1	2	45.117132818	45.118130551	2921.200	6737.500	3962.109	3962.109
169	Spectrogram 1	2	45.118130551	45.119128283	2921.200	6737.500	3962.109	3962.109
170	Spectrogram 1	2	45.119128283	45.120126015	2921.200	6737.500	4134.375	4134.375
171	Spectrogram 1	2	45.120126015	45.121123748	2921.200	6737.500	4134.375	4134.375
172	Spectrogram 1	2	45.121123748	45.122121480	2921.200	6737.500	4134.375	4134.375
173	Spectrogram 1	2	45.122121480	45.123119213	2921.200	6737.500	4134.375	4134.375
174	Spectrogram 1	2	45.123119213	45.124116945	2921.200	6737.500	4134.375	4134.375
175	Spectrogram 1	2	45.124116945	45.125114678	2921.200	6737.500	4134.375	4134.375
176	Spectrogram 1	2	45.125114678	45.126112410	2921.200	6737.500	4392.773	4392.773
177	Spectrogram 1	2	45.126112410	45.127110142	2921.200	6737.500	4392.773	4392.773
178	Spectrogram 1	2	45.127110142	45.128107875	2921.200	6737.500	4392.773	4392.773
179	Spectrogram 1	2	45.128107875	45.129105607	2921.200	6737.500	4392.773	4392.773
180	Spectrogram 1	2	45.129105607	45.130103340	2921.200	6737.500	4392.773	4392.773
181	Spectrogram 1	2	45.130103340	45.131101072	2921.200	6737.500	4392.773	4392.773
182	Spectrogram 1	2	45.131101072	45.132098805	2921.200	6737.500	4737.305	4737.305
183	Spectrogram 1	2	45.132098805	45.133096537	2921.200	6737.500	4737.305	4737.305
184	Spectrogram 1	2	45.133096537	45.134094269	2921.200	6737.500	4737.305	4737.305
185	Spectrogram 1	2	45.134094269	45.135092002	2921.200	6737.500	4737.305	4737.305
186	Spectrogram 1	2	45.135092002	45.136089734	2921.200	6737.500	4737.305	4737.305
187	Spectrogram 1	2	45.136089734	45.137087467	2921.200	6737.500	4737.305	4737.305
188	Spectrogram 1	2	45.137087467	45.138085199	2921.200	6737.500	4995.703	4995.703
189	Spectrogram 1	2	45.138085199	45.139082932	2921.200	6737.500	4995.703	4995.703
190	Spectrogram 1	2	45.139082932	45.140080664	2921.200	6737.500	4995.703	4995.703
191	Spectrogram 1	2	45.140080664	45.141078396	2921.200	6737.500	4995.703	4995.703
192	Spectrogram 1	2	45.141078396	45.142076129	2921.200	6737.500	4995.703	4995.703
193	Spectrogram 1	2	45.142076129	45.143073861	2921.200	6737.500	6029.297	6115.430
194	Spectrogram 1	2	45.143073861	45.144071594	2921.200	6737.500	6029.297	6115.430
195	Spectrogram 1	2	45.144071594	45.145069326	2921.200	6737.500	6029.297	6115.430
196	Spectrogram 1	2	45.145069326	45.146067059	2921.200	6737.500	6029.297	6115.430
197	Spectrogram 1	2	45.146067059	45.147064791	2921.200	6737.500	6029.297	6115.430
198	Spectrogram 1	2	45.147064791	45.148062523	2921.200	6737.500	6029.297	6115.430
199	Spectrogram 1	2	45.148062523	45.149060256	2921.200	6737.500	6459.961	6546.094
200	Spectrogram 1	2	45.149060256	45.150057988	2921.200	6737.500	6459.961	6546.094
201	Spectrogram 1	2	45.150057988	45.151055721	2921.200	6737.500	6459.961	6546.094
202	Spectrogram 1	2	45.151055721	45.152053453	2921.200	6737.500	6459.961	6546.094
203	Spectrogram 1	2	45.152053453	45.153051186	2921.200	6737.500	6459.961	6546.094
204	Spectrogram 1	2	45.153051186	45.154048918	2921.200	6737.500	6459.961	6546.094
205	Spectrogram 1	2	45.154048918	45.155046650	2921.200	6737.500	6459.961	6459.961
206	Spectrogram 1	2	45.155046650	45.156044383	2921.200	6737.500	6459.961	6459.961
207	Spectrogram 1	2	45.156044383	45.157042115	2921.200	6737.500	6459.961	6459.961
208	Spectrogram 1	2	45.157042115	45.158039848	2921.200	6737.500	6459.961	6459.961
209	Spectrogram 1	2	45.158039848	45.159037580	2921.200	6737.500	6459.961	6459.961
210	Spectrogram 1	2	45.159037580	45.160035313	2921.200	6737.500	6459.961	6459.961
211	Spectrogram 1	2	45.160035313	45.161033045	2921.200	6737.500	6029.297	6201.562
212	Spectrogram 1	2	45.161033045	45.162030777	2921.200	6737.500	6029.297	6201.562
213	Spectrogram 1	2	45.162030777	45.163028510	2921.200	6737.500	6029.297	6201.562
214	Spectrogram 1	2	45.163028510	45.164026242	2921.200	6737.500	6029.297	6201.562
215	Spectrogram 1	2	45.164026242	45.165023975	2921.200	6737.500	6029.297	6201.562
216	Spectrogram 1	2	45.165023975	45.166021707	2921.200	6737.500	6029.297	6201.562
217	Spectrogram 1	2	45.166021707	45.167019440	2921.200	6737.500	5770.898	6115.430
218	Spectrogram 1	2	45.167019440	45.168017172	2921.200	6737.500	5770.898	6115.430
219	Spectrogram 1	2	45.168017172	45.169014904	2921.200	6737.500	5770.898	6115.430
220	Spectrogram 1	2	45.169014904	45.170012637	2921.200	6737.500	5770.898	6115.430
221	Spectrogram 1	2	45.170012637	45.171010369	2921.200	6737.500	5770.898	6115.430
222	Spectrogram 1	2	45.171010369	45.171816938	2921.200	6737.500	5770.898	6115.430
