Selection	View	Channel	Begin Time (s)	End Time (s)	Low Freq (Hz)	High Freq (Hz)	Center Freq (Hz)	Peak Freq (Hz)
1	Spectrogram 1	1	102.009983728	102.010981460	2420.100	6328.000	5167.969	5167.969
2	Spectrogram 1	1	102.010981460	102.011979193	2420.100	6328.000	5167.969	5167.969
3	Spectrogram 1	1	102.011979193	102.012976925	2420.100	6328.000	5167.969	5167.969
4	Spectrogram 1	1	102.012976925	102.013974658	2420.100	6328.000	5167.969	5167.969
5	Spectrogram 1	1	102.013974658	102.014972390	2420.100	6328.000	5167.969	5167.969
6	Spectrogram 1	1	102.014972390	102.015970123	2420.100	6328.000	5167.969	5167.969
7	Spectrogram 1	1	102.015970123	102.016967855	2420.100	6328.000	5167.969	5167.969
8	Spectrogram 1	1	102.016967855	102.017965587	2420.100	6328.000	5167.969	5167.969
9	Spectrogram 1	1	102.017965587	102.018963320	2420.100	6328.000	5167.969	5167.969
10	Spectrogram 1	1	102.018963320	102.019961052	2420.100	6328.000	5167.969	5167.969
11	Spectrogram 1	1	102.019961052	102.020958785	2420.100	6328.000	4737.305	5167.969
12	Spectrogram 1	1	102.020958785	102.021956517	2420.100	6328.000	4737.305	5167.969
13	Spectrogram 1	1	102.021956517	102.022954250	2420.100	6328.000	4737.305	5167.969
14	Spectrogram 1	1	102.022954250	102.023951982	2420.100	6328.000	4737.305	5167.969
15	Spectrogram 1	1	102.023951982	102.024949714	2420.100	6328.000	4737.305	5167.969
16	Spectrogram 1	1	102.024949714	102.025947447	2420.100	6328.000	4737.305	5167.969
17	Spectrogram 1	1	102.025947447	102.026945179	2420.100	6328.000	4995.703	4995.703
18	Spectrogram 1	1	102.026945179	102.027942912	2420.100	6328.000	4995.703	4995.703
19	Spectrogram 1	1	102.027942912	102.028940644	2420.100	6328.000	4995.703	4995.703
20	Spectrogram 1	1	102.028940644	102.029938377	2420.100	6328.000	4995.703	4995.703
21	Spectrogram 1	1	102.029938377	102.030936109	2420.100	6328.000	4995.703	4995.703
22	Spectrogram 1	1	102.030936109	102.031933841	2420.100	6328.000	5167.969	5167.969
23	Spectrogram 1	1	102.031933841	102.032931574	2420.100	6328.000	5167.969	5167.969
24	Spectrogram 1	1	102.032931574	102.033929306	2420.100	6328.000	5167.969	5167.969
25	Spectrogram 1	1	102.033929306	102.034927039	2420.100	6328.000	5167.969	5167.969
26	Spectrogram 1	1	102.034927039	102.035924771	2420.100	6328.000	5167.969	5167.969
27	Spectrogram 1	1	102.035924771	102.036922504	2420.100	6328.000	5167.969	5167.969
28	Spectrogram 1	1	102.036922504	102.037920236	2420.100	6328.000	5254.102	5254.102
29	Spectrogram 1	1	102.037920236	102.038917968	2420.100	6328.000	5254.102	5254.102
30	Spectrogram 1	1	102.038917968	102.039915701	2420.100	6328.000	5254.102	5254.102
31	Spectrogram 1	1	102.039915701	102.040913433	2420.100	6328.000	5254.102	5254.102
32	Spectrogram 1	1	102.040913433	102.041911166	2420.100	6328.000	5254.102	5254.102
33	Spectrogram 1	1	102.041911166	102.042908898	2420.100	6328.000	5254.102	5254.102
34	Spectrogram 1	1	102.042908898	102.043906630	2420.100	6328.000	5340.234	5340.234
35	Spectrogram 1	1	102.043906630	102.044904363	2420.100	6328.000	5340.234	5340.234
36	Spectrogram 1	1	102.044904363	102.045902095	2420.100	6328.000	5340.234	5340.234
37	Spectrogram 1	1	102.045902095	102.046899828	2420.100	6328.000	5340.234	5340.234
38	Spectrogram 1	1	102.046899828	102.047897560	2420.100	6328.000	5340.234	5340.234
39	Spectrogram 1	1	102.047897560	102.048895293	2420.100	6328.000	5340.234	5340.234
40	Spectrogram 1	1	102.048895293	102.049893025	2420.100	6328.000	5167.969	5167.969
41	Spectrogram 1	1	102.049893025	102.050890757	2420.100	6328.000	5167.969	5167.969
42	Spectrogram 1	1	102.050890757	102.051888490	2420.100	6328.000	5167.969	5167.969
43	Spectrogram 1	1	102.051888490	102.052886222	2420.100	6328.000	5167.969	5167.969
44	Spectrogram 1	1	102.052886222	102.053883955	2420.100	6328.000	5167.969	5167.969
45	Spectrogram 1	1	102.053883955	102.054881687	2420.100	6328.000	5167.969	5167.969
46	Spectrogram 1	1	102.054881687	102.055879420	2420.100	6328.000	5081.836	5081.836
47	Spectrogram 1	1	102.055879420	102.056877152	2420.100	6328.000	5081.836	5081.836
48	Spectrogram 1	1	102.056877152	102.057874884	2420.100	6328.000	5081.836	5081.836
49	Spectrogram 1	1	102.057874884	102.058872617	2420.100	6328.000	5081.836	5081.836
50	Spectrogram 1	1	102.058872617	102.059870349	2420.100	6328.000	5081.836	5081.836
51	Spectrogram 1	1	102.059870349	102.060868082	2420.100	6328.000	5081.836	5081.836
52	Spectrogram 1	1	102.060868082	102.061865814	2420.100	6328.000	4823.438	4823.438
53	Spectrogram 1	1	102.061865814	102.062863547	2420.100	6328.000	4823.438	4823.438
54	Spectrogram 1	1	102.062863547	102.063861279	2420.100	6328.000	4823.438	4823.438
55	Spectrogram 1	1	102.063861279	102.064859011	2420.100	6328.000	4823.438	4823.438
56	Spectrogram 1	1	102.064859011	102.065856744	2420.100	6328.000	4823.438	4823.438
57	Spectrogram 1	1	102.065856744	102.066854476	2420.100	6328.000	4651.172	4651.172
58	Spectrogram 1	1	102.066854476	102.067852209	2420.100	6328.000	4651.172	4651.172
59	Spectrogram 1	1	102.067852209	102.068849941	2420.100	6328.000	4651.172	4651.172
60	Spectrogram 1	1	102.068849941	102.069847674	2420.100	6328.000	4651.172	4651.172
61	Spectrogram 1	1	102.069847674	102.070845406	2420.100	6328.000	4651.172	4651.172
62	Spectrogram 1	1	102.070845406	102.071843138	2420.100	6328.000	4651.172	4651.172
63	Spectrogram 1	1	102.071843138	102.072840871	2420.100	6328.000	4565.039	4565.039
64	Spectrogram 1	1	102.072840871	102.073838603	2420.100	6328.000	4565.039	4565.039
65	Spectrogram 1	1	102.073838603	102.074836336	2420.100	6328.000	4565.039	4565.039
66	Spectrogram 1	1	102.074836336	102.075834068	2420.100	6328.000	4565.039	4565.039
67	Spectrogram 1	1	102.075834068	102.076831801	2420.100	6328.000	4565.039	4565.039
68	Spectrogram 1	1	102.076831801	102.077829533	2420.100	6328.000	4565.039	4565.039
69	Spectrogram 1	1	102.077829533	102.078827265	2420.100	6328.000	4478.906	4478.906
70	Spectrogram 1	1	102.078827265	102.079824998	2420.100	6328.000	4478.906	4478.906
71	Spectrogram 1	1	102.079824998	102.080822730	2420.100	6328.000	4478.906	4478.906
72	Spectrogram 1	1	102.080822730	102.081820463	2420.100	6328.000	4478.906	4478.906
73	Spectrogram 1	1	102.081820463	102.082818195	2420.100	6328.000	4478.906	4478.906
74	Spectrogram 1	1	102.082818195	102.083815928	2420.100	6328.000	4478.906	4478.906
75	Spectrogram 1	1	102.083815928	102.084813660	2420.100	6328.000	4392.773	4392.773
76	Spectrogram 1	1	102.084813660	102.085811392	2420.100	6328.000	4392.773	4392.773
77	Spectrogram 1	1	102.085811392	102.086809125	2420.100	6328.000	4392.773	4392.773
78	Spectrogram 1	1	102.086809125	102.087806857	2420.100	6328.000	4392.773	4392.773
79	Spectrogram 1	1	102.087806857	102.088804590	2420.100	6328.000	4392.773	4392.773
80	Spectrogram 1	1	102.088804590	102.089802322	2420.100	6328.000	4392.773	4392.773
81	Spectrogram 1	1	102.089802322	102.090800055	2420.100	6328.000	4220.508	4220.508
82	Spectrogram 1	1	102.090800055	102.091797787	2420.100	6328.000	4220.508	4220.508
83	Spectrogram 1	1	102.091797787	102.092795519	2420.100	6328.000	4220.508	4220.508
84	Spectrogram 1	1	102.092795519	102.093793252	2420.100	6328.000	4220.508	4220.508
85	Spectrogram 1	1	102.093793252	102.094790984	2420.100	6328.000	4220.508	4220.508
86	Spectrogram 1	1	102.094790984	102.095788717	2420.100	6328.000	4737.305	4823.438
87	Spectrogram 1	1	102.095788717	102.096786449	2420.100	6328.000	4737.305	4823.438
88	Spectrogram 1	1	102.096786449	102.097784182	2420.100	6328.000	4737.305	4823.438
89	Spectrogram 1	1	102.097784182	102.098781914	2420.100	6328.000	4737.305	4823.438
90	Spectrogram 1	1	102.098781914	102.099779646	2420.100	6328.000	4737.305	4823.438
91	Spectrogram 1	1	102.099779646	102.100777379	2420.100	6328.000	4737.305	4823.438
92	Spectrogram 1	1	102.100777379	102.101775111	2420.100	6328.000	4737.305	4651.172
93	Spectrogram 1	1	102.101775111	102.102772844	2420.100	6328.000	4737.305	4651.172
94	Spectrogram 1	1	102.102772844	102.103770576	2420.100	6328.000	4737.305	4651.172
95	Spectrogram 1	1	102.103770576	102.104768308	2420.100	6328.000	4737.305	4651.172
96	Spectrogram 1	1	102.104768308	102.105766041	2420.100	6328.000	4737.305	4651.172
97	Spectrogram 1	1	102.105766041	102.106763773	2420.100	6328.000	4737.305	4651.172
98	Spectrogram 1	1	102.106763773	102.107761506	2420.100	6328.000	4651.172	4651.172
99	Spectrogram 1	1	102.107761506	102.108759238	2420.100	6328.000	4651.172	4651.172
100	Spectrogram 1	1	102.108759238	102.109756971	2420.100	6328.000	4651.172	4651.172
101	Spectrogram 1	1	102.109756971	102.110754703	2420.100	6328.000	4651.172	4651.172
102	Spectrogram 1	1	102.110754703	102.111752435	2420.100	6328.000	4651.172	4651.172
103	Spectrogram 1	1	102.111752435	102.112750168	2420.100	6328.000	4651.172	4651.172
104	Spectrogram 1	1	102.112750168	102.113747900	2420.100	6328.000	4823.438	4737.305
105	Spectrogram 1	1	102.113747900	102.114745633	2420.100	6328.000	4823.438	4737.305
106	Spectrogram 1	1	102.114745633	102.115743365	2420.100	6328.000	4823.438	4737.305
107	Spectrogram 1	1	102.115743365	102.116741098	2420.100	6328.000	4823.438	4737.305
108	Spectrogram 1	1	102.116741098	102.117738830	2420.100	6328.000	4823.438	4737.305
109	Spectrogram 1	1	102.117738830	102.118736562	2420.100	6328.000	4823.438	4737.305
110	Spectrogram 1	1	102.118736562	102.119734295	2420.100	6328.000	4823.438	4823.438
111	Spectrogram 1	1	102.119734295	102.120732027	2420.100	6328.000	4823.438	4823.438
112	Spectrogram 1	1	102.120732027	102.121729760	2420.100	6328.000	4823.438	4823.438
113	Spectrogram 1	1	102.121729760	102.122727492	2420.100	6328.000	4823.438	4823.438
114	Spectrogram 1	1	102.122727492	102.123725225	2420.100	6328.000	4823.438	4823.438
115	Spectrogram 1	1	102.123725225	102.124722957	2420.100	6328.000	4823.438	4823.438
116	Spectrogram 1	1	102.124722957	102.125720689	2420.100	6328.000	4823.438	4823.438
117	Spectrogram 1	1	102.125720689	102.126718422	2420.100	6328.000	4823.438	4823.438
118	Spectrogram 1	1	102.126718422	102.127716154	2420.100	6328.000	4823.438	4823.438
119	Spectrogram 1	1	102.127716154	102.128713887	2420.100	6328.000	4823.438	4823.438
120	Spectrogram 1	1	102.128713887	102.129711619	2420.100	6328.000	4823.438	4823.438
121	Spectrogram 1	1	102.129711619	102.130709352	2420.100	6328.000	4823.438	4823.438
122	Spectrogram 1	1	102.130709352	102.131707084	2420.100	6328.000	4823.438	4823.438
123	Spectrogram 1	1	102.131707084	102.132704816	2420.100	6328.000	4823.438	4823.438
124	Spectrogram 1	1	102.132704816	102.133702549	2420.100	6328.000	4823.438	4823.438
125	Spectrogram 1	1	102.133702549	102.134700281	2420.100	6328.000	4823.438	4823.438
126	Spectrogram 1	1	102.134700281	102.135698014	2420.100	6328.000	4823.438	4823.438
127	Spectrogram 1	1	102.135698014	102.136695746	2420.100	6328.000	2842.383	2756.250
128	Spectrogram 1	1	102.136695746	102.137693479	2420.100	6328.000	2842.383	2756.250
129	Spectrogram 1	1	102.137693479	102.138691211	2420.100	6328.000	2842.383	2756.250
130	Spectrogram 1	1	102.138691211	102.139688943	2420.100	6328.000	2842.383	2756.250
131	Spectrogram 1	1	102.139688943	102.140686676	2420.100	6328.000	2842.383	2756.250
132	Spectrogram 1	1	102.140686676	102.141684408	2420.100	6328.000	2842.383	2756.250
133	Spectrogram 1	1	102.141684408	102.142682141	2420.100	6328.000	3100.781	3100.781
134	Spectrogram 1	1	102.142682141	102.143679873	2420.100	6328.000	3100.781	3100.781
135	Spectrogram 1	1	102.143679873	102.144677606	2420.100	6328.000	3100.781	3100.781
136	Spectrogram 1	1	102.144677606	102.145675338	2420.100	6328.000	3100.781	3100.781
137	Spectrogram 1	1	102.145675338	102.146673070	2420.100	6328.000	3100.781	3100.781
138	Spectrogram 1	1	102.146673070	102.147670803	2420.100	6328.000	3100.781	3100.781
139	Spectrogram 1	1	102.147670803	102.148668535	2420.100	6328.000	3186.914	3186.914
140	Spectrogram 1	1	102.148668535	102.149666268	2420.100	6328.000	3186.914	3186.914
141	Spectrogram 1	1	102.149666268	102.150664000	2420.100	6328.000	3186.914	3186.914
142	Spectrogram 1	1	102.150664000	102.151661733	2420.100	6328.000	3186.914	3186.914
143	Spectrogram 1	1	102.151661733	102.152659465	2420.100	6328.000	3186.914	3186.914
144	Spectrogram 1	1	102.152659465	102.153657197	2420.100	6328.000	3186.914	3186.914
145	Spectrogram 1	1	102.153657197	102.154654930	2420.100	6328.000	3273.047	3273.047
146	Spectrogram 1	1	102.154654930	102.155652662	2420.100	6328.000	3273.047	3273.047
147	Spectrogram 1	1	102.155652662	102.156650395	2420.100	6328.000	3273.047	3273.047
148	Spectrogram 1	1	102.156650395	102.157648127	2420.100	6328.000	3273.047	3273.047
149	Spectrogram 1	1	102.157648127	102.158645860	2420.100	6328.000	3273.047	3273.047
150	Spectrogram 1	1	102.158645860	102.159643592	2420.100	6328.000	3273.047	3273.047
151	Spectrogram 1	1	102.159643592	102.160641324	2420.100	6328.000	3273.047	3273.047
152	Spectrogram 1	1	102.160641324	102.161639057	2420.100	6328.000	3273.047	3273.047
153	Spectrogram 1	1	102.161639057	102.162636789	2420.100	6328.000	3273.047	3273.047
154	Spectrogram 1	1	102.162636789	102.163634522	2420.100	6328.000	3273.047	3273.047
155	Spectrogram 1	1	102.163634522	102.164632254	2420.100	6328.000	3273.047	3273.047
156	Spectrogram 1	1	102.164632254	102.165629987	2420.100	6328.000	3273.047	3273.047
157	Spectrogram 1	1	102.165629987	102.166627719	2420.100	6328.000	3273.047	3273.047
158	Spectrogram 1	1	102.166627719	102.167625451	2420.100	6328.000	3273.047	3273.047
159	Spectrogram 1	1	102.167625451	102.168623184	2420.100	6328.000	3273.047	3273.047
160	Spectrogram 1	1	102.168623184	102.169620916	2420.100	6328.000	3273.047	3273.047
161	Spectrogram 1	1	102.169620916	102.170618649	2420.100	6328.000	3273.047	3273.047
162	Spectrogram 1	1	102.170618649	102.171616381	2420.100	6328.000	3273.047	3273.047
163	Spectrogram 1	1	102.171616381	102.172614113	2420.100	6328.000	3273.047	3273.047
164	Spectrogram 1	1	102.172614113	102.173611846	2420.100	6328.000	3273.047	3273.047
165	Spectrogram 1	1	102.173611846	102.174609578	2420.100	6328.000	3273.047	3273.047
166	Spectrogram 1	1	102.174609578	102.175607311	2420.100	6328.000	3273.047	3273.047
167	Spectrogram 1	1	102.175607311	102.176605043	2420.100	6328.000	3273.047	3273.047
168	Spectrogram 1	1	102.176605043	102.177602776	2420.100	6328.000	3273.047	3273.047
169	Spectrogram 1	1	102.177602776	102.178600508	2420.100	6328.000	3273.047	3273.047
170	Spectrogram 1	1	102.178600508	102.179598240	2420.100	6328.000	3273.047	3273.047
171	Spectrogram 1	1	102.179598240	102.180595973	2420.100	6328.000	3273.047	3273.047
172	Spectrogram 1	1	102.180595973	102.181593705	2420.100	6328.000	3273.047	3273.047
173	Spectrogram 1	1	102.181593705	102.182591438	2420.100	6328.000	3273.047	3273.047
174	Spectrogram 1	1	102.182591438	102.183589170	2420.100	6328.000	3359.180	3359.180
175	Spectrogram 1	1	102.183589170	102.184586903	2420.100	6328.000	3359.180	3359.180
176	Spectrogram 1	1	102.184586903	102.185584635	2420.100	6328.000	3359.180	3359.180
177	Spectrogram 1	1	102.185584635	102.186582367	2420.100	6328.000	3359.180	3359.180
178	Spectrogram 1	1	102.186582367	102.187580100	2420.100	6328.000	3359.180	3359.180
179	Spectrogram 1	1	102.187580100	102.188577832	2420.100	6328.000	3359.180	3359.180
180	Spectrogram 1	1	102.188577832	102.189575565	2420.100	6328.000	3445.312	3445.312
181	Spectrogram 1	1	102.189575565	102.190573297	2420.100	6328.000	3445.312	3445.312
182	Spectrogram 1	1	102.190573297	102.191571030	2420.100	6328.000	3445.312	3445.312
183	Spectrogram 1	1	102.191571030	102.192568762	2420.100	6328.000	3445.312	3445.312
184	Spectrogram 1	1	102.192568762	102.193566494	2420.100	6328.000	3445.312	3445.312
185	Spectrogram 1	1	102.193566494	102.194564227	2420.100	6328.000	3617.578	3617.578
186	Spectrogram 1	1	102.194564227	102.195561959	2420.100	6328.000	3617.578	3617.578
187	Spectrogram 1	1	102.195561959	102.196559692	2420.100	6328.000	3617.578	3617.578
188	Spectrogram 1	1	102.196559692	102.197557424	2420.100	6328.000	3617.578	3617.578
189	Spectrogram 1	1	102.197557424	102.198555157	2420.100	6328.000	3617.578	3617.578
190	Spectrogram 1	1	102.198555157	102.199552889	2420.100	6328.000	3617.578	3617.578
191	Spectrogram 1	1	102.199552889	102.200550621	2420.100	6328.000	3703.711	3703.711
192	Spectrogram 1	1	102.200550621	102.201548354	2420.100	6328.000	3703.711	3703.711
193	Spectrogram 1	1	102.201548354	102.202546086	2420.100	6328.000	3703.711	3703.711
194	Spectrogram 1	1	102.202546086	102.203543819	2420.100	6328.000	3703.711	3703.711
195	Spectrogram 1	1	102.203543819	102.204541551	2420.100	6328.000	3703.711	3703.711
196	Spectrogram 1	1	102.204541551	102.205539284	2420.100	6328.000	3703.711	3703.711
197	Spectrogram 1	1	102.205539284	102.206537016	2420.100	6328.000	3789.844	3789.844
198	Spectrogram 1	1	102.206537016	102.207534748	2420.100	6328.000	3789.844	3789.844
199	Spectrogram 1	1	102.207534748	102.208532481	2420.100	6328.000	3789.844	3789.844
200	Spectrogram 1	1	102.208532481	102.209530213	2420.100	6328.000	3789.844	3789.844
201	Spectrogram 1	1	102.209530213	102.210527946	2420.100	6328.000	3789.844	3789.844
202	Spectrogram 1	1	102.210527946	102.211525678	2420.100	6328.000	3789.844	3789.844
203	Spectrogram 1	1	102.211525678	102.212523411	2420.100	6328.000	3875.977	3875.977
204	Spectrogram 1	1	102.212523411	102.213521143	2420.100	6328.000	3875.977	3875.977
205	Spectrogram 1	1	102.213521143	102.214518875	2420.100	6328.000	3875.977	3875.977
206	Spectrogram 1	1	102.214518875	102.215516608	2420.100	6328.000	3875.977	3875.977
207	Spectrogram 1	1	102.215516608	102.216514340	2420.100	6328.000	3875.977	3875.977
208	Spectrogram 1	1	102.216514340	102.217512073	2420.100	6328.000	3875.977	3875.977
209	Spectrogram 1	1	102.217512073	102.218509805	2420.100	6328.000	4220.508	4220.508
210	Spectrogram 1	1	102.218509805	102.219507538	2420.100	6328.000	4220.508	4220.508
211	Spectrogram 1	1	102.219507538	102.220505270	2420.100	6328.000	4220.508	4220.508
212	Spectrogram 1	1	102.220505270	102.221503002	2420.100	6328.000	4220.508	4220.508
213	Spectrogram 1	1	102.221503002	102.222500735	2420.100	6328.000	4220.508	4220.508
214	Spectrogram 1	1	102.222500735	102.223498467	2420.100	6328.000	4565.039	4565.039
215	Spectrogram 1	1	102.223498467	102.224496200	2420.100	6328.000	4565.039	4565.039
216	Spectrogram 1	1	102.224496200	102.225493932	2420.100	6328.000	4565.039	4565.039
217	Spectrogram 1	1	102.225493932	102.226491665	2420.100	6328.000	4565.039	4565.039
218	Spectrogram 1	1	102.226491665	102.227489397	2420.100	6328.000	4565.039	4565.039
219	Spectrogram 1	1	102.227489397	102.228487129	2420.100	6328.000	4565.039	4565.039
220	Spectrogram 1	1	102.228487129	102.229484862	2420.100	6328.000	4737.305	4737.305
221	Spectrogram 1	1	102.229484862	102.230482594	2420.100	6328.000	4737.305	4737.305
222	Spectrogram 1	1	102.230482594	102.231480327	2420.100	6328.000	4737.305	4737.305
223	Spectrogram 1	1	102.231480327	102.232478059	2420.100	6328.000	4737.305	4737.305
224	Spectrogram 1	1	102.232478059	102.233475791	2420.100	6328.000	4737.305	4737.305
225	Spectrogram 1	1	102.233475791	102.234473524	2420.100	6328.000	4737.305	4737.305
226	Spectrogram 1	1	102.234473524	102.235471256	2420.100	6328.000	4995.703	4995.703
227	Spectrogram 1	1	102.235471256	102.236468989	2420.100	6328.000	4995.703	4995.703
228	Spectrogram 1	1	102.236468989	102.237466721	2420.100	6328.000	4995.703	4995.703
229	Spectrogram 1	1	102.237466721	102.238464454	2420.100	6328.000	4995.703	4995.703
230	Spectrogram 1	1	102.238464454	102.239462186	2420.100	6328.000	4995.703	4995.703
231	Spectrogram 1	1	102.239462186	102.240459918	2420.100	6328.000	4995.703	4995.703
232	Spectrogram 1	1	102.240459918	102.241457651	2420.100	6328.000	5081.836	5081.836
233	Spectrogram 1	1	102.241457651	102.242455383	2420.100	6328.000	5081.836	5081.836
234	Spectrogram 1	1	102.242455383	102.243453116	2420.100	6328.000	5081.836	5081.836
235	Spectrogram 1	1	102.243453116	102.244450848	2420.100	6328.000	5081.836	5081.836
236	Spectrogram 1	1	102.244450848	102.245448581	2420.100	6328.000	5081.836	5081.836
237	Spectrogram 1	1	102.245448581	102.246446313	2420.100	6328.000	5081.836	5081.836
238	Spectrogram 1	1	102.246446313	102.247444045	2420.100	6328.000	5857.031	5943.164
239	Spectrogram 1	1	102.247444045	102.248441778	2420.100	6328.000	5857.031	5943.164
240	Spectrogram 1	1	102.248441778	102.249439510	2420.100	6328.000	5857.031	5943.164
241	Spectrogram 1	1	102.249439510	102.250437243	2420.100	6328.000	5857.031	5943.164
242	Spectrogram 1	1	102.250437243	102.251434975	2420.100	6328.000	5857.031	5943.164
243	Spectrogram 1	1	102.251434975	102.252432708	2420.100	6328.000	5857.031	5943.164
244	Spectrogram 1	1	102.252432708	102.253430440	2420.100	6328.000	5598.633	5598.633
245	Spectrogram 1	1	102.253430440	102.254428172	2420.100	6328.000	5598.633	5598.633
246	Spectrogram 1	1	102.254428172	102.255425905	2420.100	6328.000	5598.633	5598.633
247	Spectrogram 1	1	102.255425905	102.256423637	2420.100	6328.000	5598.633	5598.633
248	Spectrogram 1	1	102.256423637	102.257421370	2420.100	6328.000	5598.633	5598.633
249	Spectrogram 1	1	102.257421370	102.258419102	2420.100	6328.000	4478.906	4392.773
250	Spectrogram 1	1	102.258419102	102.259416835	2420.100	6328.000	4478.906	4392.773
251	Spectrogram 1	1	102.259416835	102.260414567	2420.100	6328.000	4478.906	4392.773
252	Spectrogram 1	1	102.260414567	102.261412299	2420.100	6328.000	4478.906	4392.773
253	Spectrogram 1	1	102.261412299	102.262410032	2420.100	6328.000	4478.906	4392.773
254	Spectrogram 1	1	102.262410032	102.263407764	2420.100	6328.000	4478.906	4392.773
255	Spectrogram 1	1	102.263407764	102.264405497	2420.100	6328.000	4134.375	4134.375
256	Spectrogram 1	1	102.264405497	102.265403229	2420.100	6328.000	4134.375	4134.375
257	Spectrogram 1	1	102.265403229	102.266400962	2420.100	6328.000	4134.375	4134.375
258	Spectrogram 1	1	102.266400962	102.267398694	2420.100	6328.000	4134.375	4134.375
259	Spectrogram 1	1	102.267398694	102.268396426	2420.100	6328.000	4134.375	4134.375
260	Spectrogram 1	1	102.268396426	102.269394159	2420.100	6328.000	4134.375	4134.375
261	Spectrogram 1	1	102.269394159	102.270391891	2420.100	6328.000	3875.977	3875.977
262	Spectrogram 1	1	102.270391891	102.271389624	2420.100	6328.000	3875.977	3875.977
263	Spectrogram 1	1	102.271389624	102.272387356	2420.100	6328.000	3875.977	3875.977
264	Spectrogram 1	1	102.272387356	102.273385089	2420.100	6328.000	3875.977	3875.977
265	Spectrogram 1	1	102.273385089	102.274382821	2420.100	6328.000	3875.977	3875.977
266	Spectrogram 1	1	102.274382821	102.275380553	2420.100	6328.000	3875.977	3875.977
267	Spectrogram 1	1	102.275380553	102.276378286	2420.100	6328.000	3617.578	3617.578
268	Spectrogram 1	1	102.276378286	102.276864982	2420.100	6328.000	3617.578	3617.578
