Selection	View	Channel	Begin Time (s)	End Time (s)	Low Freq (Hz)	High Freq (Hz)	Center Freq (Hz)	Peak Freq (Hz)
1	Spectrogram 1	1	5.093823010	5.094820742	2476.385	6411.462	4478.906	4565.039
2	Spectrogram 1	1	5.094820742	5.095818475	2476.385	6411.462	4478.906	4565.039
3	Spectrogram 1	1	5.095818475	5.096816207	2476.385	6411.462	4478.906	4565.039
4	Spectrogram 1	1	5.096816207	5.097813940	2476.385	6411.462	4478.906	4565.039
5	Spectrogram 1	1	5.097813940	5.098811672	2476.385	6411.462	4478.906	4565.039
6	Spectrogram 1	1	5.098811672	5.099809405	2476.385	6411.462	4478.906	4565.039
7	Spectrogram 1	1	5.099809405	5.100807137	2476.385	6411.462	5167.969	5426.367
8	Spectrogram 1	1	5.100807137	5.101804869	2476.385	6411.462	5167.969	5426.367
9	Spectrogram 1	1	5.101804869	5.102802602	2476.385	6411.462	5167.969	5426.367
10	Spectrogram 1	1	5.102802602	5.103800334	2476.385	6411.462	5167.969	5426.367
11	Spectrogram 1	1	5.103800334	5.104798067	2476.385	6411.462	5167.969	5426.367
12	Spectrogram 1	1	5.104798067	5.105795799	2476.385	6411.462	5167.969	5426.367
13	Spectrogram 1	1	5.105795799	5.106793532	2476.385	6411.462	5598.633	5598.633
14	Spectrogram 1	1	5.106793532	5.107791264	2476.385	6411.462	5598.633	5598.633
15	Spectrogram 1	1	5.107791264	5.108788996	2476.385	6411.462	5598.633	5598.633
16	Spectrogram 1	1	5.108788996	5.109786729	2476.385	6411.462	5598.633	5598.633
17	Spectrogram 1	1	5.109786729	5.110784461	2476.385	6411.462	5598.633	5598.633
18	Spectrogram 1	1	5.110784461	5.111782194	2476.385	6411.462	5167.969	5167.969
19	Spectrogram 1	1	5.111782194	5.112779926	2476.385	6411.462	5167.969	5167.969
20	Spectrogram 1	1	5.112779926	5.113777659	2476.385	6411.462	5167.969	5167.969
21	Spectrogram 1	1	5.113777659	5.114775391	2476.385	6411.462	5167.969	5167.969
22	Spectrogram 1	1	5.114775391	5.115773123	2476.385	6411.462	5167.969	5167.969
23	Spectrogram 1	1	5.115773123	5.116770856	2476.385	6411.462	5167.969	5167.969
24	Spectrogram 1	1	5.116770856	5.117768588	2476.385	6411.462	4823.438	4823.438
25	Spectrogram 1	1	5.117768588	5.118766321	2476.385	6411.462	4823.438	4823.438
26	Spectrogram 1	1	5.118766321	5.119764053	2476.385	6411.462	4823.438	4823.438
27	Spectrogram 1	1	5.119764053	5.120761786	2476.385	6411.462	4823.438	4823.438
28	Spectrogram 1	1	5.120761786	5.121759518	2476.385	6411.462	4823.438	4823.438
29	Spectrogram 1	1	5.121759518	5.122757250	2476.385	6411.462	4823.438	4823.438
30	Spectrogram 1	1	5.122757250	5.123754983	2476.385	6411.462	4823.438	4823.438
31	Spectrogram 1	1	5.123754983	5.124752715	2476.385	6411.462	4823.438	4823.438
32	Spectrogram 1	1	5.124752715	5.125750448	2476.385	6411.462	4823.438	4823.438
33	Spectrogram 1	1	5.125750448	5.126748180	2476.385	6411.462	4823.438	4823.438
34	Spectrogram 1	1	5.126748180	5.127745912	2476.385	6411.462	4823.438	4823.438
35	Spectrogram 1	1	5.127745912	5.128743645	2476.385	6411.462	4823.438	4823.438
36	Spectrogram 1	1	5.128743645	5.129741377	2476.385	6411.462	4823.438	4823.438
37	Spectrogram 1	1	5.129741377	5.130739110	2476.385	6411.462	4823.438	4823.438
38	Spectrogram 1	1	5.130739110	5.131736842	2476.385	6411.462	4823.438	4823.438
39	Spectrogram 1	1	5.131736842	5.132734575	2476.385	6411.462	4823.438	4823.438
40	Spectrogram 1	1	5.132734575	5.133732307	2476.385	6411.462	4823.438	4823.438
41	Spectrogram 1	1	5.133732307	5.134730039	2476.385	6411.462	4823.438	4823.438
42	Spectrogram 1	1	5.134730039	5.135727772	2476.385	6411.462	4737.305	4823.438
43	Spectrogram 1	1	5.135727772	5.136725504	2476.385	6411.462	4737.305	4823.438
44	Spectrogram 1	1	5.136725504	5.137723237	2476.385	6411.462	4737.305	4823.438
45	Spectrogram 1	1	5.137723237	5.138720969	2476.385	6411.462	4737.305	4823.438
46	Spectrogram 1	1	5.138720969	5.139718702	2476.385	6411.462	4737.305	4823.438
47	Spectrogram 1	1	5.139718702	5.140716434	2476.385	6411.462	4737.305	4823.438
48	Spectrogram 1	1	5.140716434	5.141714166	2476.385	6411.462	4651.172	4651.172
49	Spectrogram 1	1	5.141714166	5.142711899	2476.385	6411.462	4651.172	4651.172
50	Spectrogram 1	1	5.142711899	5.143709631	2476.385	6411.462	4651.172	4651.172
51	Spectrogram 1	1	5.143709631	5.144707364	2476.385	6411.462	4651.172	4651.172
52	Spectrogram 1	1	5.144707364	5.145705096	2476.385	6411.462	4651.172	4651.172
53	Spectrogram 1	1	5.145705096	5.146702829	2476.385	6411.462	4565.039	4565.039
54	Spectrogram 1	1	5.146702829	5.147700561	2476.385	6411.462	4565.039	4565.039
55	Spectrogram 1	1	5.147700561	5.148698293	2476.385	6411.462	4565.039	4565.039
56	Spectrogram 1	1	5.148698293	5.149696026	2476.385	6411.462	4565.039	4565.039
57	Spectrogram 1	1	5.149696026	5.150693758	2476.385	6411.462	4565.039	4565.039
58	Spectrogram 1	1	5.150693758	5.151691491	2476.385	6411.462	4565.039	4565.039
59	Spectrogram 1	1	5.151691491	5.152689223	2476.385	6411.462	4565.039	4565.039
60	Spectrogram 1	1	5.152689223	5.153686956	2476.385	6411.462	4565.039	4565.039
61	Spectrogram 1	1	5.153686956	5.154684688	2476.385	6411.462	4565.039	4565.039
62	Spectrogram 1	1	5.154684688	5.155682420	2476.385	6411.462	4565.039	4565.039
63	Spectrogram 1	1	5.155682420	5.156680153	2476.385	6411.462	4565.039	4565.039
64	Spectrogram 1	1	5.156680153	5.157677885	2476.385	6411.462	4565.039	4565.039
65	Spectrogram 1	1	5.157677885	5.158675618	2476.385	6411.462	4565.039	4565.039
66	Spectrogram 1	1	5.158675618	5.159673350	2476.385	6411.462	4565.039	4565.039
67	Spectrogram 1	1	5.159673350	5.160671083	2476.385	6411.462	4565.039	4565.039
68	Spectrogram 1	1	5.160671083	5.161668815	2476.385	6411.462	4565.039	4565.039
69	Spectrogram 1	1	5.161668815	5.162666547	2476.385	6411.462	4565.039	4565.039
70	Spectrogram 1	1	5.162666547	5.163664280	2476.385	6411.462	4565.039	4565.039
71	Spectrogram 1	1	5.163664280	5.164662012	2476.385	6411.462	4565.039	4565.039
72	Spectrogram 1	1	5.164662012	5.165659745	2476.385	6411.462	4565.039	4565.039
73	Spectrogram 1	1	5.165659745	5.166657477	2476.385	6411.462	4565.039	4565.039
74	Spectrogram 1	1	5.166657477	5.167655210	2476.385	6411.462	4565.039	4565.039
75	Spectrogram 1	1	5.167655210	5.168652942	2476.385	6411.462	4565.039	4565.039
76	Spectrogram 1	1	5.168652942	5.169650674	2476.385	6411.462	4565.039	4565.039
77	Spectrogram 1	1	5.169650674	5.170648407	2476.385	6411.462	4478.906	4478.906
78	Spectrogram 1	1	5.170648407	5.171646139	2476.385	6411.462	4478.906	4478.906
79	Spectrogram 1	1	5.171646139	5.172643872	2476.385	6411.462	4478.906	4478.906
80	Spectrogram 1	1	5.172643872	5.173641604	2476.385	6411.462	4478.906	4478.906
81	Spectrogram 1	1	5.173641604	5.174639337	2476.385	6411.462	4478.906	4478.906
82	Spectrogram 1	1	5.174639337	5.175637069	2476.385	6411.462	4478.906	4478.906
83	Spectrogram 1	1	5.175637069	5.176634801	2476.385	6411.462	4478.906	4478.906
84	Spectrogram 1	1	5.176634801	5.177632534	2476.385	6411.462	4478.906	4478.906
85	Spectrogram 1	1	5.177632534	5.178630266	2476.385	6411.462	4478.906	4478.906
86	Spectrogram 1	1	5.178630266	5.179627999	2476.385	6411.462	4478.906	4478.906
87	Spectrogram 1	1	5.179627999	5.180625731	2476.385	6411.462	4478.906	4478.906
88	Spectrogram 1	1	5.180625731	5.181623464	2476.385	6411.462	4565.039	4565.039
89	Spectrogram 1	1	5.181623464	5.182621196	2476.385	6411.462	4565.039	4565.039
90	Spectrogram 1	1	5.182621196	5.183618928	2476.385	6411.462	4565.039	4565.039
91	Spectrogram 1	1	5.183618928	5.184616661	2476.385	6411.462	4565.039	4565.039
92	Spectrogram 1	1	5.184616661	5.185614393	2476.385	6411.462	4565.039	4565.039
93	Spectrogram 1	1	5.185614393	5.186612126	2476.385	6411.462	4565.039	4565.039
94	Spectrogram 1	1	5.186612126	5.187609858	2476.385	6411.462	4565.039	4478.906
95	Spectrogram 1	1	5.187609858	5.188607590	2476.385	6411.462	4565.039	4478.906
96	Spectrogram 1	1	5.188607590	5.189605323	2476.385	6411.462	4565.039	4478.906
97	Spectrogram 1	1	5.189605323	5.190603055	2476.385	6411.462	4565.039	4478.906
98	Spectrogram 1	1	5.190603055	5.191600788	2476.385	6411.462	4565.039	4478.906
99	Spectrogram 1	1	5.191600788	5.192598520	2476.385	6411.462	4565.039	4478.906
100	Spectrogram 1	1	5.192598520	5.193596253	2476.385	6411.462	4651.172	4651.172
101	Spectrogram 1	1	5.193596253	5.194593985	2476.385	6411.462	4651.172	4651.172
102	Spectrogram 1	1	5.194593985	5.195591717	2476.385	6411.462	4651.172	4651.172
103	Spectrogram 1	1	5.195591717	5.196589450	2476.385	6411.462	4651.172	4651.172
104	Spectrogram 1	1	5.196589450	5.197587182	2476.385	6411.462	4651.172	4651.172
105	Spectrogram 1	1	5.197587182	5.198584915	2476.385	6411.462	4651.172	4651.172
106	Spectrogram 1	1	5.198584915	5.199582647	2476.385	6411.462	4737.305	4737.305
107	Spectrogram 1	1	5.199582647	5.200580380	2476.385	6411.462	4737.305	4737.305
108	Spectrogram 1	1	5.200580380	5.201578112	2476.385	6411.462	4737.305	4737.305
109	Spectrogram 1	1	5.201578112	5.202575844	2476.385	6411.462	4737.305	4737.305
110	Spectrogram 1	1	5.202575844	5.203573577	2476.385	6411.462	4737.305	4737.305
111	Spectrogram 1	1	5.203573577	5.204571309	2476.385	6411.462	4737.305	4737.305
112	Spectrogram 1	1	5.204571309	5.205569042	2476.385	6411.462	4737.305	4737.305
113	Spectrogram 1	1	5.205569042	5.206566774	2476.385	6411.462	4737.305	4737.305
114	Spectrogram 1	1	5.206566774	5.207564507	2476.385	6411.462	4737.305	4737.305
115	Spectrogram 1	1	5.207564507	5.208562239	2476.385	6411.462	4737.305	4737.305
116	Spectrogram 1	1	5.208562239	5.209559971	2476.385	6411.462	4737.305	4737.305
117	Spectrogram 1	1	5.209559971	5.210557704	2476.385	6411.462	4651.172	4651.172
118	Spectrogram 1	1	5.210557704	5.211555436	2476.385	6411.462	4651.172	4651.172
119	Spectrogram 1	1	5.211555436	5.212553169	2476.385	6411.462	4651.172	4651.172
120	Spectrogram 1	1	5.212553169	5.213550901	2476.385	6411.462	4651.172	4651.172
121	Spectrogram 1	1	5.213550901	5.214548634	2476.385	6411.462	4651.172	4651.172
122	Spectrogram 1	1	5.214548634	5.215546366	2476.385	6411.462	4651.172	4651.172
123	Spectrogram 1	1	5.215546366	5.216544098	2476.385	6411.462	4565.039	4565.039
124	Spectrogram 1	1	5.216544098	5.217541831	2476.385	6411.462	4565.039	4565.039
125	Spectrogram 1	1	5.217541831	5.218539563	2476.385	6411.462	4565.039	4565.039
126	Spectrogram 1	1	5.218539563	5.219537296	2476.385	6411.462	4565.039	4565.039
127	Spectrogram 1	1	5.219537296	5.220535028	2476.385	6411.462	4565.039	4565.039
128	Spectrogram 1	1	5.220535028	5.221532761	2476.385	6411.462	4565.039	4565.039
129	Spectrogram 1	1	5.221532761	5.222530493	2476.385	6411.462	4565.039	4565.039
130	Spectrogram 1	1	5.222530493	5.223528225	2476.385	6411.462	4565.039	4565.039
131	Spectrogram 1	1	5.223528225	5.224525958	2476.385	6411.462	4565.039	4565.039
132	Spectrogram 1	1	5.224525958	5.225523690	2476.385	6411.462	4565.039	4565.039
133	Spectrogram 1	1	5.225523690	5.226521423	2476.385	6411.462	4565.039	4565.039
134	Spectrogram 1	1	5.226521423	5.227519155	2476.385	6411.462	4565.039	4565.039
135	Spectrogram 1	1	5.227519155	5.228516888	2476.385	6411.462	3273.047	3273.047
136	Spectrogram 1	1	5.228516888	5.229514620	2476.385	6411.462	3273.047	3273.047
137	Spectrogram 1	1	5.229514620	5.230512352	2476.385	6411.462	3273.047	3273.047
138	Spectrogram 1	1	5.230512352	5.231510085	2476.385	6411.462	3273.047	3273.047
139	Spectrogram 1	1	5.231510085	5.232507817	2476.385	6411.462	3273.047	3273.047
140	Spectrogram 1	1	5.232507817	5.233505550	2476.385	6411.462	3273.047	3273.047
141	Spectrogram 1	1	5.233505550	5.234503282	2476.385	6411.462	3359.180	3359.180
142	Spectrogram 1	1	5.234503282	5.235501015	2476.385	6411.462	3359.180	3359.180
143	Spectrogram 1	1	5.235501015	5.236498747	2476.385	6411.462	3359.180	3359.180
144	Spectrogram 1	1	5.236498747	5.237496479	2476.385	6411.462	3359.180	3359.180
145	Spectrogram 1	1	5.237496479	5.238494212	2476.385	6411.462	3359.180	3359.180
146	Spectrogram 1	1	5.238494212	5.239491944	2476.385	6411.462	3445.312	3445.312
147	Spectrogram 1	1	5.239491944	5.240489677	2476.385	6411.462	3445.312	3445.312
148	Spectrogram 1	1	5.240489677	5.241487409	2476.385	6411.462	3445.312	3445.312
149	Spectrogram 1	1	5.241487409	5.242485142	2476.385	6411.462	3445.312	3445.312
150	Spectrogram 1	1	5.242485142	5.243482874	2476.385	6411.462	3445.312	3445.312
151	Spectrogram 1	1	5.243482874	5.244480606	2476.385	6411.462	3445.312	3445.312
152	Spectrogram 1	1	5.244480606	5.245478339	2476.385	6411.462	3445.312	3445.312
153	Spectrogram 1	1	5.245478339	5.246476071	2476.385	6411.462	3445.312	3445.312
154	Spectrogram 1	1	5.246476071	5.247473804	2476.385	6411.462	3445.312	3445.312
155	Spectrogram 1	1	5.247473804	5.248471536	2476.385	6411.462	3445.312	3445.312
156	Spectrogram 1	1	5.248471536	5.249469269	2476.385	6411.462	3445.312	3445.312
157	Spectrogram 1	1	5.249469269	5.250467001	2476.385	6411.462	3445.312	3445.312
158	Spectrogram 1	1	5.250467001	5.251464733	2476.385	6411.462	3531.445	3531.445
159	Spectrogram 1	1	5.251464733	5.252462466	2476.385	6411.462	3531.445	3531.445
160	Spectrogram 1	1	5.252462466	5.253460198	2476.385	6411.462	3531.445	3531.445
161	Spectrogram 1	1	5.253460198	5.254457931	2476.385	6411.462	3531.445	3531.445
162	Spectrogram 1	1	5.254457931	5.255455663	2476.385	6411.462	3531.445	3531.445
163	Spectrogram 1	1	5.255455663	5.256453395	2476.385	6411.462	3531.445	3531.445
164	Spectrogram 1	1	5.256453395	5.257451128	2476.385	6411.462	3703.711	3703.711
165	Spectrogram 1	1	5.257451128	5.258448860	2476.385	6411.462	3703.711	3703.711
166	Spectrogram 1	1	5.258448860	5.259446593	2476.385	6411.462	3703.711	3703.711
167	Spectrogram 1	1	5.259446593	5.260444325	2476.385	6411.462	3703.711	3703.711
168	Spectrogram 1	1	5.260444325	5.261442058	2476.385	6411.462	3703.711	3703.711
169	Spectrogram 1	1	5.261442058	5.262439790	2476.385	6411.462	3703.711	3703.711
170	Spectrogram 1	1	5.262439790	5.263437522	2476.385	6411.462	3789.844	3789.844
171	Spectrogram 1	1	5.263437522	5.264435255	2476.385	6411.462	3789.844	3789.844
172	Spectrogram 1	1	5.264435255	5.265432987	2476.385	6411.462	3789.844	3789.844
173	Spectrogram 1	1	5.265432987	5.266430720	2476.385	6411.462	3789.844	3789.844
174	Spectrogram 1	1	5.266430720	5.267428452	2476.385	6411.462	3789.844	3789.844
175	Spectrogram 1	1	5.267428452	5.268426185	2476.385	6411.462	3789.844	3789.844
176	Spectrogram 1	1	5.268426185	5.269423917	2476.385	6411.462	3875.977	3875.977
177	Spectrogram 1	1	5.269423917	5.270421649	2476.385	6411.462	3875.977	3875.977
178	Spectrogram 1	1	5.270421649	5.271419382	2476.385	6411.462	3875.977	3875.977
179	Spectrogram 1	1	5.271419382	5.272417114	2476.385	6411.462	3875.977	3875.977
180	Spectrogram 1	1	5.272417114	5.273414847	2476.385	6411.462	3875.977	3875.977
181	Spectrogram 1	1	5.273414847	5.274412579	2476.385	6411.462	3962.109	3962.109
182	Spectrogram 1	1	5.274412579	5.275410312	2476.385	6411.462	3962.109	3962.109
183	Spectrogram 1	1	5.275410312	5.276408044	2476.385	6411.462	3962.109	3962.109
184	Spectrogram 1	1	5.276408044	5.277405776	2476.385	6411.462	3962.109	3962.109
185	Spectrogram 1	1	5.277405776	5.278403509	2476.385	6411.462	3962.109	3962.109
186	Spectrogram 1	1	5.278403509	5.279401241	2476.385	6411.462	3962.109	3962.109
187	Spectrogram 1	1	5.279401241	5.280398974	2476.385	6411.462	4048.242	4048.242
188	Spectrogram 1	1	5.280398974	5.281396706	2476.385	6411.462	4048.242	4048.242
189	Spectrogram 1	1	5.281396706	5.282394439	2476.385	6411.462	4048.242	4048.242
190	Spectrogram 1	1	5.282394439	5.283392171	2476.385	6411.462	4048.242	4048.242
191	Spectrogram 1	1	5.283392171	5.284389903	2476.385	6411.462	4048.242	4048.242
192	Spectrogram 1	1	5.284389903	5.285387636	2476.385	6411.462	4048.242	4048.242
193	Spectrogram 1	1	5.285387636	5.286385368	2476.385	6411.462	4048.242	4048.242
194	Spectrogram 1	1	5.286385368	5.287383101	2476.385	6411.462	4048.242	4048.242
195	Spectrogram 1	1	5.287383101	5.288380833	2476.385	6411.462	4048.242	4048.242
196	Spectrogram 1	1	5.288380833	5.289378566	2476.385	6411.462	4048.242	4048.242
197	Spectrogram 1	1	5.289378566	5.290376298	2476.385	6411.462	4048.242	4048.242
198	Spectrogram 1	1	5.290376298	5.291374030	2476.385	6411.462	4048.242	4048.242
199	Spectrogram 1	1	5.291374030	5.292371763	2476.385	6411.462	4048.242	4048.242
200	Spectrogram 1	1	5.292371763	5.293369495	2476.385	6411.462	4048.242	4048.242
201	Spectrogram 1	1	5.293369495	5.294367228	2476.385	6411.462	4048.242	4048.242
202	Spectrogram 1	1	5.294367228	5.295364960	2476.385	6411.462	4048.242	4048.242
203	Spectrogram 1	1	5.295364960	5.296362693	2476.385	6411.462	4048.242	4048.242
204	Spectrogram 1	1	5.296362693	5.297360425	2476.385	6411.462	4048.242	4048.242
205	Spectrogram 1	1	5.297360425	5.298358157	2476.385	6411.462	3962.109	3962.109
206	Spectrogram 1	1	5.298358157	5.299355890	2476.385	6411.462	3962.109	3962.109
207	Spectrogram 1	1	5.299355890	5.300353622	2476.385	6411.462	3962.109	3962.109
208	Spectrogram 1	1	5.300353622	5.301351355	2476.385	6411.462	3962.109	3962.109
209	Spectrogram 1	1	5.301351355	5.302349087	2476.385	6411.462	3962.109	3962.109
210	Spectrogram 1	1	5.302349087	5.303346820	2476.385	6411.462	3875.977	3875.977
211	Spectrogram 1	1	5.303346820	5.304344552	2476.385	6411.462	3875.977	3875.977
212	Spectrogram 1	1	5.304344552	5.305342284	2476.385	6411.462	3875.977	3875.977
213	Spectrogram 1	1	5.305342284	5.306340017	2476.385	6411.462	3875.977	3875.977
214	Spectrogram 1	1	5.306340017	5.307337749	2476.385	6411.462	3875.977	3875.977
215	Spectrogram 1	1	5.307337749	5.308335482	2476.385	6411.462	3875.977	3875.977
216	Spectrogram 1	1	5.308335482	5.309333214	2476.385	6411.462	3789.844	3703.711
217	Spectrogram 1	1	5.309333214	5.310330947	2476.385	6411.462	3789.844	3703.711
218	Spectrogram 1	1	5.310330947	5.311328679	2476.385	6411.462	3789.844	3703.711
219	Spectrogram 1	1	5.311328679	5.312326411	2476.385	6411.462	3789.844	3703.711
220	Spectrogram 1	1	5.312326411	5.313324144	2476.385	6411.462	3789.844	3703.711
221	Spectrogram 1	1	5.313324144	5.314321876	2476.385	6411.462	3789.844	3703.711
222	Spectrogram 1	1	5.314321876	5.315319609	2476.385	6411.462	6115.430	6115.430
223	Spectrogram 1	1	5.315319609	5.316317341	2476.385	6411.462	6115.430	6115.430
224	Spectrogram 1	1	5.316317341	5.317315073	2476.385	6411.462	6115.430	6115.430
225	Spectrogram 1	1	5.317315073	5.318312806	2476.385	6411.462	6115.430	6115.430
226	Spectrogram 1	1	5.318312806	5.319310538	2476.385	6411.462	6115.430	6115.430
227	Spectrogram 1	1	5.319310538	5.320308271	2476.385	6411.462	6115.430	6115.430
228	Spectrogram 1	1	5.320308271	5.321306003	2476.385	6411.462	6287.695	6287.695
229	Spectrogram 1	1	5.321306003	5.322303736	2476.385	6411.462	6287.695	6287.695
230	Spectrogram 1	1	5.322303736	5.323301468	2476.385	6411.462	6287.695	6287.695
231	Spectrogram 1	1	5.323301468	5.324299200	2476.385	6411.462	6287.695	6287.695
232	Spectrogram 1	1	5.324299200	5.325296933	2476.385	6411.462	6287.695	6287.695
233	Spectrogram 1	1	5.325296933	5.326294665	2476.385	6411.462	6287.695	6287.695
234	Spectrogram 1	1	5.326294665	5.327292398	2476.385	6411.462	6201.562	6201.562
235	Spectrogram 1	1	5.327292398	5.328290130	2476.385	6411.462	6201.562	6201.562
236	Spectrogram 1	1	5.328290130	5.329287863	2476.385	6411.462	6201.562	6201.562
237	Spectrogram 1	1	5.329287863	5.330285595	2476.385	6411.462	6201.562	6201.562
238	Spectrogram 1	1	5.330285595	5.331283327	2476.385	6411.462	6201.562	6201.562
239	Spectrogram 1	1	5.331283327	5.332281060	2476.385	6411.462	6201.562	6201.562
240	Spectrogram 1	1	5.332281060	5.333278792	2476.385	6411.462	6115.430	6115.430
241	Spectrogram 1	1	5.333278792	5.334276525	2476.385	6411.462	6115.430	6115.430
242	Spectrogram 1	1	5.334276525	5.335274257	2476.385	6411.462	6115.430	6115.430
243	Spectrogram 1	1	5.335274257	5.336271990	2476.385	6411.462	6115.430	6115.430
244	Spectrogram 1	1	5.336271990	5.337269722	2476.385	6411.462	6115.430	6115.430
245	Spectrogram 1	1	5.337269722	5.338267454	2476.385	6411.462	6029.297	5943.164
246	Spectrogram 1	1	5.338267454	5.339265187	2476.385	6411.462	6029.297	5943.164
247	Spectrogram 1	1	5.339265187	5.340262919	2476.385	6411.462	6029.297	5943.164
248	Spectrogram 1	1	5.340262919	5.341260652	2476.385	6411.462	6029.297	5943.164
249	Spectrogram 1	1	5.341260652	5.342258384	2476.385	6411.462	6029.297	5943.164
250	Spectrogram 1	1	5.342258384	5.343256117	2476.385	6411.462	6029.297	5943.164
251	Spectrogram 1	1	5.343256117	5.344253849	2476.385	6411.462	5512.500	5512.500
252	Spectrogram 1	1	5.344253849	5.345251581	2476.385	6411.462	5512.500	5512.500
253	Spectrogram 1	1	5.345251581	5.346249314	2476.385	6411.462	5512.500	5512.500
254	Spectrogram 1	1	5.346249314	5.347247046	2476.385	6411.462	5512.500	5512.500
255	Spectrogram 1	1	5.347247046	5.348244779	2476.385	6411.462	5512.500	5512.500
256	Spectrogram 1	1	5.348244779	5.349242511	2476.385	6411.462	5512.500	5512.500
257	Spectrogram 1	1	5.349242511	5.350240244	2476.385	6411.462	4737.305	4737.305
258	Spectrogram 1	1	5.350240244	5.351237976	2476.385	6411.462	4737.305	4737.305
259	Spectrogram 1	1	5.351237976	5.352235708	2476.385	6411.462	4737.305	4737.305
260	Spectrogram 1	1	5.352235708	5.353233441	2476.385	6411.462	4737.305	4737.305
261	Spectrogram 1	1	5.353233441	5.354231173	2476.385	6411.462	4737.305	4737.305
262	Spectrogram 1	1	5.354231173	5.355228906	2476.385	6411.462	4737.305	4737.305
263	Spectrogram 1	1	5.355228906	5.356226638	2476.385	6411.462	5254.102	5340.234
264	Spectrogram 1	1	5.356226638	5.357224371	2476.385	6411.462	5254.102	5340.234
265	Spectrogram 1	1	5.357224371	5.358204794	2476.385	6411.462	5254.102	5340.234
