Selection	View	Channel	Begin Time (s)	End Time (s)	Low Freq (Hz)	High Freq (Hz)	Center Freq (Hz)	Peak Freq (Hz)
1	Spectrogram 1	1	8.837548311	8.838546043	2341.216	5704.054	4220.508	3703.711
2	Spectrogram 1	1	8.838546043	8.839543776	2341.216	5704.054	4306.641	4306.641
3	Spectrogram 1	1	8.839543776	8.840541508	2341.216	5704.054	4306.641	4306.641
4	Spectrogram 1	1	8.840541508	8.841539241	2341.216	5704.054	4306.641	4306.641
5	Spectrogram 1	1	8.841539241	8.842536973	2341.216	5704.054	4306.641	4306.641
6	Spectrogram 1	1	8.842536973	8.843534706	2341.216	5704.054	4306.641	4306.641
7	Spectrogram 1	1	8.843534706	8.844532438	2341.216	5704.054	5081.836	5081.836
8	Spectrogram 1	1	8.844532438	8.845530170	2341.216	5704.054	5081.836	5081.836
9	Spectrogram 1	1	8.845530170	8.846527903	2341.216	5704.054	5081.836	5081.836
10	Spectrogram 1	1	8.846527903	8.847525635	2341.216	5704.054	5081.836	5081.836
11	Spectrogram 1	1	8.847525635	8.848523368	2341.216	5704.054	5081.836	5081.836
12	Spectrogram 1	1	8.848523368	8.849521100	2341.216	5704.054	5081.836	5081.836
13	Spectrogram 1	1	8.849521100	8.850518833	2341.216	5704.054	4737.305	5426.367
14	Spectrogram 1	1	8.850518833	8.851516565	2341.216	5704.054	4737.305	5426.367
15	Spectrogram 1	1	8.851516565	8.852514297	2341.216	5704.054	4737.305	5426.367
16	Spectrogram 1	1	8.852514297	8.853512030	2341.216	5704.054	4737.305	5426.367
17	Spectrogram 1	1	8.853512030	8.854509762	2341.216	5704.054	4737.305	5426.367
18	Spectrogram 1	1	8.854509762	8.855507495	2341.216	5704.054	4737.305	5426.367
19	Spectrogram 1	1	8.855507495	8.856505227	2341.216	5704.054	3962.109	3962.109
20	Spectrogram 1	1	8.856505227	8.857502960	2341.216	5704.054	3962.109	3962.109
21	Spectrogram 1	1	8.857502960	8.858500692	2341.216	5704.054	3962.109	3962.109
22	Spectrogram 1	1	8.858500692	8.859498424	2341.216	5704.054	3962.109	3962.109
23	Spectrogram 1	1	8.859498424	8.860496157	2341.216	5704.054	3962.109	3962.109
24	Spectrogram 1	1	8.860496157	8.861493889	2341.216	5704.054	3962.109	3962.109
25	Spectrogram 1	1	8.861493889	8.862491622	2341.216	5704.054	4220.508	4220.508
26	Spectrogram 1	1	8.862491622	8.863489354	2341.216	5704.054	4220.508	4220.508
27	Spectrogram 1	1	8.863489354	8.864487087	2341.216	5704.054	4220.508	4220.508
28	Spectrogram 1	1	8.864487087	8.865484819	2341.216	5704.054	4220.508	4220.508
29	Spectrogram 1	1	8.865484819	8.866482551	2341.216	5704.054	4220.508	4220.508
30	Spectrogram 1	1	8.866482551	8.867480284	2341.216	5704.054	4220.508	4220.508
31	Spectrogram 1	1	8.867480284	8.868478016	2341.216	5704.054	4392.773	4392.773
32	Spectrogram 1	1	8.868478016	8.869475749	2341.216	5704.054	4392.773	4392.773
33	Spectrogram 1	1	8.869475749	8.870473481	2341.216	5704.054	4392.773	4392.773
34	Spectrogram 1	1	8.870473481	8.871471213	2341.216	5704.054	4392.773	4392.773
35	Spectrogram 1	1	8.871471213	8.872468946	2341.216	5704.054	4392.773	4392.773
36	Spectrogram 1	1	8.872468946	8.873466678	2341.216	5704.054	4478.906	4565.039
37	Spectrogram 1	1	8.873466678	8.874464411	2341.216	5704.054	4478.906	4565.039
38	Spectrogram 1	1	8.874464411	8.875462143	2341.216	5704.054	4478.906	4565.039
39	Spectrogram 1	1	8.875462143	8.876459876	2341.216	5704.054	4478.906	4565.039
40	Spectrogram 1	1	8.876459876	8.877457608	2341.216	5704.054	4478.906	4565.039
41	Spectrogram 1	1	8.877457608	8.878455340	2341.216	5704.054	4478.906	4565.039
42	Spectrogram 1	1	8.878455340	8.879453073	2341.216	5704.054	4565.039	4565.039
43	Spectrogram 1	1	8.879453073	8.880450805	2341.216	5704.054	4565.039	4565.039
44	Spectrogram 1	1	8.880450805	8.881448538	2341.216	5704.054	4565.039	4565.039
45	Spectrogram 1	1	8.881448538	8.882446270	2341.216	5704.054	4565.039	4565.039
46	Spectrogram 1	1	8.882446270	8.883444003	2341.216	5704.054	4565.039	4565.039
47	Spectrogram 1	1	8.883444003	8.884441735	2341.216	5704.054	4565.039	4565.039
48	Spectrogram 1	1	8.884441735	8.885439467	2341.216	5704.054	4651.172	4651.172
49	Spectrogram 1	1	8.885439467	8.886437200	2341.216	5704.054	4651.172	4651.172
50	Spectrogram 1	1	8.886437200	8.887434932	2341.216	5704.054	4651.172	4651.172
51	Spectrogram 1	1	8.887434932	8.888432665	2341.216	5704.054	4651.172	4651.172
52	Spectrogram 1	1	8.888432665	8.889430397	2341.216	5704.054	4651.172	4651.172
53	Spectrogram 1	1	8.889430397	8.890428130	2341.216	5704.054	4651.172	4651.172
54	Spectrogram 1	1	8.890428130	8.891425862	2341.216	5704.054	4651.172	4651.172
55	Spectrogram 1	1	8.891425862	8.892423594	2341.216	5704.054	4651.172	4651.172
56	Spectrogram 1	1	8.892423594	8.893421327	2341.216	5704.054	4651.172	4651.172
57	Spectrogram 1	1	8.893421327	8.894419059	2341.216	5704.054	4651.172	4651.172
58	Spectrogram 1	1	8.894419059	8.895416792	2341.216	5704.054	4651.172	4651.172
59	Spectrogram 1	1	8.895416792	8.896414524	2341.216	5704.054	4651.172	4651.172
60	Spectrogram 1	1	8.896414524	8.897412257	2341.216	5704.054	4651.172	4651.172
61	Spectrogram 1	1	8.897412257	8.898409989	2341.216	5704.054	4651.172	4651.172
62	Spectrogram 1	1	8.898409989	8.899407721	2341.216	5704.054	4651.172	4651.172
63	Spectrogram 1	1	8.899407721	8.900405454	2341.216	5704.054	4651.172	4651.172
64	Spectrogram 1	1	8.900405454	8.901403186	2341.216	5704.054	4651.172	4651.172
65	Spectrogram 1	1	8.901403186	8.902400919	2341.216	5704.054	4651.172	4651.172
66	Spectrogram 1	1	8.902400919	8.903398651	2341.216	5704.054	4651.172	4651.172
67	Spectrogram 1	1	8.903398651	8.904396384	2341.216	5704.054	4651.172	4651.172
68	Spectrogram 1	1	8.904396384	8.905394116	2341.216	5704.054	4651.172	4651.172
69	Spectrogram 1	1	8.905394116	8.906391848	2341.216	5704.054	4651.172	4651.172
70	Spectrogram 1	1	8.906391848	8.907389581	2341.216	5704.054	4651.172	4651.172
71	Spectrogram 1	1	8.907389581	8.908387313	2341.216	5704.054	4565.039	4565.039
72	Spectrogram 1	1	8.908387313	8.909385046	2341.216	5704.054	4565.039	4565.039
73	Spectrogram 1	1	8.909385046	8.910382778	2341.216	5704.054	4565.039	4565.039
74	Spectrogram 1	1	8.910382778	8.911380511	2341.216	5704.054	4565.039	4565.039
75	Spectrogram 1	1	8.911380511	8.912378243	2341.216	5704.054	4565.039	4565.039
76	Spectrogram 1	1	8.912378243	8.913375975	2341.216	5704.054	4565.039	4565.039
77	Spectrogram 1	1	8.913375975	8.914373708	2341.216	5704.054	4565.039	4565.039
78	Spectrogram 1	1	8.914373708	8.915371440	2341.216	5704.054	4565.039	4565.039
79	Spectrogram 1	1	8.915371440	8.916369173	2341.216	5704.054	4565.039	4565.039
80	Spectrogram 1	1	8.916369173	8.917366905	2341.216	5704.054	4565.039	4565.039
81	Spectrogram 1	1	8.917366905	8.918364638	2341.216	5704.054	4565.039	4565.039
82	Spectrogram 1	1	8.918364638	8.919362370	2341.216	5704.054	4565.039	4565.039
83	Spectrogram 1	1	8.919362370	8.920360102	2341.216	5704.054	4565.039	4565.039
84	Spectrogram 1	1	8.920360102	8.921357835	2341.216	5704.054	4565.039	4565.039
85	Spectrogram 1	1	8.921357835	8.922355567	2341.216	5704.054	4565.039	4565.039
86	Spectrogram 1	1	8.922355567	8.923353300	2341.216	5704.054	4565.039	4565.039
87	Spectrogram 1	1	8.923353300	8.924351032	2341.216	5704.054	4565.039	4565.039
88	Spectrogram 1	1	8.924351032	8.925348765	2341.216	5704.054	4565.039	4565.039
89	Spectrogram 1	1	8.925348765	8.926346497	2341.216	5704.054	4565.039	4565.039
90	Spectrogram 1	1	8.926346497	8.927344229	2341.216	5704.054	4565.039	4565.039
91	Spectrogram 1	1	8.927344229	8.928341962	2341.216	5704.054	4565.039	4565.039
92	Spectrogram 1	1	8.928341962	8.929339694	2341.216	5704.054	4565.039	4565.039
93	Spectrogram 1	1	8.929339694	8.930337427	2341.216	5704.054	4565.039	4565.039
94	Spectrogram 1	1	8.930337427	8.931335159	2341.216	5704.054	4565.039	4565.039
95	Spectrogram 1	1	8.931335159	8.932332891	2341.216	5704.054	4565.039	4565.039
96	Spectrogram 1	1	8.932332891	8.933330624	2341.216	5704.054	4565.039	4565.039
97	Spectrogram 1	1	8.933330624	8.934328356	2341.216	5704.054	4565.039	4565.039
98	Spectrogram 1	1	8.934328356	8.935326089	2341.216	5704.054	4565.039	4565.039
99	Spectrogram 1	1	8.935326089	8.936323821	2341.216	5704.054	4565.039	4565.039
100	Spectrogram 1	1	8.936323821	8.937321554	2341.216	5704.054	4565.039	4565.039
101	Spectrogram 1	1	8.937321554	8.938319286	2341.216	5704.054	4565.039	4565.039
102	Spectrogram 1	1	8.938319286	8.939317018	2341.216	5704.054	4565.039	4565.039
103	Spectrogram 1	1	8.939317018	8.940314751	2341.216	5704.054	4565.039	4565.039
104	Spectrogram 1	1	8.940314751	8.941312483	2341.216	5704.054	4565.039	4565.039
105	Spectrogram 1	1	8.941312483	8.942310216	2341.216	5704.054	4565.039	4565.039
106	Spectrogram 1	1	8.942310216	8.943307948	2341.216	5704.054	4565.039	4565.039
107	Spectrogram 1	1	8.943307948	8.944305681	2341.216	5704.054	4565.039	4565.039
108	Spectrogram 1	1	8.944305681	8.945303413	2341.216	5704.054	4565.039	4565.039
109	Spectrogram 1	1	8.945303413	8.946301145	2341.216	5704.054	4565.039	4565.039
110	Spectrogram 1	1	8.946301145	8.947298878	2341.216	5704.054	4565.039	4565.039
111	Spectrogram 1	1	8.947298878	8.948296610	2341.216	5704.054	4565.039	4565.039
112	Spectrogram 1	1	8.948296610	8.949294343	2341.216	5704.054	4823.438	4823.438
113	Spectrogram 1	1	8.949294343	8.950292075	2341.216	5704.054	4823.438	4823.438
114	Spectrogram 1	1	8.950292075	8.951289808	2341.216	5704.054	4823.438	4823.438
115	Spectrogram 1	1	8.951289808	8.952287540	2341.216	5704.054	4823.438	4823.438
116	Spectrogram 1	1	8.952287540	8.953285272	2341.216	5704.054	4823.438	4823.438
117	Spectrogram 1	1	8.953285272	8.954283005	2341.216	5704.054	4823.438	4823.438
118	Spectrogram 1	1	8.954283005	8.955280737	2341.216	5704.054	4909.570	4823.438
119	Spectrogram 1	1	8.955280737	8.956278470	2341.216	5704.054	4909.570	4823.438
120	Spectrogram 1	1	8.956278470	8.957276202	2341.216	5704.054	4909.570	4823.438
121	Spectrogram 1	1	8.957276202	8.958273935	2341.216	5704.054	4909.570	4823.438
122	Spectrogram 1	1	8.958273935	8.959271667	2341.216	5704.054	4909.570	4823.438
123	Spectrogram 1	1	8.959271667	8.960269399	2341.216	5704.054	4909.570	4823.438
124	Spectrogram 1	1	8.960269399	8.961267132	2341.216	5704.054	5081.836	5167.969
125	Spectrogram 1	1	8.961267132	8.962264864	2341.216	5704.054	5081.836	5167.969
126	Spectrogram 1	1	8.962264864	8.963262597	2341.216	5704.054	5081.836	5167.969
127	Spectrogram 1	1	8.963262597	8.964260329	2341.216	5704.054	5081.836	5167.969
128	Spectrogram 1	1	8.964260329	8.965258062	2341.216	5704.054	5081.836	5167.969
129	Spectrogram 1	1	8.965258062	8.966255794	2341.216	5704.054	5081.836	5167.969
130	Spectrogram 1	1	8.966255794	8.967253526	2341.216	5704.054	4823.438	5081.836
131	Spectrogram 1	1	8.967253526	8.968251259	2341.216	5704.054	4823.438	5081.836
132	Spectrogram 1	1	8.968251259	8.969248991	2341.216	5704.054	4823.438	5081.836
133	Spectrogram 1	1	8.969248991	8.970246724	2341.216	5704.054	4823.438	5081.836
134	Spectrogram 1	1	8.970246724	8.971244456	2341.216	5704.054	4823.438	5081.836
135	Spectrogram 1	1	8.971244456	8.972242189	2341.216	5704.054	4565.039	5081.836
136	Spectrogram 1	1	8.972242189	8.973239921	2341.216	5704.054	4565.039	5081.836
137	Spectrogram 1	1	8.973239921	8.974237653	2341.216	5704.054	4565.039	5081.836
138	Spectrogram 1	1	8.974237653	8.975235386	2341.216	5704.054	4565.039	5081.836
139	Spectrogram 1	1	8.975235386	8.976233118	2341.216	5704.054	4565.039	5081.836
140	Spectrogram 1	1	8.976233118	8.977230851	2341.216	5704.054	4565.039	5081.836
141	Spectrogram 1	1	8.977230851	8.978228583	2341.216	5704.054	3445.312	3445.312
142	Spectrogram 1	1	8.978228583	8.979226316	2341.216	5704.054	3445.312	3445.312
143	Spectrogram 1	1	8.979226316	8.980224048	2341.216	5704.054	3445.312	3445.312
144	Spectrogram 1	1	8.980224048	8.981221780	2341.216	5704.054	3445.312	3445.312
145	Spectrogram 1	1	8.981221780	8.982219513	2341.216	5704.054	3445.312	3445.312
146	Spectrogram 1	1	8.982219513	8.983217245	2341.216	5704.054	3445.312	3445.312
147	Spectrogram 1	1	8.983217245	8.984214978	2341.216	5704.054	3617.578	3617.578
148	Spectrogram 1	1	8.984214978	8.985212710	2341.216	5704.054	3617.578	3617.578
149	Spectrogram 1	1	8.985212710	8.986210443	2341.216	5704.054	3617.578	3617.578
150	Spectrogram 1	1	8.986210443	8.987208175	2341.216	5704.054	3617.578	3617.578
151	Spectrogram 1	1	8.987208175	8.988205907	2341.216	5704.054	3617.578	3617.578
152	Spectrogram 1	1	8.988205907	8.989203640	2341.216	5704.054	3617.578	3617.578
153	Spectrogram 1	1	8.989203640	8.990201372	2341.216	5704.054	3617.578	3617.578
154	Spectrogram 1	1	8.990201372	8.991199105	2341.216	5704.054	3617.578	3617.578
155	Spectrogram 1	1	8.991199105	8.992196837	2341.216	5704.054	3617.578	3617.578
156	Spectrogram 1	1	8.992196837	8.993194570	2341.216	5704.054	3617.578	3617.578
157	Spectrogram 1	1	8.993194570	8.994192302	2341.216	5704.054	3617.578	3617.578
158	Spectrogram 1	1	8.994192302	8.995190034	2341.216	5704.054	3617.578	3617.578
159	Spectrogram 1	1	8.995190034	8.996187767	2341.216	5704.054	3617.578	3617.578
160	Spectrogram 1	1	8.996187767	8.997185499	2341.216	5704.054	3617.578	3617.578
161	Spectrogram 1	1	8.997185499	8.998183232	2341.216	5704.054	3617.578	3617.578
162	Spectrogram 1	1	8.998183232	8.999180964	2341.216	5704.054	3617.578	3617.578
163	Spectrogram 1	1	8.999180964	9.000178696	2341.216	5704.054	3617.578	3617.578
164	Spectrogram 1	1	9.000178696	9.001176429	2341.216	5704.054	3617.578	3617.578
165	Spectrogram 1	1	9.001176429	9.002174161	2341.216	5704.054	3617.578	3617.578
166	Spectrogram 1	1	9.002174161	9.003171894	2341.216	5704.054	3617.578	3617.578
167	Spectrogram 1	1	9.003171894	9.004169626	2341.216	5704.054	3617.578	3617.578
168	Spectrogram 1	1	9.004169626	9.005167359	2341.216	5704.054	3617.578	3617.578
169	Spectrogram 1	1	9.005167359	9.006165091	2341.216	5704.054	3617.578	3617.578
170	Spectrogram 1	1	9.006165091	9.007162823	2341.216	5704.054	3617.578	3617.578
171	Spectrogram 1	1	9.007162823	9.008160556	2341.216	5704.054	3617.578	3617.578
172	Spectrogram 1	1	9.008160556	9.009158288	2341.216	5704.054	3617.578	3617.578
173	Spectrogram 1	1	9.009158288	9.010156021	2341.216	5704.054	3617.578	3617.578
174	Spectrogram 1	1	9.010156021	9.011153753	2341.216	5704.054	3617.578	3617.578
175	Spectrogram 1	1	9.011153753	9.012151486	2341.216	5704.054	3617.578	3617.578
176	Spectrogram 1	1	9.012151486	9.013149218	2341.216	5704.054	3703.711	3703.711
177	Spectrogram 1	1	9.013149218	9.014146950	2341.216	5704.054	3703.711	3703.711
178	Spectrogram 1	1	9.014146950	9.015144683	2341.216	5704.054	3703.711	3703.711
179	Spectrogram 1	1	9.015144683	9.016142415	2341.216	5704.054	3703.711	3703.711
180	Spectrogram 1	1	9.016142415	9.017140148	2341.216	5704.054	3703.711	3703.711
181	Spectrogram 1	1	9.017140148	9.018137880	2341.216	5704.054	3703.711	3703.711
182	Spectrogram 1	1	9.018137880	9.019135613	2341.216	5704.054	3617.578	3617.578
183	Spectrogram 1	1	9.019135613	9.020133345	2341.216	5704.054	3617.578	3617.578
184	Spectrogram 1	1	9.020133345	9.021131077	2341.216	5704.054	3617.578	3617.578
185	Spectrogram 1	1	9.021131077	9.022128810	2341.216	5704.054	3617.578	3617.578
186	Spectrogram 1	1	9.022128810	9.023126542	2341.216	5704.054	3617.578	3617.578
187	Spectrogram 1	1	9.023126542	9.024124275	2341.216	5704.054	3617.578	3617.578
188	Spectrogram 1	1	9.024124275	9.025122007	2341.216	5704.054	3531.445	3531.445
189	Spectrogram 1	1	9.025122007	9.026119740	2341.216	5704.054	3531.445	3531.445
190	Spectrogram 1	1	9.026119740	9.027117472	2341.216	5704.054	3531.445	3531.445
191	Spectrogram 1	1	9.027117472	9.028115204	2341.216	5704.054	3531.445	3531.445
192	Spectrogram 1	1	9.028115204	9.029112937	2341.216	5704.054	3531.445	3531.445
193	Spectrogram 1	1	9.029112937	9.030110669	2341.216	5704.054	3531.445	3531.445
194	Spectrogram 1	1	9.030110669	9.031108402	2341.216	5704.054	3359.180	3273.047
195	Spectrogram 1	1	9.031108402	9.032106134	2341.216	5704.054	3359.180	3273.047
196	Spectrogram 1	1	9.032106134	9.033103867	2341.216	5704.054	3359.180	3273.047
197	Spectrogram 1	1	9.033103867	9.034101599	2341.216	5704.054	3359.180	3273.047
198	Spectrogram 1	1	9.034101599	9.035099331	2341.216	5704.054	3359.180	3273.047
199	Spectrogram 1	1	9.035099331	9.036097064	2341.216	5704.054	3186.914	3014.648
200	Spectrogram 1	1	9.036097064	9.037094796	2341.216	5704.054	3186.914	3014.648
201	Spectrogram 1	1	9.037094796	9.038092529	2341.216	5704.054	3186.914	3014.648
202	Spectrogram 1	1	9.038092529	9.039090261	2341.216	5704.054	3186.914	3014.648
203	Spectrogram 1	1	9.039090261	9.040087994	2341.216	5704.054	3186.914	3014.648
204	Spectrogram 1	1	9.040087994	9.041085726	2341.216	5704.054	3186.914	3014.648
205	Spectrogram 1	1	9.041085726	9.042083458	2341.216	5704.054	3531.445	2928.516
206	Spectrogram 1	1	9.042083458	9.043081191	2341.216	5704.054	3531.445	2928.516
207	Spectrogram 1	1	9.043081191	9.044078923	2341.216	5704.054	3531.445	2928.516
208	Spectrogram 1	1	9.044078923	9.045076656	2341.216	5704.054	3531.445	2928.516
209	Spectrogram 1	1	9.045076656	9.046074388	2341.216	5704.054	3531.445	2928.516
210	Spectrogram 1	1	9.046074388	9.047072121	2341.216	5704.054	3531.445	2928.516
211	Spectrogram 1	1	9.047072121	9.048069853	2341.216	5704.054	3789.844	3617.578
212	Spectrogram 1	1	9.048069853	9.049067585	2341.216	5704.054	3789.844	3617.578
213	Spectrogram 1	1	9.049067585	9.050065318	2341.216	5704.054	3789.844	3617.578
214	Spectrogram 1	1	9.050065318	9.051063050	2341.216	5704.054	3789.844	3617.578
215	Spectrogram 1	1	9.051063050	9.052060783	2341.216	5704.054	3789.844	3617.578
216	Spectrogram 1	1	9.052060783	9.053058515	2341.216	5704.054	3789.844	3617.578
217	Spectrogram 1	1	9.053058515	9.054056248	2341.216	5704.054	5254.102	5426.367
218	Spectrogram 1	1	9.054056248	9.055053980	2341.216	5704.054	5254.102	5426.367
219	Spectrogram 1	1	9.055053980	9.056051712	2341.216	5704.054	5254.102	5426.367
220	Spectrogram 1	1	9.056051712	9.057049445	2341.216	5704.054	5254.102	5426.367
221	Spectrogram 1	1	9.057049445	9.058047177	2341.216	5704.054	5254.102	5426.367
222	Spectrogram 1	1	9.058047177	9.059044910	2341.216	5704.054	5254.102	5426.367
223	Spectrogram 1	1	9.059044910	9.060042642	2341.216	5704.054	5512.500	5512.500
224	Spectrogram 1	1	9.060042642	9.061040374	2341.216	5704.054	5512.500	5512.500
225	Spectrogram 1	1	9.061040374	9.062038107	2341.216	5704.054	5512.500	5512.500
226	Spectrogram 1	1	9.062038107	9.063035839	2341.216	5704.054	5512.500	5512.500
227	Spectrogram 1	1	9.063035839	9.064033572	2341.216	5704.054	5512.500	5512.500
228	Spectrogram 1	1	9.064033572	9.065031304	2341.216	5704.054	5081.836	5081.836
229	Spectrogram 1	1	9.065031304	9.066029037	2341.216	5704.054	5081.836	5081.836
230	Spectrogram 1	1	9.066029037	9.067026769	2341.216	5704.054	5081.836	5081.836
231	Spectrogram 1	1	9.067026769	9.068024501	2341.216	5704.054	5081.836	5081.836
232	Spectrogram 1	1	9.068024501	9.069022234	2341.216	5704.054	5081.836	5081.836
233	Spectrogram 1	1	9.069022234	9.070019966	2341.216	5704.054	5081.836	5081.836
234	Spectrogram 1	1	9.070019966	9.071017699	2341.216	5704.054	4651.172	4565.039
235	Spectrogram 1	1	9.071017699	9.072015431	2341.216	5704.054	4651.172	4565.039
236	Spectrogram 1	1	9.072015431	9.073013164	2341.216	5704.054	4651.172	4565.039
237	Spectrogram 1	1	9.073013164	9.074010896	2341.216	5704.054	4651.172	4565.039
238	Spectrogram 1	1	9.074010896	9.075008628	2341.216	5704.054	4651.172	4565.039
239	Spectrogram 1	1	9.075008628	9.076006361	2341.216	5704.054	4651.172	4565.039
240	Spectrogram 1	1	9.076006361	9.077004093	2341.216	5704.054	4220.508	4220.508
241	Spectrogram 1	1	9.077004093	9.078001826	2341.216	5704.054	4220.508	4220.508
242	Spectrogram 1	1	9.078001826	9.078999558	2341.216	5704.054	4220.508	4220.508
243	Spectrogram 1	1	9.078999558	9.079997291	2341.216	5704.054	4220.508	4220.508
244	Spectrogram 1	1	9.079997291	9.080995023	2341.216	5704.054	4220.508	4220.508
245	Spectrogram 1	1	9.080995023	9.081992755	2341.216	5704.054	4220.508	4220.508
246	Spectrogram 1	1	9.081992755	9.082990488	2341.216	5704.054	4220.508	4392.773
247	Spectrogram 1	1	9.082990488	9.083988220	2341.216	5704.054	4220.508	4392.773
248	Spectrogram 1	1	9.083988220	9.084985953	2341.216	5704.054	4220.508	4392.773
249	Spectrogram 1	1	9.084985953	9.085983685	2341.216	5704.054	4220.508	4392.773
250	Spectrogram 1	1	9.085983685	9.086981418	2341.216	5704.054	4220.508	4392.773
251	Spectrogram 1	1	9.086981418	9.087979150	2341.216	5704.054	4220.508	4392.773
252	Spectrogram 1	1	9.087979150	9.088976882	2341.216	5704.054	4048.242	4134.375
253	Spectrogram 1	1	9.088976882	9.089974615	2341.216	5704.054	4048.242	4134.375
254	Spectrogram 1	1	9.089974615	9.090332210	2341.216	5704.054	4048.242	4134.375
