Selection	View	Channel	Begin Time (s)	End Time (s)	Low Freq (Hz)	High Freq (Hz)	Center Freq (Hz)	Peak Freq (Hz)
1	Spectrogram 1	1	2.553776396	2.554774128	2959.091	6508.700	4134.375	4134.375
2	Spectrogram 1	1	2.554774128	2.555771861	2959.091	6508.700	4134.375	4134.375
3	Spectrogram 1	1	2.555771861	2.556769593	2959.091	6508.700	4134.375	4134.375
4	Spectrogram 1	1	2.556769593	2.557767326	2959.091	6508.700	4565.039	4565.039
5	Spectrogram 1	1	2.557767326	2.558765058	2959.091	6508.700	4565.039	4565.039
6	Spectrogram 1	1	2.558765058	2.559762791	2959.091	6508.700	4565.039	4565.039
7	Spectrogram 1	1	2.559762791	2.560760523	2959.091	6508.700	4565.039	4565.039
8	Spectrogram 1	1	2.560760523	2.561758255	2959.091	6508.700	4565.039	4565.039
9	Spectrogram 1	1	2.561758255	2.562755988	2959.091	6508.700	4565.039	4565.039
10	Spectrogram 1	1	2.562755988	2.563753720	2959.091	6508.700	5081.836	5081.836
11	Spectrogram 1	1	2.563753720	2.564751453	2959.091	6508.700	5081.836	5081.836
12	Spectrogram 1	1	2.564751453	2.565749185	2959.091	6508.700	5081.836	5081.836
13	Spectrogram 1	1	2.565749185	2.566746918	2959.091	6508.700	5081.836	5081.836
14	Spectrogram 1	1	2.566746918	2.567744650	2959.091	6508.700	5081.836	5081.836
15	Spectrogram 1	1	2.567744650	2.568742382	2959.091	6508.700	5081.836	5081.836
16	Spectrogram 1	1	2.568742382	2.569740115	2959.091	6508.700	5426.367	5426.367
17	Spectrogram 1	1	2.569740115	2.570737847	2959.091	6508.700	5426.367	5426.367
18	Spectrogram 1	1	2.570737847	2.571735580	2959.091	6508.700	5426.367	5426.367
19	Spectrogram 1	1	2.571735580	2.572733312	2959.091	6508.700	5426.367	5426.367
20	Spectrogram 1	1	2.572733312	2.573731045	2959.091	6508.700	5426.367	5426.367
21	Spectrogram 1	1	2.573731045	2.574728777	2959.091	6508.700	5426.367	5426.367
22	Spectrogram 1	1	2.574728777	2.575726509	2959.091	6508.700	5512.500	5512.500
23	Spectrogram 1	1	2.575726509	2.576724242	2959.091	6508.700	5512.500	5512.500
24	Spectrogram 1	1	2.576724242	2.577721974	2959.091	6508.700	5512.500	5512.500
25	Spectrogram 1	1	2.577721974	2.578719707	2959.091	6508.700	5512.500	5512.500
26	Spectrogram 1	1	2.578719707	2.579717439	2959.091	6508.700	5512.500	5512.500
27	Spectrogram 1	1	2.579717439	2.580715172	2959.091	6508.700	5512.500	5512.500
28	Spectrogram 1	1	2.580715172	2.581712904	2959.091	6508.700	5426.367	5426.367
29	Spectrogram 1	1	2.581712904	2.582710636	2959.091	6508.700	5426.367	5426.367
30	Spectrogram 1	1	2.582710636	2.583708369	2959.091	6508.700	5426.367	5426.367
31	Spectrogram 1	1	2.583708369	2.584706101	2959.091	6508.700	5426.367	5426.367
32	Spectrogram 1	1	2.584706101	2.585703834	2959.091	6508.700	5426.367	5426.367
33	Spectrogram 1	1	2.585703834	2.586701566	2959.091	6508.700	5340.234	5340.234
34	Spectrogram 1	1	2.586701566	2.587699298	2959.091	6508.700	5340.234	5340.234
35	Spectrogram 1	1	2.587699298	2.588697031	2959.091	6508.700	5340.234	5340.234
36	Spectrogram 1	1	2.588697031	2.589694763	2959.091	6508.700	5340.234	5340.234
37	Spectrogram 1	1	2.589694763	2.590692496	2959.091	6508.700	5340.234	5340.234
38	Spectrogram 1	1	2.590692496	2.591690228	2959.091	6508.700	5340.234	5340.234
39	Spectrogram 1	1	2.591690228	2.592687961	2959.091	6508.700	5254.102	5254.102
40	Spectrogram 1	1	2.592687961	2.593685693	2959.091	6508.700	5254.102	5254.102
41	Spectrogram 1	1	2.593685693	2.594683425	2959.091	6508.700	5254.102	5254.102
42	Spectrogram 1	1	2.594683425	2.595681158	2959.091	6508.700	5254.102	5254.102
43	Spectrogram 1	1	2.595681158	2.596678890	2959.091	6508.700	5254.102	5254.102
44	Spectrogram 1	1	2.596678890	2.597676623	2959.091	6508.700	5254.102	5254.102
45	Spectrogram 1	1	2.597676623	2.598674355	2959.091	6508.700	4995.703	4995.703
46	Spectrogram 1	1	2.598674355	2.599672088	2959.091	6508.700	4995.703	4995.703
47	Spectrogram 1	1	2.599672088	2.600669820	2959.091	6508.700	4995.703	4995.703
48	Spectrogram 1	1	2.600669820	2.601667552	2959.091	6508.700	4995.703	4995.703
49	Spectrogram 1	1	2.601667552	2.602665285	2959.091	6508.700	4995.703	4995.703
50	Spectrogram 1	1	2.602665285	2.603663017	2959.091	6508.700	4995.703	4995.703
51	Spectrogram 1	1	2.603663017	2.604660750	2959.091	6508.700	4737.305	4737.305
52	Spectrogram 1	1	2.604660750	2.605658482	2959.091	6508.700	4737.305	4737.305
53	Spectrogram 1	1	2.605658482	2.606656215	2959.091	6508.700	4737.305	4737.305
54	Spectrogram 1	1	2.606656215	2.607653947	2959.091	6508.700	4737.305	4737.305
55	Spectrogram 1	1	2.607653947	2.608651679	2959.091	6508.700	4737.305	4737.305
56	Spectrogram 1	1	2.608651679	2.609649412	2959.091	6508.700	4737.305	4737.305
57	Spectrogram 1	1	2.609649412	2.610647144	2959.091	6508.700	4565.039	4565.039
58	Spectrogram 1	1	2.610647144	2.611644877	2959.091	6508.700	4565.039	4565.039
59	Spectrogram 1	1	2.611644877	2.612642609	2959.091	6508.700	4565.039	4565.039
60	Spectrogram 1	1	2.612642609	2.613640342	2959.091	6508.700	4565.039	4565.039
61	Spectrogram 1	1	2.613640342	2.614638074	2959.091	6508.700	4565.039	4565.039
62	Spectrogram 1	1	2.614638074	2.615635806	2959.091	6508.700	4392.773	4392.773
63	Spectrogram 1	1	2.615635806	2.616633539	2959.091	6508.700	4392.773	4392.773
64	Spectrogram 1	1	2.616633539	2.617631271	2959.091	6508.700	4392.773	4392.773
65	Spectrogram 1	1	2.617631271	2.618629004	2959.091	6508.700	4392.773	4392.773
66	Spectrogram 1	1	2.618629004	2.619626736	2959.091	6508.700	4392.773	4392.773
67	Spectrogram 1	1	2.619626736	2.620624469	2959.091	6508.700	4392.773	4392.773
68	Spectrogram 1	1	2.620624469	2.621622201	2959.091	6508.700	4306.641	4306.641
69	Spectrogram 1	1	2.621622201	2.622619933	2959.091	6508.700	4306.641	4306.641
70	Spectrogram 1	1	2.622619933	2.623617666	2959.091	6508.700	4306.641	4306.641
71	Spectrogram 1	1	2.623617666	2.624615398	2959.091	6508.700	4306.641	4306.641
72	Spectrogram 1	1	2.624615398	2.625613131	2959.091	6508.700	4306.641	4306.641
73	Spectrogram 1	1	2.625613131	2.626610863	2959.091	6508.700	4306.641	4306.641
74	Spectrogram 1	1	2.626610863	2.627608596	2959.091	6508.700	4306.641	4306.641
75	Spectrogram 1	1	2.627608596	2.628606328	2959.091	6508.700	4306.641	4306.641
76	Spectrogram 1	1	2.628606328	2.629604060	2959.091	6508.700	4306.641	4306.641
77	Spectrogram 1	1	2.629604060	2.630601793	2959.091	6508.700	4306.641	4306.641
78	Spectrogram 1	1	2.630601793	2.631599525	2959.091	6508.700	4306.641	4306.641
79	Spectrogram 1	1	2.631599525	2.632597258	2959.091	6508.700	4306.641	4306.641
80	Spectrogram 1	1	2.632597258	2.633594990	2959.091	6508.700	4392.773	4392.773
81	Spectrogram 1	1	2.633594990	2.634592723	2959.091	6508.700	4392.773	4392.773
82	Spectrogram 1	1	2.634592723	2.635590455	2959.091	6508.700	4392.773	4392.773
83	Spectrogram 1	1	2.635590455	2.636588187	2959.091	6508.700	4392.773	4392.773
84	Spectrogram 1	1	2.636588187	2.637585920	2959.091	6508.700	4392.773	4392.773
85	Spectrogram 1	1	2.637585920	2.638583652	2959.091	6508.700	4392.773	4392.773
86	Spectrogram 1	1	2.638583652	2.639581385	2959.091	6508.700	4392.773	4392.773
87	Spectrogram 1	1	2.639581385	2.640579117	2959.091	6508.700	4392.773	4392.773
88	Spectrogram 1	1	2.640579117	2.641576850	2959.091	6508.700	4392.773	4392.773
89	Spectrogram 1	1	2.641576850	2.642574582	2959.091	6508.700	4392.773	4392.773
90	Spectrogram 1	1	2.642574582	2.643572314	2959.091	6508.700	4392.773	4392.773
91	Spectrogram 1	1	2.643572314	2.644570047	2959.091	6508.700	4392.773	4392.773
92	Spectrogram 1	1	2.644570047	2.645567779	2959.091	6508.700	4823.438	4823.438
93	Spectrogram 1	1	2.645567779	2.646565512	2959.091	6508.700	4823.438	4823.438
94	Spectrogram 1	1	2.646565512	2.647563244	2959.091	6508.700	4823.438	4823.438
95	Spectrogram 1	1	2.647563244	2.648560976	2959.091	6508.700	4823.438	4823.438
96	Spectrogram 1	1	2.648560976	2.649558709	2959.091	6508.700	4823.438	4823.438
97	Spectrogram 1	1	2.649558709	2.650556441	2959.091	6508.700	4737.305	4823.438
98	Spectrogram 1	1	2.650556441	2.651554174	2959.091	6508.700	4737.305	4823.438
99	Spectrogram 1	1	2.651554174	2.652551906	2959.091	6508.700	4737.305	4823.438
100	Spectrogram 1	1	2.652551906	2.653549639	2959.091	6508.700	4737.305	4823.438
101	Spectrogram 1	1	2.653549639	2.654547371	2959.091	6508.700	4737.305	4823.438
102	Spectrogram 1	1	2.654547371	2.655545103	2959.091	6508.700	4737.305	4823.438
103	Spectrogram 1	1	2.655545103	2.656542836	2959.091	6508.700	4737.305	4737.305
104	Spectrogram 1	1	2.656542836	2.657540568	2959.091	6508.700	4737.305	4737.305
105	Spectrogram 1	1	2.657540568	2.658538301	2959.091	6508.700	4737.305	4737.305
106	Spectrogram 1	1	2.658538301	2.659536033	2959.091	6508.700	4737.305	4737.305
107	Spectrogram 1	1	2.659536033	2.660533766	2959.091	6508.700	4737.305	4737.305
108	Spectrogram 1	1	2.660533766	2.661531498	2959.091	6508.700	4737.305	4737.305
109	Spectrogram 1	1	2.661531498	2.662529230	2959.091	6508.700	4737.305	4737.305
110	Spectrogram 1	1	2.662529230	2.663526963	2959.091	6508.700	4737.305	4737.305
111	Spectrogram 1	1	2.663526963	2.664524695	2959.091	6508.700	4737.305	4737.305
112	Spectrogram 1	1	2.664524695	2.665522428	2959.091	6508.700	4737.305	4737.305
113	Spectrogram 1	1	2.665522428	2.666520160	2959.091	6508.700	4737.305	4737.305
114	Spectrogram 1	1	2.666520160	2.667517893	2959.091	6508.700	4737.305	4737.305
115	Spectrogram 1	1	2.667517893	2.668515625	2959.091	6508.700	4737.305	4737.305
116	Spectrogram 1	1	2.668515625	2.669513357	2959.091	6508.700	4737.305	4737.305
117	Spectrogram 1	1	2.669513357	2.670511090	2959.091	6508.700	4737.305	4737.305
118	Spectrogram 1	1	2.670511090	2.671508822	2959.091	6508.700	4737.305	4737.305
119	Spectrogram 1	1	2.671508822	2.672506555	2959.091	6508.700	4737.305	4737.305
120	Spectrogram 1	1	2.672506555	2.673504287	2959.091	6508.700	4737.305	4737.305
121	Spectrogram 1	1	2.673504287	2.674502020	2959.091	6508.700	4823.438	4737.305
122	Spectrogram 1	1	2.674502020	2.675499752	2959.091	6508.700	4823.438	4737.305
123	Spectrogram 1	1	2.675499752	2.676497484	2959.091	6508.700	4823.438	4737.305
124	Spectrogram 1	1	2.676497484	2.677495217	2959.091	6508.700	4823.438	4737.305
125	Spectrogram 1	1	2.677495217	2.678492949	2959.091	6508.700	4823.438	4737.305
126	Spectrogram 1	1	2.678492949	2.679490682	2959.091	6508.700	3445.312	3445.312
127	Spectrogram 1	1	2.679490682	2.680488414	2959.091	6508.700	3445.312	3445.312
128	Spectrogram 1	1	2.680488414	2.681486147	2959.091	6508.700	3445.312	3445.312
129	Spectrogram 1	1	2.681486147	2.682483879	2959.091	6508.700	3445.312	3445.312
130	Spectrogram 1	1	2.682483879	2.683481611	2959.091	6508.700	3445.312	3445.312
131	Spectrogram 1	1	2.683481611	2.684479344	2959.091	6508.700	3445.312	3445.312
132	Spectrogram 1	1	2.684479344	2.685477076	2959.091	6508.700	3531.445	3531.445
133	Spectrogram 1	1	2.685477076	2.686474809	2959.091	6508.700	3531.445	3531.445
134	Spectrogram 1	1	2.686474809	2.687472541	2959.091	6508.700	3531.445	3531.445
135	Spectrogram 1	1	2.687472541	2.688470274	2959.091	6508.700	3531.445	3531.445
136	Spectrogram 1	1	2.688470274	2.689468006	2959.091	6508.700	3531.445	3531.445
137	Spectrogram 1	1	2.689468006	2.690465738	2959.091	6508.700	3531.445	3531.445
138	Spectrogram 1	1	2.690465738	2.691463471	2959.091	6508.700	3531.445	3531.445
139	Spectrogram 1	1	2.691463471	2.692461203	2959.091	6508.700	3531.445	3531.445
140	Spectrogram 1	1	2.692461203	2.693458936	2959.091	6508.700	3531.445	3531.445
141	Spectrogram 1	1	2.693458936	2.694456668	2959.091	6508.700	3531.445	3531.445
142	Spectrogram 1	1	2.694456668	2.695454401	2959.091	6508.700	3531.445	3531.445
143	Spectrogram 1	1	2.695454401	2.696452133	2959.091	6508.700	3531.445	3531.445
144	Spectrogram 1	1	2.696452133	2.697449865	2959.091	6508.700	3445.312	3445.312
145	Spectrogram 1	1	2.697449865	2.698447598	2959.091	6508.700	3445.312	3445.312
146	Spectrogram 1	1	2.698447598	2.699445330	2959.091	6508.700	3445.312	3445.312
147	Spectrogram 1	1	2.699445330	2.700443063	2959.091	6508.700	3445.312	3445.312
148	Spectrogram 1	1	2.700443063	2.701440795	2959.091	6508.700	3445.312	3445.312
149	Spectrogram 1	1	2.701440795	2.702438528	2959.091	6508.700	3445.312	3445.312
150	Spectrogram 1	1	2.702438528	2.703436260	2959.091	6508.700	3445.312	3445.312
151	Spectrogram 1	1	2.703436260	2.704433992	2959.091	6508.700	3445.312	3445.312
152	Spectrogram 1	1	2.704433992	2.705431725	2959.091	6508.700	3445.312	3445.312
153	Spectrogram 1	1	2.705431725	2.706429457	2959.091	6508.700	3445.312	3445.312
154	Spectrogram 1	1	2.706429457	2.707427190	2959.091	6508.700	3445.312	3445.312
155	Spectrogram 1	1	2.707427190	2.708424922	2959.091	6508.700	3445.312	3445.312
156	Spectrogram 1	1	2.708424922	2.709422655	2959.091	6508.700	3359.180	3359.180
157	Spectrogram 1	1	2.709422655	2.710420387	2959.091	6508.700	3359.180	3359.180
158	Spectrogram 1	1	2.710420387	2.711418119	2959.091	6508.700	3359.180	3359.180
159	Spectrogram 1	1	2.711418119	2.712415852	2959.091	6508.700	3359.180	3359.180
160	Spectrogram 1	1	2.712415852	2.713413584	2959.091	6508.700	3359.180	3359.180
161	Spectrogram 1	1	2.713413584	2.714411317	2959.091	6508.700	3359.180	3359.180
162	Spectrogram 1	1	2.714411317	2.715409049	2959.091	6508.700	3359.180	3359.180
163	Spectrogram 1	1	2.715409049	2.716406781	2959.091	6508.700	3359.180	3359.180
164	Spectrogram 1	1	2.716406781	2.717404514	2959.091	6508.700	3359.180	3359.180
165	Spectrogram 1	1	2.717404514	2.718402246	2959.091	6508.700	3359.180	3359.180
166	Spectrogram 1	1	2.718402246	2.719399979	2959.091	6508.700	3359.180	3359.180
167	Spectrogram 1	1	2.719399979	2.720397711	2959.091	6508.700	3359.180	3359.180
168	Spectrogram 1	1	2.720397711	2.721395444	2959.091	6508.700	3359.180	3359.180
169	Spectrogram 1	1	2.721395444	2.722393176	2959.091	6508.700	3359.180	3359.180
170	Spectrogram 1	1	2.722393176	2.723390908	2959.091	6508.700	3359.180	3359.180
171	Spectrogram 1	1	2.723390908	2.724388641	2959.091	6508.700	3359.180	3359.180
172	Spectrogram 1	1	2.724388641	2.725386373	2959.091	6508.700	3359.180	3359.180
173	Spectrogram 1	1	2.725386373	2.726384106	2959.091	6508.700	3445.312	3445.312
174	Spectrogram 1	1	2.726384106	2.727381838	2959.091	6508.700	3445.312	3445.312
175	Spectrogram 1	1	2.727381838	2.728379571	2959.091	6508.700	3445.312	3445.312
176	Spectrogram 1	1	2.728379571	2.729377303	2959.091	6508.700	3445.312	3445.312
177	Spectrogram 1	1	2.729377303	2.730375035	2959.091	6508.700	3445.312	3445.312
178	Spectrogram 1	1	2.730375035	2.731372768	2959.091	6508.700	3445.312	3445.312
179	Spectrogram 1	1	2.731372768	2.732370500	2959.091	6508.700	3445.312	3445.312
180	Spectrogram 1	1	2.732370500	2.733368233	2959.091	6508.700	3445.312	3445.312
181	Spectrogram 1	1	2.733368233	2.734365965	2959.091	6508.700	3445.312	3445.312
182	Spectrogram 1	1	2.734365965	2.735363698	2959.091	6508.700	3445.312	3445.312
183	Spectrogram 1	1	2.735363698	2.736361430	2959.091	6508.700	3445.312	3445.312
184	Spectrogram 1	1	2.736361430	2.737359162	2959.091	6508.700	3445.312	3445.312
185	Spectrogram 1	1	2.737359162	2.738356895	2959.091	6508.700	3531.445	3531.445
186	Spectrogram 1	1	2.738356895	2.739354627	2959.091	6508.700	3531.445	3531.445
187	Spectrogram 1	1	2.739354627	2.740352360	2959.091	6508.700	3531.445	3531.445
188	Spectrogram 1	1	2.740352360	2.741350092	2959.091	6508.700	3531.445	3531.445
189	Spectrogram 1	1	2.741350092	2.742347825	2959.091	6508.700	3531.445	3531.445
190	Spectrogram 1	1	2.742347825	2.743345557	2959.091	6508.700	3617.578	3617.578
191	Spectrogram 1	1	2.743345557	2.744343289	2959.091	6508.700	3617.578	3617.578
192	Spectrogram 1	1	2.744343289	2.745341022	2959.091	6508.700	3617.578	3617.578
193	Spectrogram 1	1	2.745341022	2.746338754	2959.091	6508.700	3617.578	3617.578
194	Spectrogram 1	1	2.746338754	2.747336487	2959.091	6508.700	3617.578	3617.578
195	Spectrogram 1	1	2.747336487	2.748334219	2959.091	6508.700	3617.578	3617.578
196	Spectrogram 1	1	2.748334219	2.749331952	2959.091	6508.700	3875.977	3875.977
197	Spectrogram 1	1	2.749331952	2.750329684	2959.091	6508.700	3875.977	3875.977
198	Spectrogram 1	1	2.750329684	2.751327416	2959.091	6508.700	3875.977	3875.977
199	Spectrogram 1	1	2.751327416	2.752325149	2959.091	6508.700	3875.977	3875.977
200	Spectrogram 1	1	2.752325149	2.753322881	2959.091	6508.700	3875.977	3875.977
201	Spectrogram 1	1	2.753322881	2.754320614	2959.091	6508.700	3875.977	3875.977
202	Spectrogram 1	1	2.754320614	2.755318346	2959.091	6508.700	4048.242	4048.242
203	Spectrogram 1	1	2.755318346	2.756316079	2959.091	6508.700	4048.242	4048.242
204	Spectrogram 1	1	2.756316079	2.757313811	2959.091	6508.700	4048.242	4048.242
205	Spectrogram 1	1	2.757313811	2.758311543	2959.091	6508.700	4048.242	4048.242
206	Spectrogram 1	1	2.758311543	2.759309276	2959.091	6508.700	4048.242	4048.242
207	Spectrogram 1	1	2.759309276	2.760307008	2959.091	6508.700	4048.242	4048.242
208	Spectrogram 1	1	2.760307008	2.761304741	2959.091	6508.700	4478.906	4478.906
209	Spectrogram 1	1	2.761304741	2.762302473	2959.091	6508.700	4478.906	4478.906
210	Spectrogram 1	1	2.762302473	2.763300206	2959.091	6508.700	4478.906	4478.906
211	Spectrogram 1	1	2.763300206	2.764297938	2959.091	6508.700	4478.906	4478.906
212	Spectrogram 1	1	2.764297938	2.765295670	2959.091	6508.700	4478.906	4478.906
213	Spectrogram 1	1	2.765295670	2.766293403	2959.091	6508.700	4478.906	4478.906
214	Spectrogram 1	1	2.766293403	2.767291135	2959.091	6508.700	4737.305	4737.305
215	Spectrogram 1	1	2.767291135	2.768288868	2959.091	6508.700	4737.305	4737.305
216	Spectrogram 1	1	2.768288868	2.769286600	2959.091	6508.700	4737.305	4737.305
217	Spectrogram 1	1	2.769286600	2.770284333	2959.091	6508.700	4737.305	4737.305
218	Spectrogram 1	1	2.770284333	2.771282065	2959.091	6508.700	4737.305	4737.305
219	Spectrogram 1	1	2.771282065	2.772279797	2959.091	6508.700	4737.305	4737.305
220	Spectrogram 1	1	2.772279797	2.773277530	2959.091	6508.700	4909.570	4909.570
221	Spectrogram 1	1	2.773277530	2.774275262	2959.091	6508.700	4909.570	4909.570
222	Spectrogram 1	1	2.774275262	2.775272995	2959.091	6508.700	4909.570	4909.570
223	Spectrogram 1	1	2.775272995	2.776270727	2959.091	6508.700	4909.570	4909.570
224	Spectrogram 1	1	2.776270727	2.777268459	2959.091	6508.700	4909.570	4909.570
225	Spectrogram 1	1	2.777268459	2.778266192	2959.091	6508.700	5081.836	5081.836
226	Spectrogram 1	1	2.778266192	2.779263924	2959.091	6508.700	5081.836	5081.836
227	Spectrogram 1	1	2.779263924	2.780261657	2959.091	6508.700	5081.836	5081.836
228	Spectrogram 1	1	2.780261657	2.781259389	2959.091	6508.700	5081.836	5081.836
229	Spectrogram 1	1	2.781259389	2.782257122	2959.091	6508.700	5081.836	5081.836
230	Spectrogram 1	1	2.782257122	2.783254854	2959.091	6508.700	5081.836	5081.836
231	Spectrogram 1	1	2.783254854	2.784252586	2959.091	6508.700	5340.234	5254.102
232	Spectrogram 1	1	2.784252586	2.785250319	2959.091	6508.700	5340.234	5254.102
233	Spectrogram 1	1	2.785250319	2.786248051	2959.091	6508.700	5340.234	5254.102
234	Spectrogram 1	1	2.786248051	2.787245784	2959.091	6508.700	5340.234	5254.102
235	Spectrogram 1	1	2.787245784	2.788243516	2959.091	6508.700	5340.234	5254.102
236	Spectrogram 1	1	2.788243516	2.789241249	2959.091	6508.700	5340.234	5254.102
237	Spectrogram 1	1	2.789241249	2.790238981	2959.091	6508.700	5770.898	5770.898
238	Spectrogram 1	1	2.790238981	2.791236713	2959.091	6508.700	5770.898	5770.898
239	Spectrogram 1	1	2.791236713	2.792234446	2959.091	6508.700	5770.898	5770.898
240	Spectrogram 1	1	2.792234446	2.793232178	2959.091	6508.700	5770.898	5770.898
241	Spectrogram 1	1	2.793232178	2.794229911	2959.091	6508.700	5770.898	5770.898
242	Spectrogram 1	1	2.794229911	2.795227643	2959.091	6508.700	5770.898	5770.898
243	Spectrogram 1	1	2.795227643	2.796225376	2959.091	6508.700	6029.297	6029.297
244	Spectrogram 1	1	2.796225376	2.797223108	2959.091	6508.700	6029.297	6029.297
245	Spectrogram 1	1	2.797223108	2.798220840	2959.091	6508.700	6029.297	6029.297
246	Spectrogram 1	1	2.798220840	2.799218573	2959.091	6508.700	6029.297	6029.297
247	Spectrogram 1	1	2.799218573	2.800216305	2959.091	6508.700	6029.297	6029.297
248	Spectrogram 1	1	2.800216305	2.801214038	2959.091	6508.700	6029.297	6029.297
249	Spectrogram 1	1	2.801214038	2.802211770	2959.091	6508.700	6201.562	6201.562
250	Spectrogram 1	1	2.802211770	2.803209503	2959.091	6508.700	6201.562	6201.562
251	Spectrogram 1	1	2.803209503	2.804207235	2959.091	6508.700	6201.562	6201.562
252	Spectrogram 1	1	2.804207235	2.805204967	2959.091	6508.700	6201.562	6201.562
253	Spectrogram 1	1	2.805204967	2.806202700	2959.091	6508.700	6201.562	6201.562
254	Spectrogram 1	1	2.806202700	2.807200432	2959.091	6508.700	5340.234	5598.633
255	Spectrogram 1	1	2.807200432	2.808198165	2959.091	6508.700	5340.234	5598.633
256	Spectrogram 1	1	2.808198165	2.809195897	2959.091	6508.700	5340.234	5598.633
257	Spectrogram 1	1	2.809195897	2.810193630	2959.091	6508.700	5340.234	5598.633
258	Spectrogram 1	1	2.810193630	2.811191362	2959.091	6508.700	5340.234	5598.633
259	Spectrogram 1	1	2.811191362	2.812189094	2959.091	6508.700	5340.234	5598.633
260	Spectrogram 1	1	2.812189094	2.813186827	2959.091	6508.700	4737.305	4651.172
261	Spectrogram 1	1	2.813186827	2.814184559	2959.091	6508.700	4737.305	4651.172
262	Spectrogram 1	1	2.814184559	2.815182292	2959.091	6508.700	4737.305	4651.172
263	Spectrogram 1	1	2.815182292	2.816180024	2959.091	6508.700	4737.305	4651.172
264	Spectrogram 1	1	2.816180024	2.817177757	2959.091	6508.700	4737.305	4651.172
265	Spectrogram 1	1	2.817177757	2.818175489	2959.091	6508.700	4737.305	4651.172
266	Spectrogram 1	1	2.818175489	2.819173221	2959.091	6508.700	4392.773	4306.641
267	Spectrogram 1	1	2.819173221	2.820170954	2959.091	6508.700	4392.773	4306.641
268	Spectrogram 1	1	2.820170954	2.821168686	2959.091	6508.700	4392.773	4306.641
269	Spectrogram 1	1	2.821168686	2.822166419	2959.091	6508.700	4392.773	4306.641
270	Spectrogram 1	1	2.822166419	2.823164151	2959.091	6508.700	4392.773	4306.641
271	Spectrogram 1	1	2.823164151	2.824161884	2959.091	6508.700	4392.773	4306.641
272	Spectrogram 1	1	2.824161884	2.825159616	2959.091	6508.700	4306.641	4220.508
273	Spectrogram 1	1	2.825159616	2.826157348	2959.091	6508.700	4306.641	4220.508
274	Spectrogram 1	1	2.826157348	2.827155081	2959.091	6508.700	4306.641	4220.508
275	Spectrogram 1	1	2.827155081	2.828152813	2959.091	6508.700	4306.641	4220.508
276	Spectrogram 1	1	2.828152813	2.828971954	2959.091	6508.700	4306.641	4220.508
