Selection	View	Channel	Begin Time (s)	End Time (s)	Low Freq (Hz)	High Freq (Hz)	Center Freq (Hz)	Peak Freq (Hz)
1	Spectrogram 1	1	5.028682964	5.029680696	2982.172	6099.898	5254.102	5512.500
2	Spectrogram 1	1	5.029680696	5.030678429	2982.172	6099.898	4134.375	4134.375
3	Spectrogram 1	1	5.030678429	5.031676161	2982.172	6099.898	4134.375	4134.375
4	Spectrogram 1	1	5.031676161	5.032673894	2982.172	6099.898	4134.375	4134.375
5	Spectrogram 1	1	5.032673894	5.033671626	2982.172	6099.898	4134.375	4134.375
6	Spectrogram 1	1	5.033671626	5.034669359	2982.172	6099.898	4134.375	4134.375
7	Spectrogram 1	1	5.034669359	5.035667091	2982.172	6099.898	4134.375	4134.375
8	Spectrogram 1	1	5.035667091	5.036664823	2982.172	6099.898	4651.172	4651.172
9	Spectrogram 1	1	5.036664823	5.037662556	2982.172	6099.898	4651.172	4651.172
10	Spectrogram 1	1	5.037662556	5.038660288	2982.172	6099.898	4651.172	4651.172
11	Spectrogram 1	1	5.038660288	5.039658021	2982.172	6099.898	4651.172	4651.172
12	Spectrogram 1	1	5.039658021	5.040655753	2982.172	6099.898	4651.172	4651.172
13	Spectrogram 1	1	5.040655753	5.041653486	2982.172	6099.898	4651.172	4651.172
14	Spectrogram 1	1	5.041653486	5.042651218	2982.172	6099.898	4995.703	5081.836
15	Spectrogram 1	1	5.042651218	5.043648950	2982.172	6099.898	4995.703	5081.836
16	Spectrogram 1	1	5.043648950	5.044646683	2982.172	6099.898	4995.703	5081.836
17	Spectrogram 1	1	5.044646683	5.045644415	2982.172	6099.898	4995.703	5081.836
18	Spectrogram 1	1	5.045644415	5.046642148	2982.172	6099.898	4995.703	5081.836
19	Spectrogram 1	1	5.046642148	5.047639880	2982.172	6099.898	4995.703	5081.836
20	Spectrogram 1	1	5.047639880	5.048637613	2982.172	6099.898	5254.102	5254.102
21	Spectrogram 1	1	5.048637613	5.049635345	2982.172	6099.898	5254.102	5254.102
22	Spectrogram 1	1	5.049635345	5.050633077	2982.172	6099.898	5254.102	5254.102
23	Spectrogram 1	1	5.050633077	5.051630810	2982.172	6099.898	5254.102	5254.102
24	Spectrogram 1	1	5.051630810	5.052628542	2982.172	6099.898	5254.102	5254.102
25	Spectrogram 1	1	5.052628542	5.053626275	2982.172	6099.898	5254.102	5254.102
26	Spectrogram 1	1	5.053626275	5.054624007	2982.172	6099.898	5254.102	5254.102
27	Spectrogram 1	1	5.054624007	5.055621740	2982.172	6099.898	5254.102	5254.102
28	Spectrogram 1	1	5.055621740	5.056619472	2982.172	6099.898	5254.102	5254.102
29	Spectrogram 1	1	5.056619472	5.057617204	2982.172	6099.898	5254.102	5254.102
30	Spectrogram 1	1	5.057617204	5.058614937	2982.172	6099.898	5254.102	5254.102
31	Spectrogram 1	1	5.058614937	5.059612669	2982.172	6099.898	5167.969	5167.969
32	Spectrogram 1	1	5.059612669	5.060610402	2982.172	6099.898	5167.969	5167.969
33	Spectrogram 1	1	5.060610402	5.061608134	2982.172	6099.898	5167.969	5167.969
34	Spectrogram 1	1	5.061608134	5.062605866	2982.172	6099.898	5167.969	5167.969
35	Spectrogram 1	1	5.062605866	5.063603599	2982.172	6099.898	5167.969	5167.969
36	Spectrogram 1	1	5.063603599	5.064601331	2982.172	6099.898	5167.969	5167.969
37	Spectrogram 1	1	5.064601331	5.065599064	2982.172	6099.898	4995.703	4995.703
38	Spectrogram 1	1	5.065599064	5.066596796	2982.172	6099.898	4995.703	4995.703
39	Spectrogram 1	1	5.066596796	5.067594529	2982.172	6099.898	4995.703	4995.703
40	Spectrogram 1	1	5.067594529	5.068592261	2982.172	6099.898	4995.703	4995.703
41	Spectrogram 1	1	5.068592261	5.069589993	2982.172	6099.898	4995.703	4995.703
42	Spectrogram 1	1	5.069589993	5.070587726	2982.172	6099.898	4995.703	4995.703
43	Spectrogram 1	1	5.070587726	5.071585458	2982.172	6099.898	4823.438	4823.438
44	Spectrogram 1	1	5.071585458	5.072583191	2982.172	6099.898	4823.438	4823.438
45	Spectrogram 1	1	5.072583191	5.073580923	2982.172	6099.898	4823.438	4823.438
46	Spectrogram 1	1	5.073580923	5.074578656	2982.172	6099.898	4823.438	4823.438
47	Spectrogram 1	1	5.074578656	5.075576388	2982.172	6099.898	4823.438	4823.438
48	Spectrogram 1	1	5.075576388	5.076574120	2982.172	6099.898	4823.438	4823.438
49	Spectrogram 1	1	5.076574120	5.077571853	2982.172	6099.898	4651.172	4651.172
50	Spectrogram 1	1	5.077571853	5.078569585	2982.172	6099.898	4651.172	4651.172
51	Spectrogram 1	1	5.078569585	5.079567318	2982.172	6099.898	4651.172	4651.172
52	Spectrogram 1	1	5.079567318	5.080565050	2982.172	6099.898	4651.172	4651.172
53	Spectrogram 1	1	5.080565050	5.081562783	2982.172	6099.898	4651.172	4651.172
54	Spectrogram 1	1	5.081562783	5.082560515	2982.172	6099.898	4651.172	4651.172
55	Spectrogram 1	1	5.082560515	5.083558247	2982.172	6099.898	4392.773	4392.773
56	Spectrogram 1	1	5.083558247	5.084555980	2982.172	6099.898	4392.773	4392.773
57	Spectrogram 1	1	5.084555980	5.085553712	2982.172	6099.898	4392.773	4392.773
58	Spectrogram 1	1	5.085553712	5.086551445	2982.172	6099.898	4392.773	4392.773
59	Spectrogram 1	1	5.086551445	5.087549177	2982.172	6099.898	4392.773	4392.773
60	Spectrogram 1	1	5.087549177	5.088546910	2982.172	6099.898	4392.773	4392.773
61	Spectrogram 1	1	5.088546910	5.089544642	2982.172	6099.898	4306.641	4306.641
62	Spectrogram 1	1	5.089544642	5.090542374	2982.172	6099.898	4306.641	4306.641
63	Spectrogram 1	1	5.090542374	5.091540107	2982.172	6099.898	4306.641	4306.641
64	Spectrogram 1	1	5.091540107	5.092537839	2982.172	6099.898	4306.641	4306.641
65	Spectrogram 1	1	5.092537839	5.093535572	2982.172	6099.898	4306.641	4306.641
66	Spectrogram 1	1	5.093535572	5.094533304	2982.172	6099.898	4220.508	4220.508
67	Spectrogram 1	1	5.094533304	5.095531037	2982.172	6099.898	4220.508	4220.508
68	Spectrogram 1	1	5.095531037	5.096528769	2982.172	6099.898	4220.508	4220.508
69	Spectrogram 1	1	5.096528769	5.097526501	2982.172	6099.898	4220.508	4220.508
70	Spectrogram 1	1	5.097526501	5.098524234	2982.172	6099.898	4220.508	4220.508
71	Spectrogram 1	1	5.098524234	5.099521966	2982.172	6099.898	4220.508	4220.508
72	Spectrogram 1	1	5.099521966	5.100519699	2982.172	6099.898	4392.773	4392.773
73	Spectrogram 1	1	5.100519699	5.101517431	2982.172	6099.898	4392.773	4392.773
74	Spectrogram 1	1	5.101517431	5.102515164	2982.172	6099.898	4392.773	4392.773
75	Spectrogram 1	1	5.102515164	5.103512896	2982.172	6099.898	4392.773	4392.773
76	Spectrogram 1	1	5.103512896	5.104510628	2982.172	6099.898	4392.773	4392.773
77	Spectrogram 1	1	5.104510628	5.105508361	2982.172	6099.898	4392.773	4392.773
78	Spectrogram 1	1	5.105508361	5.106506093	2982.172	6099.898	4306.641	4306.641
79	Spectrogram 1	1	5.106506093	5.107503826	2982.172	6099.898	4306.641	4306.641
80	Spectrogram 1	1	5.107503826	5.108501558	2982.172	6099.898	4306.641	4306.641
81	Spectrogram 1	1	5.108501558	5.109499291	2982.172	6099.898	4306.641	4306.641
82	Spectrogram 1	1	5.109499291	5.110497023	2982.172	6099.898	4306.641	4306.641
83	Spectrogram 1	1	5.110497023	5.111494755	2982.172	6099.898	4306.641	4306.641
84	Spectrogram 1	1	5.111494755	5.112492488	2982.172	6099.898	4478.906	4478.906
85	Spectrogram 1	1	5.112492488	5.113490220	2982.172	6099.898	4478.906	4478.906
86	Spectrogram 1	1	5.113490220	5.114487953	2982.172	6099.898	4478.906	4478.906
87	Spectrogram 1	1	5.114487953	5.115485685	2982.172	6099.898	4478.906	4478.906
88	Spectrogram 1	1	5.115485685	5.116483418	2982.172	6099.898	4478.906	4478.906
89	Spectrogram 1	1	5.116483418	5.117481150	2982.172	6099.898	4478.906	4478.906
90	Spectrogram 1	1	5.117481150	5.118478882	2982.172	6099.898	4823.438	4306.641
91	Spectrogram 1	1	5.118478882	5.119476615	2982.172	6099.898	4823.438	4306.641
92	Spectrogram 1	1	5.119476615	5.120474347	2982.172	6099.898	4823.438	4306.641
93	Spectrogram 1	1	5.120474347	5.121472080	2982.172	6099.898	4823.438	4306.641
94	Spectrogram 1	1	5.121472080	5.122469812	2982.172	6099.898	4823.438	4306.641
95	Spectrogram 1	1	5.122469812	5.123467544	2982.172	6099.898	5081.836	5254.102
96	Spectrogram 1	1	5.123467544	5.124465277	2982.172	6099.898	5081.836	5254.102
97	Spectrogram 1	1	5.124465277	5.125463009	2982.172	6099.898	5081.836	5254.102
98	Spectrogram 1	1	5.125463009	5.126460742	2982.172	6099.898	5081.836	5254.102
99	Spectrogram 1	1	5.126460742	5.127458474	2982.172	6099.898	5081.836	5254.102
100	Spectrogram 1	1	5.127458474	5.128456207	2982.172	6099.898	5081.836	5254.102
101	Spectrogram 1	1	5.128456207	5.129453939	2982.172	6099.898	4306.641	4220.508
102	Spectrogram 1	1	5.129453939	5.130451671	2982.172	6099.898	4306.641	4220.508
103	Spectrogram 1	1	5.130451671	5.131449404	2982.172	6099.898	4306.641	4220.508
104	Spectrogram 1	1	5.131449404	5.132447136	2982.172	6099.898	4306.641	4220.508
105	Spectrogram 1	1	5.132447136	5.133444869	2982.172	6099.898	4306.641	4220.508
106	Spectrogram 1	1	5.133444869	5.134442601	2982.172	6099.898	4306.641	4220.508
107	Spectrogram 1	1	5.134442601	5.135440334	2982.172	6099.898	4306.641	4134.375
108	Spectrogram 1	1	5.135440334	5.136438066	2982.172	6099.898	4306.641	4134.375
109	Spectrogram 1	1	5.136438066	5.137435798	2982.172	6099.898	4306.641	4134.375
110	Spectrogram 1	1	5.137435798	5.138433531	2982.172	6099.898	4306.641	4134.375
111	Spectrogram 1	1	5.138433531	5.139431263	2982.172	6099.898	4306.641	4134.375
112	Spectrogram 1	1	5.139431263	5.140428996	2982.172	6099.898	4306.641	4134.375
113	Spectrogram 1	1	5.140428996	5.141426728	2982.172	6099.898	4392.773	4220.508
114	Spectrogram 1	1	5.141426728	5.142424461	2982.172	6099.898	4392.773	4220.508
115	Spectrogram 1	1	5.142424461	5.143422193	2982.172	6099.898	4392.773	4220.508
116	Spectrogram 1	1	5.143422193	5.144419925	2982.172	6099.898	4392.773	4220.508
117	Spectrogram 1	1	5.144419925	5.145417658	2982.172	6099.898	4392.773	4220.508
118	Spectrogram 1	1	5.145417658	5.146415390	2982.172	6099.898	4392.773	4220.508
119	Spectrogram 1	1	5.146415390	5.147413123	2982.172	6099.898	4478.906	4478.906
120	Spectrogram 1	1	5.147413123	5.148410855	2982.172	6099.898	4478.906	4478.906
121	Spectrogram 1	1	5.148410855	5.149408588	2982.172	6099.898	4478.906	4478.906
122	Spectrogram 1	1	5.149408588	5.150406320	2982.172	6099.898	4478.906	4478.906
123	Spectrogram 1	1	5.150406320	5.151404052	2982.172	6099.898	4478.906	4478.906
124	Spectrogram 1	1	5.151404052	5.152401785	2982.172	6099.898	4478.906	4478.906
125	Spectrogram 1	1	5.152401785	5.153399517	2982.172	6099.898	4392.773	4306.641
126	Spectrogram 1	1	5.153399517	5.154397250	2982.172	6099.898	4392.773	4306.641
127	Spectrogram 1	1	5.154397250	5.155394982	2982.172	6099.898	4392.773	4306.641
128	Spectrogram 1	1	5.155394982	5.156392715	2982.172	6099.898	4392.773	4306.641
129	Spectrogram 1	1	5.156392715	5.157390447	2982.172	6099.898	4392.773	4306.641
130	Spectrogram 1	1	5.157390447	5.158388179	2982.172	6099.898	4220.508	3186.914
131	Spectrogram 1	1	5.158388179	5.159385912	2982.172	6099.898	4220.508	3186.914
132	Spectrogram 1	1	5.159385912	5.160383644	2982.172	6099.898	4220.508	3186.914
133	Spectrogram 1	1	5.160383644	5.161381377	2982.172	6099.898	4220.508	3186.914
134	Spectrogram 1	1	5.161381377	5.162379109	2982.172	6099.898	4220.508	3186.914
135	Spectrogram 1	1	5.162379109	5.163376842	2982.172	6099.898	4220.508	3186.914
136	Spectrogram 1	1	5.163376842	5.164374574	2982.172	6099.898	3359.180	3359.180
137	Spectrogram 1	1	5.164374574	5.165372306	2982.172	6099.898	3359.180	3359.180
138	Spectrogram 1	1	5.165372306	5.166370039	2982.172	6099.898	3359.180	3359.180
139	Spectrogram 1	1	5.166370039	5.167367771	2982.172	6099.898	3359.180	3359.180
140	Spectrogram 1	1	5.167367771	5.168365504	2982.172	6099.898	3359.180	3359.180
141	Spectrogram 1	1	5.168365504	5.169363236	2982.172	6099.898	3359.180	3359.180
142	Spectrogram 1	1	5.169363236	5.170360969	2982.172	6099.898	3359.180	3359.180
143	Spectrogram 1	1	5.170360969	5.171358701	2982.172	6099.898	3359.180	3359.180
144	Spectrogram 1	1	5.171358701	5.172356433	2982.172	6099.898	3359.180	3359.180
145	Spectrogram 1	1	5.172356433	5.173354166	2982.172	6099.898	3359.180	3359.180
146	Spectrogram 1	1	5.173354166	5.174351898	2982.172	6099.898	3359.180	3359.180
147	Spectrogram 1	1	5.174351898	5.175349631	2982.172	6099.898	3359.180	3359.180
148	Spectrogram 1	1	5.175349631	5.176347363	2982.172	6099.898	3273.047	3273.047
149	Spectrogram 1	1	5.176347363	5.177345096	2982.172	6099.898	3273.047	3273.047
150	Spectrogram 1	1	5.177345096	5.178342828	2982.172	6099.898	3273.047	3273.047
151	Spectrogram 1	1	5.178342828	5.179340560	2982.172	6099.898	3273.047	3273.047
152	Spectrogram 1	1	5.179340560	5.180338293	2982.172	6099.898	3273.047	3273.047
153	Spectrogram 1	1	5.180338293	5.181336025	2982.172	6099.898	3273.047	3273.047
154	Spectrogram 1	1	5.181336025	5.182333758	2982.172	6099.898	3273.047	3273.047
155	Spectrogram 1	1	5.182333758	5.183331490	2982.172	6099.898	3273.047	3273.047
156	Spectrogram 1	1	5.183331490	5.184329223	2982.172	6099.898	3273.047	3273.047
157	Spectrogram 1	1	5.184329223	5.185326955	2982.172	6099.898	3273.047	3273.047
158	Spectrogram 1	1	5.185326955	5.186324687	2982.172	6099.898	3273.047	3273.047
159	Spectrogram 1	1	5.186324687	5.187322420	2982.172	6099.898	3273.047	3273.047
160	Spectrogram 1	1	5.187322420	5.188320152	2982.172	6099.898	3273.047	3273.047
161	Spectrogram 1	1	5.188320152	5.189317885	2982.172	6099.898	3273.047	3273.047
162	Spectrogram 1	1	5.189317885	5.190315617	2982.172	6099.898	3273.047	3273.047
163	Spectrogram 1	1	5.190315617	5.191313349	2982.172	6099.898	3273.047	3273.047
164	Spectrogram 1	1	5.191313349	5.192311082	2982.172	6099.898	3273.047	3273.047
165	Spectrogram 1	1	5.192311082	5.193308814	2982.172	6099.898	3273.047	3273.047
166	Spectrogram 1	1	5.193308814	5.194306547	2982.172	6099.898	3273.047	3273.047
167	Spectrogram 1	1	5.194306547	5.195304279	2982.172	6099.898	3273.047	3273.047
168	Spectrogram 1	1	5.195304279	5.196302012	2982.172	6099.898	3273.047	3273.047
169	Spectrogram 1	1	5.196302012	5.197299744	2982.172	6099.898	3273.047	3273.047
170	Spectrogram 1	1	5.197299744	5.198297476	2982.172	6099.898	3273.047	3273.047
171	Spectrogram 1	1	5.198297476	5.199295209	2982.172	6099.898	3445.312	3445.312
172	Spectrogram 1	1	5.199295209	5.200292941	2982.172	6099.898	3445.312	3445.312
173	Spectrogram 1	1	5.200292941	5.201290674	2982.172	6099.898	3445.312	3445.312
174	Spectrogram 1	1	5.201290674	5.202288406	2982.172	6099.898	3445.312	3445.312
175	Spectrogram 1	1	5.202288406	5.203286139	2982.172	6099.898	3445.312	3445.312
176	Spectrogram 1	1	5.203286139	5.204283871	2982.172	6099.898	3445.312	3445.312
177	Spectrogram 1	1	5.204283871	5.205281603	2982.172	6099.898	3531.445	3445.312
178	Spectrogram 1	1	5.205281603	5.206279336	2982.172	6099.898	3531.445	3445.312
179	Spectrogram 1	1	5.206279336	5.207277068	2982.172	6099.898	3531.445	3445.312
180	Spectrogram 1	1	5.207277068	5.208274801	2982.172	6099.898	3531.445	3445.312
181	Spectrogram 1	1	5.208274801	5.209272533	2982.172	6099.898	3531.445	3445.312
182	Spectrogram 1	1	5.209272533	5.210270266	2982.172	6099.898	3531.445	3445.312
183	Spectrogram 1	1	5.210270266	5.211267998	2982.172	6099.898	3359.180	3359.180
184	Spectrogram 1	1	5.211267998	5.212265730	2982.172	6099.898	3359.180	3359.180
185	Spectrogram 1	1	5.212265730	5.213263463	2982.172	6099.898	3359.180	3359.180
186	Spectrogram 1	1	5.213263463	5.214261195	2982.172	6099.898	3359.180	3359.180
187	Spectrogram 1	1	5.214261195	5.215258928	2982.172	6099.898	3359.180	3359.180
188	Spectrogram 1	1	5.215258928	5.216256660	2982.172	6099.898	3359.180	3359.180
189	Spectrogram 1	1	5.216256660	5.217254393	2982.172	6099.898	3445.312	3445.312
190	Spectrogram 1	1	5.217254393	5.218252125	2982.172	6099.898	3445.312	3445.312
191	Spectrogram 1	1	5.218252125	5.219249857	2982.172	6099.898	3445.312	3445.312
192	Spectrogram 1	1	5.219249857	5.220247590	2982.172	6099.898	3445.312	3445.312
193	Spectrogram 1	1	5.220247590	5.221245322	2982.172	6099.898	3445.312	3445.312
194	Spectrogram 1	1	5.221245322	5.222243055	2982.172	6099.898	3703.711	3703.711
195	Spectrogram 1	1	5.222243055	5.223240787	2982.172	6099.898	3703.711	3703.711
196	Spectrogram 1	1	5.223240787	5.224238520	2982.172	6099.898	3703.711	3703.711
197	Spectrogram 1	1	5.224238520	5.225236252	2982.172	6099.898	3703.711	3703.711
198	Spectrogram 1	1	5.225236252	5.226233984	2982.172	6099.898	3703.711	3703.711
199	Spectrogram 1	1	5.226233984	5.227231717	2982.172	6099.898	3703.711	3703.711
200	Spectrogram 1	1	5.227231717	5.228229449	2982.172	6099.898	3962.109	3962.109
201	Spectrogram 1	1	5.228229449	5.229227182	2982.172	6099.898	3962.109	3962.109
202	Spectrogram 1	1	5.229227182	5.230224914	2982.172	6099.898	3962.109	3962.109
203	Spectrogram 1	1	5.230224914	5.231222647	2982.172	6099.898	3962.109	3962.109
204	Spectrogram 1	1	5.231222647	5.232220379	2982.172	6099.898	3962.109	3962.109
205	Spectrogram 1	1	5.232220379	5.233218111	2982.172	6099.898	3962.109	3962.109
206	Spectrogram 1	1	5.233218111	5.234215844	2982.172	6099.898	4220.508	4220.508
207	Spectrogram 1	1	5.234215844	5.235213576	2982.172	6099.898	4220.508	4220.508
208	Spectrogram 1	1	5.235213576	5.236211309	2982.172	6099.898	4220.508	4220.508
209	Spectrogram 1	1	5.236211309	5.237209041	2982.172	6099.898	4220.508	4220.508
210	Spectrogram 1	1	5.237209041	5.238206774	2982.172	6099.898	4220.508	4220.508
211	Spectrogram 1	1	5.238206774	5.239204506	2982.172	6099.898	4220.508	4220.508
212	Spectrogram 1	1	5.239204506	5.240202238	2982.172	6099.898	4478.906	4478.906
213	Spectrogram 1	1	5.240202238	5.241199971	2982.172	6099.898	4478.906	4478.906
214	Spectrogram 1	1	5.241199971	5.242197703	2982.172	6099.898	4478.906	4478.906
215	Spectrogram 1	1	5.242197703	5.243195436	2982.172	6099.898	4478.906	4478.906
216	Spectrogram 1	1	5.243195436	5.244193168	2982.172	6099.898	4478.906	4478.906
217	Spectrogram 1	1	5.244193168	5.245190901	2982.172	6099.898	4478.906	4478.906
218	Spectrogram 1	1	5.245190901	5.246188633	2982.172	6099.898	4651.172	4651.172
219	Spectrogram 1	1	5.246188633	5.247186365	2982.172	6099.898	4651.172	4651.172
220	Spectrogram 1	1	5.247186365	5.248184098	2982.172	6099.898	4651.172	4651.172
221	Spectrogram 1	1	5.248184098	5.249181830	2982.172	6099.898	4651.172	4651.172
222	Spectrogram 1	1	5.249181830	5.250179563	2982.172	6099.898	4651.172	4651.172
223	Spectrogram 1	1	5.250179563	5.251177295	2982.172	6099.898	4737.305	4737.305
224	Spectrogram 1	1	5.251177295	5.252175027	2982.172	6099.898	4737.305	4737.305
225	Spectrogram 1	1	5.252175027	5.253172760	2982.172	6099.898	4737.305	4737.305
226	Spectrogram 1	1	5.253172760	5.254170492	2982.172	6099.898	4737.305	4737.305
227	Spectrogram 1	1	5.254170492	5.255168225	2982.172	6099.898	4737.305	4737.305
228	Spectrogram 1	1	5.255168225	5.256165957	2982.172	6099.898	4737.305	4737.305
229	Spectrogram 1	1	5.256165957	5.257163690	2982.172	6099.898	4995.703	4995.703
230	Spectrogram 1	1	5.257163690	5.258161422	2982.172	6099.898	4995.703	4995.703
231	Spectrogram 1	1	5.258161422	5.259159154	2982.172	6099.898	4995.703	4995.703
232	Spectrogram 1	1	5.259159154	5.260156887	2982.172	6099.898	4995.703	4995.703
233	Spectrogram 1	1	5.260156887	5.261154619	2982.172	6099.898	4995.703	4995.703
234	Spectrogram 1	1	5.261154619	5.262152352	2982.172	6099.898	4995.703	4995.703
235	Spectrogram 1	1	5.262152352	5.263150084	2982.172	6099.898	5340.234	5081.836
236	Spectrogram 1	1	5.263150084	5.264147817	2982.172	6099.898	5340.234	5081.836
237	Spectrogram 1	1	5.264147817	5.265145549	2982.172	6099.898	5340.234	5081.836
238	Spectrogram 1	1	5.265145549	5.266143281	2982.172	6099.898	5340.234	5081.836
239	Spectrogram 1	1	5.266143281	5.267141014	2982.172	6099.898	5340.234	5081.836
240	Spectrogram 1	1	5.267141014	5.268138746	2982.172	6099.898	5340.234	5081.836
241	Spectrogram 1	1	5.268138746	5.269136479	2982.172	6099.898	5684.766	5684.766
242	Spectrogram 1	1	5.269136479	5.270134211	2982.172	6099.898	5684.766	5684.766
243	Spectrogram 1	1	5.270134211	5.271131944	2982.172	6099.898	5684.766	5684.766
244	Spectrogram 1	1	5.271131944	5.272129676	2982.172	6099.898	5684.766	5684.766
245	Spectrogram 1	1	5.272129676	5.273127408	2982.172	6099.898	5684.766	5684.766
246	Spectrogram 1	1	5.273127408	5.274125141	2982.172	6099.898	5684.766	5684.766
247	Spectrogram 1	1	5.274125141	5.275122873	2982.172	6099.898	5512.500	5684.766
248	Spectrogram 1	1	5.275122873	5.276120606	2982.172	6099.898	5512.500	5684.766
249	Spectrogram 1	1	5.276120606	5.277118338	2982.172	6099.898	5512.500	5684.766
250	Spectrogram 1	1	5.277118338	5.278116071	2982.172	6099.898	5512.500	5684.766
251	Spectrogram 1	1	5.278116071	5.279113803	2982.172	6099.898	5512.500	5684.766
252	Spectrogram 1	1	5.279113803	5.280111535	2982.172	6099.898	5512.500	5684.766
253	Spectrogram 1	1	5.280111535	5.281109268	2982.172	6099.898	4651.172	5770.898
254	Spectrogram 1	1	5.281109268	5.282107000	2982.172	6099.898	4651.172	5770.898
255	Spectrogram 1	1	5.282107000	5.283104733	2982.172	6099.898	4651.172	5770.898
256	Spectrogram 1	1	5.283104733	5.284102465	2982.172	6099.898	4651.172	5770.898
257	Spectrogram 1	1	5.284102465	5.285100198	2982.172	6099.898	4651.172	5770.898
258	Spectrogram 1	1	5.285100198	5.286097930	2982.172	6099.898	4823.438	4134.375
259	Spectrogram 1	1	5.286097930	5.287095662	2982.172	6099.898	4823.438	4134.375
260	Spectrogram 1	1	5.287095662	5.288093395	2982.172	6099.898	4823.438	4134.375
261	Spectrogram 1	1	5.288093395	5.289091127	2982.172	6099.898	4823.438	4134.375
262	Spectrogram 1	1	5.289091127	5.290088860	2982.172	6099.898	4823.438	4134.375
263	Spectrogram 1	1	5.290088860	5.291086592	2982.172	6099.898	4823.438	4134.375
264	Spectrogram 1	1	5.291086592	5.292084325	2982.172	6099.898	4134.375	3962.109
265	Spectrogram 1	1	5.292084325	5.293082057	2982.172	6099.898	4134.375	3962.109
266	Spectrogram 1	1	5.293082057	5.294079789	2982.172	6099.898	4134.375	3962.109
267	Spectrogram 1	1	5.294079789	5.295077522	2982.172	6099.898	4134.375	3962.109
268	Spectrogram 1	1	5.295077522	5.296075254	2982.172	6099.898	4134.375	3962.109
269	Spectrogram 1	1	5.296075254	5.297072987	2982.172	6099.898	4134.375	3962.109
270	Spectrogram 1	1	5.297072987	5.298070719	2982.172	6099.898	4995.703	5254.102
271	Spectrogram 1	1	5.298070719	5.299068452	2982.172	6099.898	4995.703	5254.102
272	Spectrogram 1	1	5.299068452	5.300066184	2982.172	6099.898	4995.703	5254.102
273	Spectrogram 1	1	5.300066184	5.301063916	2982.172	6099.898	4995.703	5254.102
274	Spectrogram 1	1	5.301063916	5.302061649	2982.172	6099.898	4995.703	5254.102
275	Spectrogram 1	1	5.302061649	5.303059381	2982.172	6099.898	4995.703	5254.102
276	Spectrogram 1	1	5.303059381	5.304057114	2982.172	6099.898	4995.703	5770.898
277	Spectrogram 1	1	5.304057114	5.305054846	2982.172	6099.898	4995.703	5770.898
278	Spectrogram 1	1	5.305054846	5.305373879	2982.172	6099.898	4995.703	5770.898
