Selection	View	Channel	Begin Time (s)	End Time (s)	Low Freq (Hz)	High Freq (Hz)	Center Freq (Hz)	Peak Freq (Hz)
1	Spectrogram 1	2	18.225896267	18.226896267	2795.700	6107.500	3937.500	5250.000
2	Spectrogram 1	2	18.226896267	18.227896267	2795.700	6107.500	4687.500	4781.250
3	Spectrogram 1	2	18.227896267	18.228896267	2795.700	6107.500	4687.500	4781.250
4	Spectrogram 1	2	18.228896267	18.229896267	2795.700	6107.500	4687.500	4781.250
5	Spectrogram 1	2	18.229896267	18.230896267	2795.700	6107.500	4687.500	4781.250
6	Spectrogram 1	2	18.230896267	18.231896267	2795.700	6107.500	4687.500	4781.250
7	Spectrogram 1	2	18.231896267	18.232896267	2795.700	6107.500	5625.000	5625.000
8	Spectrogram 1	2	18.232896267	18.233896267	2795.700	6107.500	5625.000	5625.000
9	Spectrogram 1	2	18.233896267	18.234896267	2795.700	6107.500	5625.000	5625.000
10	Spectrogram 1	2	18.234896267	18.235896267	2795.700	6107.500	5625.000	5625.000
11	Spectrogram 1	2	18.235896267	18.236896267	2795.700	6107.500	5625.000	5625.000
12	Spectrogram 1	2	18.236896267	18.237896267	2795.700	6107.500	5625.000	5906.250
13	Spectrogram 1	2	18.237896267	18.238896267	2795.700	6107.500	5625.000	5906.250
14	Spectrogram 1	2	18.238896267	18.239896267	2795.700	6107.500	5625.000	5906.250
15	Spectrogram 1	2	18.239896267	18.240896267	2795.700	6107.500	5625.000	5906.250
16	Spectrogram 1	2	18.240896267	18.241896267	2795.700	6107.500	5625.000	5906.250
17	Spectrogram 1	2	18.241896267	18.242896267	2795.700	6107.500	5625.000	5906.250
18	Spectrogram 1	2	18.242896267	18.243896267	2795.700	6107.500	4781.250	4781.250
19	Spectrogram 1	2	18.243896267	18.244896267	2795.700	6107.500	4781.250	4781.250
20	Spectrogram 1	2	18.244896267	18.245896267	2795.700	6107.500	4781.250	4781.250
21	Spectrogram 1	2	18.245896267	18.246896267	2795.700	6107.500	4781.250	4781.250
22	Spectrogram 1	2	18.246896267	18.247896267	2795.700	6107.500	4781.250	4781.250
23	Spectrogram 1	2	18.247896267	18.248896267	2795.700	6107.500	4406.250	4312.500
24	Spectrogram 1	2	18.248896267	18.249896267	2795.700	6107.500	4406.250	4312.500
25	Spectrogram 1	2	18.249896267	18.250896267	2795.700	6107.500	4406.250	4312.500
26	Spectrogram 1	2	18.250896267	18.251896267	2795.700	6107.500	4406.250	4312.500
27	Spectrogram 1	2	18.251896267	18.252896267	2795.700	6107.500	4406.250	4312.500
28	Spectrogram 1	2	18.252896267	18.253896267	2795.700	6107.500	4500.000	4500.000
29	Spectrogram 1	2	18.253896267	18.254896267	2795.700	6107.500	4500.000	4500.000
30	Spectrogram 1	2	18.254896267	18.255896267	2795.700	6107.500	4500.000	4500.000
31	Spectrogram 1	2	18.255896267	18.256896267	2795.700	6107.500	4500.000	4500.000
32	Spectrogram 1	2	18.256896267	18.257896267	2795.700	6107.500	4500.000	4500.000
33	Spectrogram 1	2	18.257896267	18.258896267	2795.700	6107.500	4500.000	4500.000
34	Spectrogram 1	2	18.258896267	18.259896267	2795.700	6107.500	4687.500	4687.500
35	Spectrogram 1	2	18.259896267	18.260896267	2795.700	6107.500	4687.500	4687.500
36	Spectrogram 1	2	18.260896267	18.261896267	2795.700	6107.500	4687.500	4687.500
37	Spectrogram 1	2	18.261896267	18.262896267	2795.700	6107.500	4687.500	4687.500
38	Spectrogram 1	2	18.262896267	18.263896267	2795.700	6107.500	4687.500	4687.500
39	Spectrogram 1	2	18.263896267	18.264896267	2795.700	6107.500	4875.000	4875.000
40	Spectrogram 1	2	18.264896267	18.265896267	2795.700	6107.500	4875.000	4875.000
41	Spectrogram 1	2	18.265896267	18.266896267	2795.700	6107.500	4875.000	4875.000
42	Spectrogram 1	2	18.266896267	18.267896267	2795.700	6107.500	4875.000	4875.000
43	Spectrogram 1	2	18.267896267	18.268896267	2795.700	6107.500	4875.000	4875.000
44	Spectrogram 1	2	18.268896267	18.269896267	2795.700	6107.500	4781.250	4781.250
45	Spectrogram 1	2	18.269896267	18.270896267	2795.700	6107.500	4781.250	4781.250
46	Spectrogram 1	2	18.270896267	18.271896267	2795.700	6107.500	4781.250	4781.250
47	Spectrogram 1	2	18.271896267	18.272896267	2795.700	6107.500	4781.250	4781.250
48	Spectrogram 1	2	18.272896267	18.273896267	2795.700	6107.500	4781.250	4781.250
49	Spectrogram 1	2	18.273896267	18.274896267	2795.700	6107.500	4781.250	4781.250
50	Spectrogram 1	2	18.274896267	18.275896267	2795.700	6107.500	4687.500	4687.500
51	Spectrogram 1	2	18.275896267	18.276896267	2795.700	6107.500	4687.500	4687.500
52	Spectrogram 1	2	18.276896267	18.277896267	2795.700	6107.500	4687.500	4687.500
53	Spectrogram 1	2	18.277896267	18.278896267	2795.700	6107.500	4687.500	4687.500
54	Spectrogram 1	2	18.278896267	18.279896267	2795.700	6107.500	4687.500	4687.500
55	Spectrogram 1	2	18.279896267	18.280896267	2795.700	6107.500	4500.000	4500.000
56	Spectrogram 1	2	18.280896267	18.281896267	2795.700	6107.500	4500.000	4500.000
57	Spectrogram 1	2	18.281896267	18.282896267	2795.700	6107.500	4500.000	4500.000
58	Spectrogram 1	2	18.282896267	18.283896267	2795.700	6107.500	4500.000	4500.000
59	Spectrogram 1	2	18.283896267	18.284896267	2795.700	6107.500	4500.000	4500.000
60	Spectrogram 1	2	18.284896267	18.285896267	2795.700	6107.500	4312.500	4312.500
61	Spectrogram 1	2	18.285896267	18.286896267	2795.700	6107.500	4312.500	4312.500
62	Spectrogram 1	2	18.286896267	18.287896267	2795.700	6107.500	4312.500	4312.500
63	Spectrogram 1	2	18.287896267	18.288896267	2795.700	6107.500	4312.500	4312.500
64	Spectrogram 1	2	18.288896267	18.289896267	2795.700	6107.500	4312.500	4312.500
65	Spectrogram 1	2	18.289896267	18.290896267	2795.700	6107.500	4312.500	4312.500
66	Spectrogram 1	2	18.290896267	18.291896267	2795.700	6107.500	4218.750	4218.750
67	Spectrogram 1	2	18.291896267	18.292896267	2795.700	6107.500	4218.750	4218.750
68	Spectrogram 1	2	18.292896267	18.293896267	2795.700	6107.500	4218.750	4218.750
69	Spectrogram 1	2	18.293896267	18.294896267	2795.700	6107.500	4218.750	4218.750
70	Spectrogram 1	2	18.294896267	18.295896267	2795.700	6107.500	4218.750	4218.750
71	Spectrogram 1	2	18.295896267	18.296896267	2795.700	6107.500	4218.750	4218.750
72	Spectrogram 1	2	18.296896267	18.297896267	2795.700	6107.500	4218.750	4218.750
73	Spectrogram 1	2	18.297896267	18.298896267	2795.700	6107.500	4218.750	4218.750
74	Spectrogram 1	2	18.298896267	18.299896267	2795.700	6107.500	4218.750	4218.750
75	Spectrogram 1	2	18.299896267	18.300896267	2795.700	6107.500	4218.750	4218.750
76	Spectrogram 1	2	18.300896267	18.301896267	2795.700	6107.500	4218.750	4218.750
77	Spectrogram 1	2	18.301896267	18.302896267	2795.700	6107.500	4218.750	4218.750
78	Spectrogram 1	2	18.302896267	18.303896267	2795.700	6107.500	4218.750	4218.750
79	Spectrogram 1	2	18.303896267	18.304896267	2795.700	6107.500	4218.750	4218.750
80	Spectrogram 1	2	18.304896267	18.305896267	2795.700	6107.500	4218.750	4218.750
81	Spectrogram 1	2	18.305896267	18.306896267	2795.700	6107.500	4218.750	4218.750
82	Spectrogram 1	2	18.306896267	18.307896267	2795.700	6107.500	4125.000	4125.000
83	Spectrogram 1	2	18.307896267	18.308896267	2795.700	6107.500	4125.000	4125.000
84	Spectrogram 1	2	18.308896267	18.309896267	2795.700	6107.500	4125.000	4125.000
85	Spectrogram 1	2	18.309896267	18.310896267	2795.700	6107.500	4125.000	4125.000
86	Spectrogram 1	2	18.310896267	18.311896267	2795.700	6107.500	4125.000	4125.000
87	Spectrogram 1	2	18.311896267	18.312896267	2795.700	6107.500	4218.750	4125.000
88	Spectrogram 1	2	18.312896267	18.313896267	2795.700	6107.500	4218.750	4125.000
89	Spectrogram 1	2	18.313896267	18.314896267	2795.700	6107.500	4218.750	4125.000
90	Spectrogram 1	2	18.314896267	18.315896267	2795.700	6107.500	4218.750	4125.000
91	Spectrogram 1	2	18.315896267	18.316896267	2795.700	6107.500	4218.750	4125.000
92	Spectrogram 1	2	18.316896267	18.317896267	2795.700	6107.500	4218.750	4125.000
93	Spectrogram 1	2	18.317896267	18.318896267	2795.700	6107.500	4218.750	4125.000
94	Spectrogram 1	2	18.318896267	18.319896267	2795.700	6107.500	4218.750	4125.000
95	Spectrogram 1	2	18.319896267	18.320896267	2795.700	6107.500	4218.750	4125.000
96	Spectrogram 1	2	18.320896267	18.321896267	2795.700	6107.500	4218.750	4125.000
97	Spectrogram 1	2	18.321896267	18.322896267	2795.700	6107.500	4218.750	4125.000
98	Spectrogram 1	2	18.322896267	18.323896267	2795.700	6107.500	4687.500	4687.500
99	Spectrogram 1	2	18.323896267	18.324896267	2795.700	6107.500	4687.500	4687.500
100	Spectrogram 1	2	18.324896267	18.325896267	2795.700	6107.500	4687.500	4687.500
101	Spectrogram 1	2	18.325896267	18.326896267	2795.700	6107.500	4687.500	4687.500
102	Spectrogram 1	2	18.326896267	18.327896267	2795.700	6107.500	4687.500	4687.500
103	Spectrogram 1	2	18.327896267	18.328896267	2795.700	6107.500	4875.000	4781.250
104	Spectrogram 1	2	18.328896267	18.329896267	2795.700	6107.500	4875.000	4781.250
105	Spectrogram 1	2	18.329896267	18.330896267	2795.700	6107.500	4875.000	4781.250
106	Spectrogram 1	2	18.330896267	18.331896267	2795.700	6107.500	4875.000	4781.250
107	Spectrogram 1	2	18.331896267	18.332896267	2795.700	6107.500	4875.000	4781.250
108	Spectrogram 1	2	18.332896267	18.333896267	2795.700	6107.500	4781.250	4781.250
109	Spectrogram 1	2	18.333896267	18.334896267	2795.700	6107.500	4781.250	4781.250
110	Spectrogram 1	2	18.334896267	18.335896267	2795.700	6107.500	4781.250	4781.250
111	Spectrogram 1	2	18.335896267	18.336896267	2795.700	6107.500	4781.250	4781.250
112	Spectrogram 1	2	18.336896267	18.337896267	2795.700	6107.500	4781.250	4781.250
113	Spectrogram 1	2	18.337896267	18.338896267	2795.700	6107.500	4781.250	4781.250
114	Spectrogram 1	2	18.338896267	18.339896267	2795.700	6107.500	4687.500	4687.500
115	Spectrogram 1	2	18.339896267	18.340896267	2795.700	6107.500	4687.500	4687.500
116	Spectrogram 1	2	18.340896267	18.341896267	2795.700	6107.500	4687.500	4687.500
117	Spectrogram 1	2	18.341896267	18.342896267	2795.700	6107.500	4687.500	4687.500
118	Spectrogram 1	2	18.342896267	18.343896267	2795.700	6107.500	4687.500	4687.500
119	Spectrogram 1	2	18.343896267	18.344896267	2795.700	6107.500	4687.500	4687.500
120	Spectrogram 1	2	18.344896267	18.345896267	2795.700	6107.500	4687.500	4687.500
121	Spectrogram 1	2	18.345896267	18.346896267	2795.700	6107.500	4687.500	4687.500
122	Spectrogram 1	2	18.346896267	18.347896267	2795.700	6107.500	4687.500	4687.500
123	Spectrogram 1	2	18.347896267	18.348896267	2795.700	6107.500	4687.500	4687.500
124	Spectrogram 1	2	18.348896267	18.349896267	2795.700	6107.500	4687.500	3187.500
125	Spectrogram 1	2	18.349896267	18.350896267	2795.700	6107.500	4687.500	3187.500
126	Spectrogram 1	2	18.350896267	18.351896267	2795.700	6107.500	4687.500	3187.500
127	Spectrogram 1	2	18.351896267	18.352896267	2795.700	6107.500	4687.500	3187.500
128	Spectrogram 1	2	18.352896267	18.353896267	2795.700	6107.500	4687.500	3187.500
129	Spectrogram 1	2	18.353896267	18.354896267	2795.700	6107.500	4687.500	3187.500
130	Spectrogram 1	2	18.354896267	18.355896267	2795.700	6107.500	3281.250	3281.250
131	Spectrogram 1	2	18.355896267	18.356896267	2795.700	6107.500	3281.250	3281.250
132	Spectrogram 1	2	18.356896267	18.357896267	2795.700	6107.500	3281.250	3281.250
133	Spectrogram 1	2	18.357896267	18.358896267	2795.700	6107.500	3281.250	3281.250
134	Spectrogram 1	2	18.358896267	18.359896267	2795.700	6107.500	3281.250	3281.250
135	Spectrogram 1	2	18.359896267	18.360896267	2795.700	6107.500	3375.000	3375.000
136	Spectrogram 1	2	18.360896267	18.361896267	2795.700	6107.500	3375.000	3375.000
137	Spectrogram 1	2	18.361896267	18.362896267	2795.700	6107.500	3375.000	3375.000
138	Spectrogram 1	2	18.362896267	18.363896267	2795.700	6107.500	3375.000	3375.000
139	Spectrogram 1	2	18.363896267	18.364896267	2795.700	6107.500	3375.000	3375.000
140	Spectrogram 1	2	18.364896267	18.365896267	2795.700	6107.500	3375.000	3281.250
141	Spectrogram 1	2	18.365896267	18.366896267	2795.700	6107.500	3375.000	3281.250
142	Spectrogram 1	2	18.366896267	18.367896267	2795.700	6107.500	3375.000	3281.250
143	Spectrogram 1	2	18.367896267	18.368896267	2795.700	6107.500	3375.000	3281.250
144	Spectrogram 1	2	18.368896267	18.369896267	2795.700	6107.500	3375.000	3281.250
145	Spectrogram 1	2	18.369896267	18.370896267	2795.700	6107.500	3375.000	3281.250
146	Spectrogram 1	2	18.370896267	18.371896267	2795.700	6107.500	3281.250	3281.250
147	Spectrogram 1	2	18.371896267	18.372896267	2795.700	6107.500	3281.250	3281.250
148	Spectrogram 1	2	18.372896267	18.373896267	2795.700	6107.500	3281.250	3281.250
149	Spectrogram 1	2	18.373896267	18.374896267	2795.700	6107.500	3281.250	3281.250
150	Spectrogram 1	2	18.374896267	18.375896267	2795.700	6107.500	3281.250	3281.250
151	Spectrogram 1	2	18.375896267	18.376896267	2795.700	6107.500	3281.250	3187.500
152	Spectrogram 1	2	18.376896267	18.377896267	2795.700	6107.500	3281.250	3187.500
153	Spectrogram 1	2	18.377896267	18.378896267	2795.700	6107.500	3281.250	3187.500
154	Spectrogram 1	2	18.378896267	18.379896267	2795.700	6107.500	3281.250	3187.500
155	Spectrogram 1	2	18.379896267	18.380896267	2795.700	6107.500	3281.250	3187.500
156	Spectrogram 1	2	18.380896267	18.381896267	2795.700	6107.500	4125.000	3187.500
157	Spectrogram 1	2	18.381896267	18.382896267	2795.700	6107.500	4125.000	3187.500
158	Spectrogram 1	2	18.382896267	18.383896267	2795.700	6107.500	4125.000	3187.500
159	Spectrogram 1	2	18.383896267	18.384896267	2795.700	6107.500	4125.000	3187.500
160	Spectrogram 1	2	18.384896267	18.385896267	2795.700	6107.500	4125.000	3187.500
161	Spectrogram 1	2	18.385896267	18.386896267	2795.700	6107.500	4125.000	3187.500
162	Spectrogram 1	2	18.386896267	18.387896267	2795.700	6107.500	3281.250	3281.250
163	Spectrogram 1	2	18.387896267	18.388896267	2795.700	6107.500	3281.250	3281.250
164	Spectrogram 1	2	18.388896267	18.389896267	2795.700	6107.500	3281.250	3281.250
165	Spectrogram 1	2	18.389896267	18.390896267	2795.700	6107.500	3281.250	3281.250
166	Spectrogram 1	2	18.390896267	18.391896267	2795.700	6107.500	3281.250	3281.250
167	Spectrogram 1	2	18.391896267	18.392896267	2795.700	6107.500	3375.000	3281.250
168	Spectrogram 1	2	18.392896267	18.393896267	2795.700	6107.500	3375.000	3281.250
169	Spectrogram 1	2	18.393896267	18.394896267	2795.700	6107.500	3375.000	3281.250
170	Spectrogram 1	2	18.394896267	18.395896267	2795.700	6107.500	3375.000	3281.250
171	Spectrogram 1	2	18.395896267	18.396896267	2795.700	6107.500	3375.000	3281.250
172	Spectrogram 1	2	18.396896267	18.397896267	2795.700	6107.500	3656.250	3656.250
173	Spectrogram 1	2	18.397896267	18.398896267	2795.700	6107.500	3656.250	3656.250
174	Spectrogram 1	2	18.398896267	18.399896267	2795.700	6107.500	3656.250	3656.250
175	Spectrogram 1	2	18.399896267	18.400896267	2795.700	6107.500	3656.250	3656.250
176	Spectrogram 1	2	18.400896267	18.401896267	2795.700	6107.500	3656.250	3656.250
177	Spectrogram 1	2	18.401896267	18.402896267	2795.700	6107.500	3656.250	3656.250
178	Spectrogram 1	2	18.402896267	18.403896267	2795.700	6107.500	4031.250	4031.250
179	Spectrogram 1	2	18.403896267	18.404896267	2795.700	6107.500	4031.250	4031.250
180	Spectrogram 1	2	18.404896267	18.405896267	2795.700	6107.500	4031.250	4031.250
181	Spectrogram 1	2	18.405896267	18.406896267	2795.700	6107.500	4031.250	4031.250
182	Spectrogram 1	2	18.406896267	18.407896267	2795.700	6107.500	4031.250	4031.250
183	Spectrogram 1	2	18.407896267	18.408896267	2795.700	6107.500	4218.750	4218.750
184	Spectrogram 1	2	18.408896267	18.409896267	2795.700	6107.500	4218.750	4218.750
185	Spectrogram 1	2	18.409896267	18.410896267	2795.700	6107.500	4218.750	4218.750
186	Spectrogram 1	2	18.410896267	18.411896267	2795.700	6107.500	4218.750	4218.750
187	Spectrogram 1	2	18.411896267	18.412896267	2795.700	6107.500	4218.750	4218.750
188	Spectrogram 1	2	18.412896267	18.413896267	2795.700	6107.500	4406.250	4406.250
189	Spectrogram 1	2	18.413896267	18.414896267	2795.700	6107.500	4406.250	4406.250
190	Spectrogram 1	2	18.414896267	18.415896267	2795.700	6107.500	4406.250	4406.250
191	Spectrogram 1	2	18.415896267	18.416896267	2795.700	6107.500	4406.250	4406.250
192	Spectrogram 1	2	18.416896267	18.417896267	2795.700	6107.500	4406.250	4406.250
193	Spectrogram 1	2	18.417896267	18.418896267	2795.700	6107.500	4406.250	4406.250
194	Spectrogram 1	2	18.418896267	18.419896267	2795.700	6107.500	4500.000	4500.000
195	Spectrogram 1	2	18.419896267	18.420896267	2795.700	6107.500	4500.000	4500.000
196	Spectrogram 1	2	18.420896267	18.421896267	2795.700	6107.500	4500.000	4500.000
197	Spectrogram 1	2	18.421896267	18.422896267	2795.700	6107.500	4500.000	4500.000
198	Spectrogram 1	2	18.422896267	18.423896267	2795.700	6107.500	4500.000	4500.000
199	Spectrogram 1	2	18.423896267	18.424896267	2795.700	6107.500	4781.250	4781.250
200	Spectrogram 1	2	18.424896267	18.425896267	2795.700	6107.500	4781.250	4781.250
201	Spectrogram 1	2	18.425896267	18.426896267	2795.700	6107.500	4781.250	4781.250
202	Spectrogram 1	2	18.426896267	18.427896267	2795.700	6107.500	4781.250	4781.250
203	Spectrogram 1	2	18.427896267	18.428896267	2795.700	6107.500	4781.250	4781.250
204	Spectrogram 1	2	18.428896267	18.429896267	2795.700	6107.500	4968.750	4968.750
205	Spectrogram 1	2	18.429896267	18.430896267	2795.700	6107.500	4968.750	4968.750
206	Spectrogram 1	2	18.430896267	18.431896267	2795.700	6107.500	4968.750	4968.750
207	Spectrogram 1	2	18.431896267	18.432896267	2795.700	6107.500	4968.750	4968.750
208	Spectrogram 1	2	18.432896267	18.433896267	2795.700	6107.500	4968.750	4968.750
209	Spectrogram 1	2	18.433896267	18.434896267	2795.700	6107.500	4968.750	4968.750
210	Spectrogram 1	2	18.434896267	18.435896267	2795.700	6107.500	5250.000	5250.000
211	Spectrogram 1	2	18.435896267	18.436896267	2795.700	6107.500	5250.000	5250.000
212	Spectrogram 1	2	18.436896267	18.437896267	2795.700	6107.500	5250.000	5250.000
213	Spectrogram 1	2	18.437896267	18.438896267	2795.700	6107.500	5250.000	5250.000
214	Spectrogram 1	2	18.438896267	18.439896267	2795.700	6107.500	5250.000	5250.000
215	Spectrogram 1	2	18.439896267	18.440896267	2795.700	6107.500	5531.250	5625.000
216	Spectrogram 1	2	18.440896267	18.441896267	2795.700	6107.500	5531.250	5625.000
217	Spectrogram 1	2	18.441896267	18.442896267	2795.700	6107.500	5531.250	5625.000
218	Spectrogram 1	2	18.442896267	18.443896267	2795.700	6107.500	5531.250	5625.000
219	Spectrogram 1	2	18.443896267	18.444896267	2795.700	6107.500	5531.250	5625.000
220	Spectrogram 1	2	18.444896267	18.445896267	2795.700	6107.500	5812.500	5812.500
221	Spectrogram 1	2	18.445896267	18.446896267	2795.700	6107.500	5812.500	5812.500
222	Spectrogram 1	2	18.446896267	18.447896267	2795.700	6107.500	5812.500	5812.500
223	Spectrogram 1	2	18.447896267	18.448896267	2795.700	6107.500	5812.500	5812.500
224	Spectrogram 1	2	18.448896267	18.449896267	2795.700	6107.500	5812.500	5812.500
225	Spectrogram 1	2	18.449896267	18.450896267	2795.700	6107.500	5812.500	5812.500
226	Spectrogram 1	2	18.450896267	18.451896267	2795.700	6107.500	5812.500	5812.500
227	Spectrogram 1	2	18.451896267	18.452896267	2795.700	6107.500	5812.500	5812.500
228	Spectrogram 1	2	18.452896267	18.453896267	2795.700	6107.500	5812.500	5812.500
229	Spectrogram 1	2	18.453896267	18.454896267	2795.700	6107.500	5812.500	5812.500
230	Spectrogram 1	2	18.454896267	18.455896267	2795.700	6107.500	5812.500	5812.500
231	Spectrogram 1	2	18.455896267	18.456896267	2795.700	6107.500	5156.250	5343.750
232	Spectrogram 1	2	18.456896267	18.457896267	2795.700	6107.500	5156.250	5343.750
233	Spectrogram 1	2	18.457896267	18.458896267	2795.700	6107.500	5156.250	5343.750
234	Spectrogram 1	2	18.458896267	18.459896267	2795.700	6107.500	5156.250	5343.750
235	Spectrogram 1	2	18.459896267	18.460896267	2795.700	6107.500	5156.250	5343.750
236	Spectrogram 1	2	18.460896267	18.461896267	2795.700	6107.500	4406.250	4312.500
237	Spectrogram 1	2	18.461896267	18.462896267	2795.700	6107.500	4406.250	4312.500
238	Spectrogram 1	2	18.462896267	18.463896267	2795.700	6107.500	4406.250	4312.500
239	Spectrogram 1	2	18.463896267	18.464896267	2795.700	6107.500	4406.250	4312.500
240	Spectrogram 1	2	18.464896267	18.465896267	2795.700	6107.500	4406.250	4312.500
241	Spectrogram 1	2	18.465896267	18.466896267	2795.700	6107.500	4406.250	4312.500
242	Spectrogram 1	2	18.466896267	18.467896267	2795.700	6107.500	4031.250	4031.250
243	Spectrogram 1	2	18.467896267	18.468896267	2795.700	6107.500	4031.250	4031.250
244	Spectrogram 1	2	18.468896267	18.469896267	2795.700	6107.500	4031.250	4031.250
245	Spectrogram 1	2	18.469896267	18.470896267	2795.700	6107.500	4031.250	4031.250
246	Spectrogram 1	2	18.470896267	18.471896267	2795.700	6107.500	4031.250	4031.250
247	Spectrogram 1	2	18.471896267	18.472896267	2795.700	6107.500	4968.750	5906.250
248	Spectrogram 1	2	18.472896267	18.473896267	2795.700	6107.500	4968.750	5906.250
249	Spectrogram 1	2	18.473896267	18.474896267	2795.700	6107.500	4968.750	5906.250
250	Spectrogram 1	2	18.474896267	18.475896267	2795.700	6107.500	4968.750	5906.250
251	Spectrogram 1	2	18.475896267	18.476896267	2795.700	6107.500	4968.750	5906.250
252	Spectrogram 1	2	18.476896267	18.476977981	2795.700	6107.500	4968.750	5906.250
