Selection	View	Channel	Begin Time (s)	End Time (s)	Low Freq (Hz)	High Freq (Hz)	Center Freq (Hz)	Peak Freq (Hz)
1	Spectrogram 1	1	1.774112755	1.775112755	2973.913	6182.927	4875.000	5250.000
2	Spectrogram 1	1	1.775112755	1.776112755	2973.913	6182.927	5250.000	5250.000
3	Spectrogram 1	1	1.776112755	1.777112755	2973.913	6182.927	5250.000	5250.000
4	Spectrogram 1	1	1.777112755	1.778112755	2973.913	6182.927	4875.000	5250.000
5	Spectrogram 1	1	1.778112755	1.779112755	2973.913	6182.927	4125.000	4125.000
6	Spectrogram 1	1	1.779112755	1.780112755	2973.913	6182.927	4875.000	4125.000
7	Spectrogram 1	1	1.780112755	1.781112755	2973.913	6182.927	4875.000	4125.000
8	Spectrogram 1	1	1.781112755	1.782112755	2973.913	6182.927	4125.000	4125.000
9	Spectrogram 1	1	1.782112755	1.783112755	2973.913	6182.927	4500.000	4500.000
10	Spectrogram 1	1	1.783112755	1.784112755	2973.913	6182.927	4875.000	4875.000
11	Spectrogram 1	1	1.784112755	1.785112755	2973.913	6182.927	4875.000	4875.000
12	Spectrogram 1	1	1.785112755	1.786112755	2973.913	6182.927	5250.000	5250.000
13	Spectrogram 1	1	1.786112755	1.787112755	2973.913	6182.927	5250.000	5250.000
14	Spectrogram 1	1	1.787112755	1.788112755	2973.913	6182.927	5250.000	5250.000
15	Spectrogram 1	1	1.788112755	1.789112755	2973.913	6182.927	5250.000	5250.000
16	Spectrogram 1	1	1.789112755	1.790112755	2973.913	6182.927	5625.000	5625.000
17	Spectrogram 1	1	1.790112755	1.791112755	2973.913	6182.927	5625.000	5625.000
18	Spectrogram 1	1	1.791112755	1.792112755	2973.913	6182.927	5625.000	5625.000
19	Spectrogram 1	1	1.792112755	1.793112755	2973.913	6182.927	5625.000	5625.000
20	Spectrogram 1	1	1.793112755	1.794112755	2973.913	6182.927	5625.000	5625.000
21	Spectrogram 1	1	1.794112755	1.795112755	2973.913	6182.927	5625.000	5625.000
22	Spectrogram 1	1	1.795112755	1.796112755	2973.913	6182.927	5625.000	5625.000
23	Spectrogram 1	1	1.796112755	1.797112755	2973.913	6182.927	5625.000	5625.000
24	Spectrogram 1	1	1.797112755	1.798112755	2973.913	6182.927	5625.000	5625.000
25	Spectrogram 1	1	1.798112755	1.799112755	2973.913	6182.927	5625.000	5625.000
26	Spectrogram 1	1	1.799112755	1.800112755	2973.913	6182.927	5625.000	5625.000
27	Spectrogram 1	1	1.800112755	1.801112755	2973.913	6182.927	5625.000	5625.000
28	Spectrogram 1	1	1.801112755	1.802112755	2973.913	6182.927	5625.000	5625.000
29	Spectrogram 1	1	1.802112755	1.803112755	2973.913	6182.927	5625.000	5625.000
30	Spectrogram 1	1	1.803112755	1.804112755	2973.913	6182.927	5625.000	5625.000
31	Spectrogram 1	1	1.804112755	1.805112755	2973.913	6182.927	5625.000	5625.000
32	Spectrogram 1	1	1.805112755	1.806112755	2973.913	6182.927	5625.000	5625.000
33	Spectrogram 1	1	1.806112755	1.807112755	2973.913	6182.927	5625.000	5625.000
34	Spectrogram 1	1	1.807112755	1.808112755	2973.913	6182.927	5625.000	5625.000
35	Spectrogram 1	1	1.808112755	1.809112755	2973.913	6182.927	5625.000	5625.000
36	Spectrogram 1	1	1.809112755	1.810112755	2973.913	6182.927	5250.000	5250.000
37	Spectrogram 1	1	1.810112755	1.811112755	2973.913	6182.927	5250.000	5250.000
38	Spectrogram 1	1	1.811112755	1.812112755	2973.913	6182.927	5250.000	5250.000
39	Spectrogram 1	1	1.812112755	1.813112755	2973.913	6182.927	5250.000	5250.000
40	Spectrogram 1	1	1.813112755	1.814112755	2973.913	6182.927	5250.000	5625.000
41	Spectrogram 1	1	1.814112755	1.815112755	2973.913	6182.927	5625.000	5625.000
42	Spectrogram 1	1	1.815112755	1.816112755	2973.913	6182.927	5250.000	5250.000
43	Spectrogram 1	1	1.816112755	1.817112755	2973.913	6182.927	5250.000	5250.000
44	Spectrogram 1	1	1.817112755	1.818112755	2973.913	6182.927	4875.000	4875.000
45	Spectrogram 1	1	1.818112755	1.819112755	2973.913	6182.927	4875.000	4875.000
46	Spectrogram 1	1	1.819112755	1.820112755	2973.913	6182.927	4875.000	4875.000
47	Spectrogram 1	1	1.820112755	1.821112755	2973.913	6182.927	4875.000	4875.000
48	Spectrogram 1	1	1.821112755	1.822112755	2973.913	6182.927	4875.000	4500.000
49	Spectrogram 1	1	1.822112755	1.823112755	2973.913	6182.927	4875.000	4875.000
50	Spectrogram 1	1	1.823112755	1.824112755	2973.913	6182.927	4875.000	4500.000
51	Spectrogram 1	1	1.824112755	1.825112755	2973.913	6182.927	4875.000	4500.000
52	Spectrogram 1	1	1.825112755	1.826112755	2973.913	6182.927	4500.000	4500.000
53	Spectrogram 1	1	1.826112755	1.827112755	2973.913	6182.927	4500.000	4500.000
54	Spectrogram 1	1	1.827112755	1.828112755	2973.913	6182.927	4500.000	4500.000
55	Spectrogram 1	1	1.828112755	1.829112755	2973.913	6182.927	4500.000	4500.000
56	Spectrogram 1	1	1.829112755	1.830112755	2973.913	6182.927	4500.000	4500.000
57	Spectrogram 1	1	1.830112755	1.831112755	2973.913	6182.927	4500.000	4500.000
58	Spectrogram 1	1	1.831112755	1.832112755	2973.913	6182.927	4500.000	4125.000
59	Spectrogram 1	1	1.832112755	1.833112755	2973.913	6182.927	4500.000	4125.000
60	Spectrogram 1	1	1.833112755	1.834112755	2973.913	6182.927	4500.000	4125.000
61	Spectrogram 1	1	1.834112755	1.835112755	2973.913	6182.927	4125.000	4125.000
62	Spectrogram 1	1	1.835112755	1.836112755	2973.913	6182.927	4125.000	4125.000
63	Spectrogram 1	1	1.836112755	1.837112755	2973.913	6182.927	4125.000	4125.000
64	Spectrogram 1	1	1.837112755	1.838112755	2973.913	6182.927	4125.000	4125.000
65	Spectrogram 1	1	1.838112755	1.839112755	2973.913	6182.927	4125.000	4125.000
66	Spectrogram 1	1	1.839112755	1.840112755	2973.913	6182.927	4125.000	4125.000
67	Spectrogram 1	1	1.840112755	1.841112755	2973.913	6182.927	4125.000	4125.000
68	Spectrogram 1	1	1.841112755	1.842112755	2973.913	6182.927	4125.000	4125.000
69	Spectrogram 1	1	1.842112755	1.843112755	2973.913	6182.927	4125.000	4125.000
70	Spectrogram 1	1	1.843112755	1.844112755	2973.913	6182.927	4125.000	4125.000
71	Spectrogram 1	1	1.844112755	1.845112755	2973.913	6182.927	4125.000	4125.000
72	Spectrogram 1	1	1.845112755	1.846112755	2973.913	6182.927	4125.000	4125.000
73	Spectrogram 1	1	1.846112755	1.847112755	2973.913	6182.927	4125.000	4125.000
74	Spectrogram 1	1	1.847112755	1.848112755	2973.913	6182.927	4125.000	4125.000
75	Spectrogram 1	1	1.848112755	1.849112755	2973.913	6182.927	4125.000	4125.000
76	Spectrogram 1	1	1.849112755	1.850112755	2973.913	6182.927	4500.000	4500.000
77	Spectrogram 1	1	1.850112755	1.851112755	2973.913	6182.927	4125.000	4125.000
78	Spectrogram 1	1	1.851112755	1.852112755	2973.913	6182.927	4125.000	4125.000
79	Spectrogram 1	1	1.852112755	1.853112755	2973.913	6182.927	4125.000	4125.000
80	Spectrogram 1	1	1.853112755	1.854112755	2973.913	6182.927	4125.000	4125.000
81	Spectrogram 1	1	1.854112755	1.855112755	2973.913	6182.927	4125.000	4125.000
82	Spectrogram 1	1	1.855112755	1.856112755	2973.913	6182.927	4500.000	4125.000
83	Spectrogram 1	1	1.856112755	1.857112755	2973.913	6182.927	4500.000	4125.000
84	Spectrogram 1	1	1.857112755	1.858112755	2973.913	6182.927	4500.000	4125.000
85	Spectrogram 1	1	1.858112755	1.859112755	2973.913	6182.927	4125.000	4125.000
86	Spectrogram 1	1	1.859112755	1.860112755	2973.913	6182.927	4125.000	4125.000
87	Spectrogram 1	1	1.860112755	1.861112755	2973.913	6182.927	4125.000	4125.000
88	Spectrogram 1	1	1.861112755	1.862112755	2973.913	6182.927	4875.000	5250.000
89	Spectrogram 1	1	1.862112755	1.863112755	2973.913	6182.927	4125.000	4125.000
90	Spectrogram 1	1	1.863112755	1.864112755	2973.913	6182.927	4125.000	4125.000
91	Spectrogram 1	1	1.864112755	1.865112755	2973.913	6182.927	4125.000	4125.000
92	Spectrogram 1	1	1.865112755	1.866112755	2973.913	6182.927	4500.000	4125.000
93	Spectrogram 1	1	1.866112755	1.867112755	2973.913	6182.927	4125.000	4125.000
94	Spectrogram 1	1	1.867112755	1.868112755	2973.913	6182.927	4500.000	4125.000
95	Spectrogram 1	1	1.868112755	1.869112755	2973.913	6182.927	4500.000	4125.000
96	Spectrogram 1	1	1.869112755	1.870112755	2973.913	6182.927	4125.000	4125.000
97	Spectrogram 1	1	1.870112755	1.871112755	2973.913	6182.927	4125.000	4125.000
98	Spectrogram 1	1	1.871112755	1.872112755	2973.913	6182.927	4125.000	4125.000
99	Spectrogram 1	1	1.872112755	1.873112755	2973.913	6182.927	4125.000	4125.000
100	Spectrogram 1	1	1.873112755	1.874112755	2973.913	6182.927	4125.000	4125.000
101	Spectrogram 1	1	1.874112755	1.875112755	2973.913	6182.927	4125.000	4125.000
102	Spectrogram 1	1	1.875112755	1.876112755	2973.913	6182.927	4500.000	4500.000
103	Spectrogram 1	1	1.876112755	1.877112755	2973.913	6182.927	4500.000	4500.000
104	Spectrogram 1	1	1.877112755	1.878112755	2973.913	6182.927	4500.000	4500.000
105	Spectrogram 1	1	1.878112755	1.879112755	2973.913	6182.927	4500.000	4500.000
106	Spectrogram 1	1	1.879112755	1.880112755	2973.913	6182.927	4500.000	4500.000
107	Spectrogram 1	1	1.880112755	1.881112755	2973.913	6182.927	4500.000	4500.000
108	Spectrogram 1	1	1.881112755	1.882112755	2973.913	6182.927	4500.000	4500.000
109	Spectrogram 1	1	1.882112755	1.883112755	2973.913	6182.927	4125.000	4125.000
110	Spectrogram 1	1	1.883112755	1.884112755	2973.913	6182.927	4125.000	4125.000
111	Spectrogram 1	1	1.884112755	1.885112755	2973.913	6182.927	4125.000	4125.000
112	Spectrogram 1	1	1.885112755	1.886112755	2973.913	6182.927	3750.000	3750.000
113	Spectrogram 1	1	1.886112755	1.887112755	2973.913	6182.927	3750.000	3750.000
114	Spectrogram 1	1	1.887112755	1.888112755	2973.913	6182.927	3750.000	3750.000
115	Spectrogram 1	1	1.888112755	1.889112755	2973.913	6182.927	3750.000	3750.000
116	Spectrogram 1	1	1.889112755	1.890112755	2973.913	6182.927	3750.000	3375.000
117	Spectrogram 1	1	1.890112755	1.891112755	2973.913	6182.927	3750.000	3750.000
118	Spectrogram 1	1	1.891112755	1.892112755	2973.913	6182.927	3750.000	3750.000
119	Spectrogram 1	1	1.892112755	1.893112755	2973.913	6182.927	3750.000	3750.000
120	Spectrogram 1	1	1.893112755	1.894112755	2973.913	6182.927	3750.000	3750.000
121	Spectrogram 1	1	1.894112755	1.895112755	2973.913	6182.927	3750.000	3750.000
122	Spectrogram 1	1	1.895112755	1.896112755	2973.913	6182.927	3750.000	3750.000
123	Spectrogram 1	1	1.896112755	1.897112755	2973.913	6182.927	3750.000	3750.000
124	Spectrogram 1	1	1.897112755	1.898112755	2973.913	6182.927	3750.000	3750.000
125	Spectrogram 1	1	1.898112755	1.899112755	2973.913	6182.927	3750.000	3750.000
126	Spectrogram 1	1	1.899112755	1.900112755	2973.913	6182.927	3750.000	3750.000
127	Spectrogram 1	1	1.900112755	1.901112755	2973.913	6182.927	3750.000	3750.000
128	Spectrogram 1	1	1.901112755	1.902112755	2973.913	6182.927	3750.000	3750.000
129	Spectrogram 1	1	1.902112755	1.903112755	2973.913	6182.927	3750.000	3750.000
130	Spectrogram 1	1	1.903112755	1.904112755	2973.913	6182.927	3750.000	3750.000
131	Spectrogram 1	1	1.904112755	1.905112755	2973.913	6182.927	3750.000	3750.000
132	Spectrogram 1	1	1.905112755	1.906112755	2973.913	6182.927	3750.000	3750.000
133	Spectrogram 1	1	1.906112755	1.907112755	2973.913	6182.927	3750.000	3750.000
134	Spectrogram 1	1	1.907112755	1.908112755	2973.913	6182.927	3750.000	3750.000
135	Spectrogram 1	1	1.908112755	1.909112755	2973.913	6182.927	3750.000	3750.000
136	Spectrogram 1	1	1.909112755	1.910112755	2973.913	6182.927	3750.000	3750.000
137	Spectrogram 1	1	1.910112755	1.911112755	2973.913	6182.927	3750.000	3750.000
138	Spectrogram 1	1	1.911112755	1.912112755	2973.913	6182.927	3750.000	3750.000
139	Spectrogram 1	1	1.912112755	1.913112755	2973.913	6182.927	3750.000	3750.000
140	Spectrogram 1	1	1.913112755	1.914112755	2973.913	6182.927	3750.000	3750.000
141	Spectrogram 1	1	1.914112755	1.915112755	2973.913	6182.927	3375.000	3375.000
142	Spectrogram 1	1	1.915112755	1.916112755	2973.913	6182.927	3750.000	3750.000
143	Spectrogram 1	1	1.916112755	1.917112755	2973.913	6182.927	3750.000	3750.000
144	Spectrogram 1	1	1.917112755	1.918112755	2973.913	6182.927	3750.000	3375.000
145	Spectrogram 1	1	1.918112755	1.919112755	2973.913	6182.927	4875.000	5250.000
146	Spectrogram 1	1	1.919112755	1.920112755	2973.913	6182.927	5250.000	5250.000
147	Spectrogram 1	1	1.920112755	1.921112755	2973.913	6182.927	5250.000	5250.000
148	Spectrogram 1	1	1.921112755	1.922112755	2973.913	6182.927	3750.000	6000.000
149	Spectrogram 1	1	1.922112755	1.923112755	2973.913	6182.927	4875.000	6000.000
150	Spectrogram 1	1	1.923112755	1.924112755	2973.913	6182.927	5250.000	6000.000
151	Spectrogram 1	1	1.924112755	1.925112755	2973.913	6182.927	5250.000	6000.000
152	Spectrogram 1	1	1.925112755	1.926112755	2973.913	6182.927	4875.000	3000.000
153	Spectrogram 1	1	1.926112755	1.927112755	2973.913	6182.927	4500.000	4500.000
154	Spectrogram 1	1	1.927112755	1.928112755	2973.913	6182.927	5250.000	5250.000
155	Spectrogram 1	1	1.928112755	1.929112755	2973.913	6182.927	5250.000	5250.000
156	Spectrogram 1	1	1.929112755	1.930112755	2973.913	6182.927	5625.000	6000.000
157	Spectrogram 1	1	1.930112755	1.931112755	2973.913	6182.927	5250.000	5250.000
158	Spectrogram 1	1	1.931112755	1.932112755	2973.913	6182.927	4500.000	5250.000
159	Spectrogram 1	1	1.932112755	1.933112755	2973.913	6182.927	4500.000	5250.000
160	Spectrogram 1	1	1.933112755	1.934112755	2973.913	6182.927	4500.000	6000.000
161	Spectrogram 1	1	1.934112755	1.935112755	2973.913	6182.927	3750.000	3375.000
162	Spectrogram 1	1	1.935112755	1.936112755	2973.913	6182.927	3750.000	3375.000
163	Spectrogram 1	1	1.936112755	1.937112755	2973.913	6182.927	3750.000	3375.000
164	Spectrogram 1	1	1.937112755	1.938112755	2973.913	6182.927	5250.000	5625.000
165	Spectrogram 1	1	1.938112755	1.939112755	2973.913	6182.927	4875.000	5250.000
166	Spectrogram 1	1	1.939112755	1.940112755	2973.913	6182.927	3375.000	3375.000
167	Spectrogram 1	1	1.940112755	1.941112755	2973.913	6182.927	3375.000	3375.000
168	Spectrogram 1	1	1.941112755	1.942112755	2973.913	6182.927	3375.000	3375.000
169	Spectrogram 1	1	1.942112755	1.943112755	2973.913	6182.927	3750.000	3750.000
170	Spectrogram 1	1	1.943112755	1.944112755	2973.913	6182.927	3750.000	3750.000
171	Spectrogram 1	1	1.944112755	1.945112755	2973.913	6182.927	3750.000	3750.000
172	Spectrogram 1	1	1.945112755	1.946112755	2973.913	6182.927	3750.000	3750.000
173	Spectrogram 1	1	1.946112755	1.947112755	2973.913	6182.927	4125.000	4125.000
174	Spectrogram 1	1	1.947112755	1.948112755	2973.913	6182.927	4125.000	4125.000
175	Spectrogram 1	1	1.948112755	1.949112755	2973.913	6182.927	4125.000	4125.000
176	Spectrogram 1	1	1.949112755	1.950112755	2973.913	6182.927	4125.000	4125.000
177	Spectrogram 1	1	1.950112755	1.951112755	2973.913	6182.927	4125.000	4125.000
178	Spectrogram 1	1	1.951112755	1.952112755	2973.913	6182.927	4125.000	4125.000
179	Spectrogram 1	1	1.952112755	1.953112755	2973.913	6182.927	4125.000	4125.000
180	Spectrogram 1	1	1.953112755	1.954112755	2973.913	6182.927	4125.000	4125.000
181	Spectrogram 1	1	1.954112755	1.955112755	2973.913	6182.927	4125.000	4125.000
182	Spectrogram 1	1	1.955112755	1.956112755	2973.913	6182.927	4125.000	4125.000
183	Spectrogram 1	1	1.956112755	1.957112755	2973.913	6182.927	4125.000	4125.000
184	Spectrogram 1	1	1.957112755	1.958112755	2973.913	6182.927	4125.000	4125.000
185	Spectrogram 1	1	1.958112755	1.959112755	2973.913	6182.927	4500.000	4500.000
186	Spectrogram 1	1	1.959112755	1.960112755	2973.913	6182.927	4500.000	4500.000
187	Spectrogram 1	1	1.960112755	1.961112755	2973.913	6182.927	4500.000	4500.000
188	Spectrogram 1	1	1.961112755	1.962112755	2973.913	6182.927	4500.000	4500.000
189	Spectrogram 1	1	1.962112755	1.963112755	2973.913	6182.927	4500.000	4500.000
190	Spectrogram 1	1	1.963112755	1.964112755	2973.913	6182.927	4500.000	4500.000
191	Spectrogram 1	1	1.964112755	1.965112755	2973.913	6182.927	4500.000	4500.000
192	Spectrogram 1	1	1.965112755	1.966112755	2973.913	6182.927	4875.000	4875.000
193	Spectrogram 1	1	1.966112755	1.967112755	2973.913	6182.927	4875.000	4875.000
194	Spectrogram 1	1	1.967112755	1.968112755	2973.913	6182.927	4875.000	4875.000
195	Spectrogram 1	1	1.968112755	1.969112755	2973.913	6182.927	4875.000	4875.000
196	Spectrogram 1	1	1.969112755	1.970112755	2973.913	6182.927	4875.000	4875.000
197	Spectrogram 1	1	1.970112755	1.971112755	2973.913	6182.927	4875.000	4875.000
198	Spectrogram 1	1	1.971112755	1.972112755	2973.913	6182.927	4875.000	4875.000
199	Spectrogram 1	1	1.972112755	1.973112755	2973.913	6182.927	4875.000	4875.000
200	Spectrogram 1	1	1.973112755	1.974112755	2973.913	6182.927	4875.000	4875.000
201	Spectrogram 1	1	1.974112755	1.975112755	2973.913	6182.927	4875.000	4875.000
202	Spectrogram 1	1	1.975112755	1.976112755	2973.913	6182.927	4875.000	4875.000
203	Spectrogram 1	1	1.976112755	1.977112755	2973.913	6182.927	4875.000	4875.000
204	Spectrogram 1	1	1.977112755	1.978112755	2973.913	6182.927	4875.000	4875.000
205	Spectrogram 1	1	1.978112755	1.979112755	2973.913	6182.927	4875.000	4875.000
206	Spectrogram 1	1	1.979112755	1.980112755	2973.913	6182.927	4875.000	4875.000
207	Spectrogram 1	1	1.980112755	1.981112755	2973.913	6182.927	4875.000	4875.000
208	Spectrogram 1	1	1.981112755	1.982112755	2973.913	6182.927	4875.000	4875.000
209	Spectrogram 1	1	1.982112755	1.983112755	2973.913	6182.927	4875.000	4875.000
210	Spectrogram 1	1	1.983112755	1.984112755	2973.913	6182.927	4875.000	4875.000
211	Spectrogram 1	1	1.984112755	1.985112755	2973.913	6182.927	4875.000	4875.000
212	Spectrogram 1	1	1.985112755	1.986112755	2973.913	6182.927	4875.000	4875.000
213	Spectrogram 1	1	1.986112755	1.987112755	2973.913	6182.927	4875.000	4875.000
214	Spectrogram 1	1	1.987112755	1.988112755	2973.913	6182.927	4875.000	4875.000
215	Spectrogram 1	1	1.988112755	1.989112755	2973.913	6182.927	4875.000	4875.000
216	Spectrogram 1	1	1.989112755	1.990112755	2973.913	6182.927	5250.000	5250.000
217	Spectrogram 1	1	1.990112755	1.991112755	2973.913	6182.927	5250.000	5250.000
218	Spectrogram 1	1	1.991112755	1.992112755	2973.913	6182.927	5250.000	5250.000
219	Spectrogram 1	1	1.992112755	1.993112755	2973.913	6182.927	5250.000	5250.000
220	Spectrogram 1	1	1.993112755	1.994112755	2973.913	6182.927	5250.000	5250.000
221	Spectrogram 1	1	1.994112755	1.995112755	2973.913	6182.927	5250.000	5250.000
222	Spectrogram 1	1	1.995112755	1.996112755	2973.913	6182.927	4875.000	4875.000
223	Spectrogram 1	1	1.996112755	1.997112755	2973.913	6182.927	4875.000	4875.000
224	Spectrogram 1	1	1.997112755	1.998112755	2973.913	6182.927	4875.000	4875.000
225	Spectrogram 1	1	1.998112755	1.999112755	2973.913	6182.927	5625.000	5625.000
226	Spectrogram 1	1	1.999112755	2.000112755	2973.913	6182.927	5625.000	5625.000
227	Spectrogram 1	1	2.000112755	2.001112755	2973.913	6182.927	5625.000	5625.000
228	Spectrogram 1	1	2.001112755	2.002112755	2973.913	6182.927	5250.000	5250.000
229	Spectrogram 1	1	2.002112755	2.003112755	2973.913	6182.927	5625.000	5625.000
230	Spectrogram 1	1	2.003112755	2.004112755	2973.913	6182.927	5625.000	5625.000
231	Spectrogram 1	1	2.004112755	2.005112755	2973.913	6182.927	5625.000	5625.000
232	Spectrogram 1	1	2.005112755	2.006112755	2973.913	6182.927	5625.000	5625.000
233	Spectrogram 1	1	2.006112755	2.007112755	2973.913	6182.927	5625.000	5625.000
234	Spectrogram 1	1	2.007112755	2.008112755	2973.913	6182.927	5250.000	5625.000
235	Spectrogram 1	1	2.008112755	2.009112755	2973.913	6182.927	5250.000	5625.000
236	Spectrogram 1	1	2.009112755	2.010112755	2973.913	6182.927	5625.000	5625.000
237	Spectrogram 1	1	2.010112755	2.011112755	2973.913	6182.927	5625.000	5625.000
238	Spectrogram 1	1	2.011112755	2.012112755	2973.913	6182.927	5250.000	5250.000
239	Spectrogram 1	1	2.012112755	2.013112755	2973.913	6182.927	5250.000	5250.000
240	Spectrogram 1	1	2.013112755	2.014112755	2973.913	6182.927	5250.000	5250.000
241	Spectrogram 1	1	2.014112755	2.015112755	2973.913	6182.927	5250.000	5250.000
242	Spectrogram 1	1	2.015112755	2.016112755	2973.913	6182.927	5250.000	5250.000
243	Spectrogram 1	1	2.016112755	2.017112755	2973.913	6182.927	5250.000	5250.000
244	Spectrogram 1	1	2.017112755	2.018112755	2973.913	6182.927	5250.000	5250.000
245	Spectrogram 1	1	2.018112755	2.019112755	2973.913	6182.927	4875.000	4875.000
246	Spectrogram 1	1	2.019112755	2.020112755	2973.913	6182.927	5625.000	5625.000
247	Spectrogram 1	1	2.020112755	2.021112755	2973.913	6182.927	5625.000	5625.000
248	Spectrogram 1	1	2.021112755	2.022112755	2973.913	6182.927	5250.000	4875.000
249	Spectrogram 1	1	2.022112755	2.023112755	2973.913	6182.927	4875.000	4875.000
250	Spectrogram 1	1	2.023112755	2.024112755	2973.913	6182.927	4875.000	4875.000
251	Spectrogram 1	1	2.024112755	2.025112755	2973.913	6182.927	4875.000	4875.000
252	Spectrogram 1	1	2.025112755	2.026112755	2973.913	6182.927	4875.000	4875.000
253	Spectrogram 1	1	2.026112755	2.027112755	2973.913	6182.927	4875.000	4500.000
254	Spectrogram 1	1	2.027112755	2.028112755	2973.913	6182.927	4500.000	4500.000
255	Spectrogram 1	1	2.028112755	2.029112755	2973.913	6182.927	4500.000	4500.000
256	Spectrogram 1	1	2.029112755	2.030112755	2973.913	6182.927	4500.000	4125.000
257	Spectrogram 1	1	2.030112755	2.031112755	2973.913	6182.927	4875.000	4875.000
258	Spectrogram 1	1	2.031112755	2.032112755	2973.913	6182.927	4500.000	4500.000
259	Spectrogram 1	1	2.032112755	2.033112755	2973.913	6182.927	4500.000	4500.000
260	Spectrogram 1	1	2.033112755	2.034112755	2973.913	6182.927	4875.000	5625.000
261	Spectrogram 1	1	2.034112755	2.035112755	2973.913	6182.927	4875.000	5625.000
262	Spectrogram 1	1	2.035112755	2.036112755	2973.913	6182.927	4875.000	4875.000
263	Spectrogram 1	1	2.036112755	2.037112755	2973.913	6182.927	4875.000	4875.000
264	Spectrogram 1	1	2.037112755	2.038112755	2973.913	6182.927	4875.000	4500.000
265	Spectrogram 1	1	2.038112755	2.039112755	2973.913	6182.927	4500.000	4500.000
266	Spectrogram 1	1	2.039112755	2.039662158	2973.913	6182.927	4500.000	4500.000
