Selection	View	Channel	Begin Time (s)	End Time (s)	Low Freq (Hz)	High Freq (Hz)	Center Freq (Hz)	Peak Freq (Hz)
1	Spectrogram 1	1	23.018878489	23.019876221	2909.457	6026.200	4134.375	4134.375
2	Spectrogram 1	1	23.019876221	23.020873954	2909.457	6026.200	4306.641	4392.773
3	Spectrogram 1	1	23.020873954	23.021871686	2909.457	6026.200	4306.641	4392.773
4	Spectrogram 1	1	23.021871686	23.022869419	2909.457	6026.200	4306.641	4392.773
5	Spectrogram 1	1	23.022869419	23.023867151	2909.457	6026.200	4306.641	4392.773
6	Spectrogram 1	1	23.023867151	23.024864884	2909.457	6026.200	4306.641	4392.773
7	Spectrogram 1	1	23.024864884	23.025862616	2909.457	6026.200	4306.641	4392.773
8	Spectrogram 1	1	23.025862616	23.026860348	2909.457	6026.200	4995.703	4909.570
9	Spectrogram 1	1	23.026860348	23.027858081	2909.457	6026.200	4995.703	4909.570
10	Spectrogram 1	1	23.027858081	23.028855813	2909.457	6026.200	4995.703	4909.570
11	Spectrogram 1	1	23.028855813	23.029853546	2909.457	6026.200	4995.703	4909.570
12	Spectrogram 1	1	23.029853546	23.030851278	2909.457	6026.200	4995.703	4909.570
13	Spectrogram 1	1	23.030851278	23.031849011	2909.457	6026.200	5340.234	5340.234
14	Spectrogram 1	1	23.031849011	23.032846743	2909.457	6026.200	5340.234	5340.234
15	Spectrogram 1	1	23.032846743	23.033844475	2909.457	6026.200	5340.234	5340.234
16	Spectrogram 1	1	23.033844475	23.034842208	2909.457	6026.200	5340.234	5340.234
17	Spectrogram 1	1	23.034842208	23.035839940	2909.457	6026.200	5340.234	5340.234
18	Spectrogram 1	1	23.035839940	23.036837673	2909.457	6026.200	5340.234	5340.234
19	Spectrogram 1	1	23.036837673	23.037835405	2909.457	6026.200	5426.367	5426.367
20	Spectrogram 1	1	23.037835405	23.038833138	2909.457	6026.200	5426.367	5426.367
21	Spectrogram 1	1	23.038833138	23.039830870	2909.457	6026.200	5426.367	5426.367
22	Spectrogram 1	1	23.039830870	23.040828602	2909.457	6026.200	5426.367	5426.367
23	Spectrogram 1	1	23.040828602	23.041826335	2909.457	6026.200	5426.367	5426.367
24	Spectrogram 1	1	23.041826335	23.042824067	2909.457	6026.200	5426.367	5426.367
25	Spectrogram 1	1	23.042824067	23.043821800	2909.457	6026.200	5426.367	5426.367
26	Spectrogram 1	1	23.043821800	23.044819532	2909.457	6026.200	5426.367	5426.367
27	Spectrogram 1	1	23.044819532	23.045817265	2909.457	6026.200	5426.367	5426.367
28	Spectrogram 1	1	23.045817265	23.046814997	2909.457	6026.200	5426.367	5426.367
29	Spectrogram 1	1	23.046814997	23.047812729	2909.457	6026.200	5426.367	5426.367
30	Spectrogram 1	1	23.047812729	23.048810462	2909.457	6026.200	5426.367	5426.367
31	Spectrogram 1	1	23.048810462	23.049808194	2909.457	6026.200	5254.102	5254.102
32	Spectrogram 1	1	23.049808194	23.050805927	2909.457	6026.200	5254.102	5254.102
33	Spectrogram 1	1	23.050805927	23.051803659	2909.457	6026.200	5254.102	5254.102
34	Spectrogram 1	1	23.051803659	23.052801391	2909.457	6026.200	5254.102	5254.102
35	Spectrogram 1	1	23.052801391	23.053799124	2909.457	6026.200	5254.102	5254.102
36	Spectrogram 1	1	23.053799124	23.054796856	2909.457	6026.200	5254.102	5254.102
37	Spectrogram 1	1	23.054796856	23.055794589	2909.457	6026.200	5081.836	5167.969
38	Spectrogram 1	1	23.055794589	23.056792321	2909.457	6026.200	5081.836	5167.969
39	Spectrogram 1	1	23.056792321	23.057790054	2909.457	6026.200	5081.836	5167.969
40	Spectrogram 1	1	23.057790054	23.058787786	2909.457	6026.200	5081.836	5167.969
41	Spectrogram 1	1	23.058787786	23.059785518	2909.457	6026.200	5081.836	5167.969
42	Spectrogram 1	1	23.059785518	23.060783251	2909.457	6026.200	5081.836	5167.969
43	Spectrogram 1	1	23.060783251	23.061780983	2909.457	6026.200	4823.438	4823.438
44	Spectrogram 1	1	23.061780983	23.062778716	2909.457	6026.200	4823.438	4823.438
45	Spectrogram 1	1	23.062778716	23.063776448	2909.457	6026.200	4823.438	4823.438
46	Spectrogram 1	1	23.063776448	23.064774181	2909.457	6026.200	4823.438	4823.438
47	Spectrogram 1	1	23.064774181	23.065771913	2909.457	6026.200	4823.438	4823.438
48	Spectrogram 1	1	23.065771913	23.066769645	2909.457	6026.200	4392.773	4392.773
49	Spectrogram 1	1	23.066769645	23.067767378	2909.457	6026.200	4392.773	4392.773
50	Spectrogram 1	1	23.067767378	23.068765110	2909.457	6026.200	4392.773	4392.773
51	Spectrogram 1	1	23.068765110	23.069762843	2909.457	6026.200	4392.773	4392.773
52	Spectrogram 1	1	23.069762843	23.070760575	2909.457	6026.200	4392.773	4392.773
53	Spectrogram 1	1	23.070760575	23.071758308	2909.457	6026.200	4392.773	4392.773
54	Spectrogram 1	1	23.071758308	23.072756040	2909.457	6026.200	4134.375	4134.375
55	Spectrogram 1	1	23.072756040	23.073753772	2909.457	6026.200	4134.375	4134.375
56	Spectrogram 1	1	23.073753772	23.074751505	2909.457	6026.200	4134.375	4134.375
57	Spectrogram 1	1	23.074751505	23.075749237	2909.457	6026.200	4134.375	4134.375
58	Spectrogram 1	1	23.075749237	23.076746970	2909.457	6026.200	4134.375	4134.375
59	Spectrogram 1	1	23.076746970	23.077744702	2909.457	6026.200	4134.375	4134.375
60	Spectrogram 1	1	23.077744702	23.078742435	2909.457	6026.200	3962.109	3962.109
61	Spectrogram 1	1	23.078742435	23.079740167	2909.457	6026.200	3962.109	3962.109
62	Spectrogram 1	1	23.079740167	23.080737899	2909.457	6026.200	3962.109	3962.109
63	Spectrogram 1	1	23.080737899	23.081735632	2909.457	6026.200	3962.109	3962.109
64	Spectrogram 1	1	23.081735632	23.082733364	2909.457	6026.200	3962.109	3962.109
65	Spectrogram 1	1	23.082733364	23.083731097	2909.457	6026.200	3962.109	3962.109
66	Spectrogram 1	1	23.083731097	23.084728829	2909.457	6026.200	3875.977	3875.977
67	Spectrogram 1	1	23.084728829	23.085726562	2909.457	6026.200	3875.977	3875.977
68	Spectrogram 1	1	23.085726562	23.086724294	2909.457	6026.200	3875.977	3875.977
69	Spectrogram 1	1	23.086724294	23.087722026	2909.457	6026.200	3875.977	3875.977
70	Spectrogram 1	1	23.087722026	23.088719759	2909.457	6026.200	3875.977	3875.977
71	Spectrogram 1	1	23.088719759	23.089717491	2909.457	6026.200	3875.977	3875.977
72	Spectrogram 1	1	23.089717491	23.090715224	2909.457	6026.200	3875.977	3875.977
73	Spectrogram 1	1	23.090715224	23.091712956	2909.457	6026.200	3875.977	3875.977
74	Spectrogram 1	1	23.091712956	23.092710689	2909.457	6026.200	3875.977	3875.977
75	Spectrogram 1	1	23.092710689	23.093708421	2909.457	6026.200	3875.977	3875.977
76	Spectrogram 1	1	23.093708421	23.094706153	2909.457	6026.200	3875.977	3875.977
77	Spectrogram 1	1	23.094706153	23.095703886	2909.457	6026.200	3962.109	3962.109
78	Spectrogram 1	1	23.095703886	23.096701618	2909.457	6026.200	3962.109	3962.109
79	Spectrogram 1	1	23.096701618	23.097699351	2909.457	6026.200	3962.109	3962.109
80	Spectrogram 1	1	23.097699351	23.098697083	2909.457	6026.200	3962.109	3962.109
81	Spectrogram 1	1	23.098697083	23.099694816	2909.457	6026.200	3962.109	3962.109
82	Spectrogram 1	1	23.099694816	23.100692548	2909.457	6026.200	3962.109	3962.109
83	Spectrogram 1	1	23.100692548	23.101690280	2909.457	6026.200	4048.242	4048.242
84	Spectrogram 1	1	23.101690280	23.102688013	2909.457	6026.200	4048.242	4048.242
85	Spectrogram 1	1	23.102688013	23.103685745	2909.457	6026.200	4048.242	4048.242
86	Spectrogram 1	1	23.103685745	23.104683478	2909.457	6026.200	4048.242	4048.242
87	Spectrogram 1	1	23.104683478	23.105681210	2909.457	6026.200	4048.242	4048.242
88	Spectrogram 1	1	23.105681210	23.106678943	2909.457	6026.200	4048.242	4048.242
89	Spectrogram 1	1	23.106678943	23.107676675	2909.457	6026.200	4048.242	4048.242
90	Spectrogram 1	1	23.107676675	23.108674407	2909.457	6026.200	4048.242	4048.242
91	Spectrogram 1	1	23.108674407	23.109672140	2909.457	6026.200	4048.242	4048.242
92	Spectrogram 1	1	23.109672140	23.110669872	2909.457	6026.200	4048.242	4048.242
93	Spectrogram 1	1	23.110669872	23.111667605	2909.457	6026.200	4048.242	4048.242
94	Spectrogram 1	1	23.111667605	23.112665337	2909.457	6026.200	4048.242	4048.242
95	Spectrogram 1	1	23.112665337	23.113663069	2909.457	6026.200	4048.242	3962.109
96	Spectrogram 1	1	23.113663069	23.114660802	2909.457	6026.200	4048.242	3962.109
97	Spectrogram 1	1	23.114660802	23.115658534	2909.457	6026.200	4048.242	3962.109
98	Spectrogram 1	1	23.115658534	23.116656267	2909.457	6026.200	4048.242	3962.109
99	Spectrogram 1	1	23.116656267	23.117653999	2909.457	6026.200	4048.242	3962.109
100	Spectrogram 1	1	23.117653999	23.118651732	2909.457	6026.200	4048.242	3962.109
101	Spectrogram 1	1	23.118651732	23.119649464	2909.457	6026.200	3875.977	3875.977
102	Spectrogram 1	1	23.119649464	23.120647196	2909.457	6026.200	3875.977	3875.977
103	Spectrogram 1	1	23.120647196	23.121644929	2909.457	6026.200	3875.977	3875.977
104	Spectrogram 1	1	23.121644929	23.122642661	2909.457	6026.200	3875.977	3875.977
105	Spectrogram 1	1	23.122642661	23.123640394	2909.457	6026.200	3875.977	3875.977
106	Spectrogram 1	1	23.123640394	23.124638126	2909.457	6026.200	3875.977	3875.977
107	Spectrogram 1	1	23.124638126	23.125635859	2909.457	6026.200	3531.445	3531.445
108	Spectrogram 1	1	23.125635859	23.126633591	2909.457	6026.200	3531.445	3531.445
109	Spectrogram 1	1	23.126633591	23.127631323	2909.457	6026.200	3531.445	3531.445
110	Spectrogram 1	1	23.127631323	23.128629056	2909.457	6026.200	3531.445	3531.445
111	Spectrogram 1	1	23.128629056	23.129626788	2909.457	6026.200	3531.445	3531.445
112	Spectrogram 1	1	23.129626788	23.130624521	2909.457	6026.200	3445.312	3445.312
113	Spectrogram 1	1	23.130624521	23.131622253	2909.457	6026.200	3445.312	3445.312
114	Spectrogram 1	1	23.131622253	23.132619986	2909.457	6026.200	3445.312	3445.312
115	Spectrogram 1	1	23.132619986	23.133617718	2909.457	6026.200	3445.312	3445.312
116	Spectrogram 1	1	23.133617718	23.134615450	2909.457	6026.200	3445.312	3445.312
117	Spectrogram 1	1	23.134615450	23.135613183	2909.457	6026.200	3445.312	3445.312
118	Spectrogram 1	1	23.135613183	23.136610915	2909.457	6026.200	3359.180	3359.180
119	Spectrogram 1	1	23.136610915	23.137608648	2909.457	6026.200	3359.180	3359.180
120	Spectrogram 1	1	23.137608648	23.138606380	2909.457	6026.200	3359.180	3359.180
121	Spectrogram 1	1	23.138606380	23.139604113	2909.457	6026.200	3359.180	3359.180
122	Spectrogram 1	1	23.139604113	23.140601845	2909.457	6026.200	3359.180	3359.180
123	Spectrogram 1	1	23.140601845	23.141599577	2909.457	6026.200	3359.180	3359.180
124	Spectrogram 1	1	23.141599577	23.142597310	2909.457	6026.200	3273.047	3273.047
125	Spectrogram 1	1	23.142597310	23.143595042	2909.457	6026.200	3273.047	3273.047
126	Spectrogram 1	1	23.143595042	23.144592775	2909.457	6026.200	3273.047	3273.047
127	Spectrogram 1	1	23.144592775	23.145590507	2909.457	6026.200	3273.047	3273.047
128	Spectrogram 1	1	23.145590507	23.146588240	2909.457	6026.200	3273.047	3273.047
129	Spectrogram 1	1	23.146588240	23.147585972	2909.457	6026.200	3273.047	3273.047
130	Spectrogram 1	1	23.147585972	23.148583704	2909.457	6026.200	3186.914	3186.914
131	Spectrogram 1	1	23.148583704	23.149581437	2909.457	6026.200	3186.914	3186.914
132	Spectrogram 1	1	23.149581437	23.150579169	2909.457	6026.200	3186.914	3186.914
133	Spectrogram 1	1	23.150579169	23.151576902	2909.457	6026.200	3186.914	3186.914
134	Spectrogram 1	1	23.151576902	23.152574634	2909.457	6026.200	3186.914	3186.914
135	Spectrogram 1	1	23.152574634	23.153572367	2909.457	6026.200	3186.914	3186.914
136	Spectrogram 1	1	23.153572367	23.154570099	2909.457	6026.200	3100.781	3100.781
137	Spectrogram 1	1	23.154570099	23.155567831	2909.457	6026.200	3100.781	3100.781
138	Spectrogram 1	1	23.155567831	23.156565564	2909.457	6026.200	3100.781	3100.781
139	Spectrogram 1	1	23.156565564	23.157563296	2909.457	6026.200	3100.781	3100.781
140	Spectrogram 1	1	23.157563296	23.158561029	2909.457	6026.200	3100.781	3100.781
141	Spectrogram 1	1	23.158561029	23.159558761	2909.457	6026.200	3100.781	3100.781
142	Spectrogram 1	1	23.159558761	23.160556494	2909.457	6026.200	3100.781	3100.781
143	Spectrogram 1	1	23.160556494	23.161554226	2909.457	6026.200	3100.781	3100.781
144	Spectrogram 1	1	23.161554226	23.162551958	2909.457	6026.200	3100.781	3100.781
145	Spectrogram 1	1	23.162551958	23.163549691	2909.457	6026.200	3100.781	3100.781
146	Spectrogram 1	1	23.163549691	23.164547423	2909.457	6026.200	3100.781	3100.781
147	Spectrogram 1	1	23.164547423	23.165545156	2909.457	6026.200	3100.781	3100.781
148	Spectrogram 1	1	23.165545156	23.166542888	2909.457	6026.200	3100.781	3100.781
149	Spectrogram 1	1	23.166542888	23.167540621	2909.457	6026.200	3100.781	3100.781
150	Spectrogram 1	1	23.167540621	23.168538353	2909.457	6026.200	3100.781	3100.781
151	Spectrogram 1	1	23.168538353	23.169536085	2909.457	6026.200	3100.781	3100.781
152	Spectrogram 1	1	23.169536085	23.170533818	2909.457	6026.200	3100.781	3100.781
153	Spectrogram 1	1	23.170533818	23.171531550	2909.457	6026.200	3186.914	3186.914
154	Spectrogram 1	1	23.171531550	23.172529283	2909.457	6026.200	3186.914	3186.914
155	Spectrogram 1	1	23.172529283	23.173527015	2909.457	6026.200	3186.914	3186.914
156	Spectrogram 1	1	23.173527015	23.174524748	2909.457	6026.200	3186.914	3186.914
157	Spectrogram 1	1	23.174524748	23.175522480	2909.457	6026.200	3186.914	3186.914
158	Spectrogram 1	1	23.175522480	23.176520212	2909.457	6026.200	3186.914	3186.914
159	Spectrogram 1	1	23.176520212	23.177517945	2909.457	6026.200	3100.781	3100.781
160	Spectrogram 1	1	23.177517945	23.178515677	2909.457	6026.200	3100.781	3100.781
161	Spectrogram 1	1	23.178515677	23.179513410	2909.457	6026.200	3100.781	3100.781
162	Spectrogram 1	1	23.179513410	23.180511142	2909.457	6026.200	3100.781	3100.781
163	Spectrogram 1	1	23.180511142	23.181508874	2909.457	6026.200	3100.781	3100.781
164	Spectrogram 1	1	23.181508874	23.182506607	2909.457	6026.200	3100.781	3100.781
165	Spectrogram 1	1	23.182506607	23.183504339	2909.457	6026.200	3359.180	3359.180
166	Spectrogram 1	1	23.183504339	23.184502072	2909.457	6026.200	3359.180	3359.180
167	Spectrogram 1	1	23.184502072	23.185499804	2909.457	6026.200	3359.180	3359.180
168	Spectrogram 1	1	23.185499804	23.186497537	2909.457	6026.200	3359.180	3359.180
169	Spectrogram 1	1	23.186497537	23.187495269	2909.457	6026.200	3359.180	3359.180
170	Spectrogram 1	1	23.187495269	23.188493001	2909.457	6026.200	3359.180	3359.180
171	Spectrogram 1	1	23.188493001	23.189490734	2909.457	6026.200	3875.977	3875.977
172	Spectrogram 1	1	23.189490734	23.190488466	2909.457	6026.200	3875.977	3875.977
173	Spectrogram 1	1	23.190488466	23.191486199	2909.457	6026.200	3875.977	3875.977
174	Spectrogram 1	1	23.191486199	23.192483931	2909.457	6026.200	3875.977	3875.977
175	Spectrogram 1	1	23.192483931	23.193481664	2909.457	6026.200	3875.977	3875.977
176	Spectrogram 1	1	23.193481664	23.194479396	2909.457	6026.200	4306.641	4306.641
177	Spectrogram 1	1	23.194479396	23.195477128	2909.457	6026.200	4306.641	4306.641
178	Spectrogram 1	1	23.195477128	23.196474861	2909.457	6026.200	4306.641	4306.641
179	Spectrogram 1	1	23.196474861	23.197472593	2909.457	6026.200	4306.641	4306.641
180	Spectrogram 1	1	23.197472593	23.198470326	2909.457	6026.200	4306.641	4306.641
181	Spectrogram 1	1	23.198470326	23.199468058	2909.457	6026.200	4306.641	4306.641
182	Spectrogram 1	1	23.199468058	23.200465791	2909.457	6026.200	4478.906	4478.906
183	Spectrogram 1	1	23.200465791	23.201463523	2909.457	6026.200	4478.906	4478.906
184	Spectrogram 1	1	23.201463523	23.202461255	2909.457	6026.200	4478.906	4478.906
185	Spectrogram 1	1	23.202461255	23.203458988	2909.457	6026.200	4478.906	4478.906
186	Spectrogram 1	1	23.203458988	23.204456720	2909.457	6026.200	4478.906	4478.906
187	Spectrogram 1	1	23.204456720	23.205454453	2909.457	6026.200	4478.906	4478.906
188	Spectrogram 1	1	23.205454453	23.206452185	2909.457	6026.200	4651.172	4651.172
189	Spectrogram 1	1	23.206452185	23.207449918	2909.457	6026.200	4651.172	4651.172
190	Spectrogram 1	1	23.207449918	23.208447650	2909.457	6026.200	4651.172	4651.172
191	Spectrogram 1	1	23.208447650	23.209445382	2909.457	6026.200	4651.172	4651.172
192	Spectrogram 1	1	23.209445382	23.210443115	2909.457	6026.200	4651.172	4651.172
193	Spectrogram 1	1	23.210443115	23.211440847	2909.457	6026.200	4651.172	4651.172
194	Spectrogram 1	1	23.211440847	23.212438580	2909.457	6026.200	4737.305	4737.305
195	Spectrogram 1	1	23.212438580	23.213436312	2909.457	6026.200	4737.305	4737.305
196	Spectrogram 1	1	23.213436312	23.214434045	2909.457	6026.200	4737.305	4737.305
197	Spectrogram 1	1	23.214434045	23.215431777	2909.457	6026.200	4737.305	4737.305
198	Spectrogram 1	1	23.215431777	23.216429509	2909.457	6026.200	4737.305	4737.305
199	Spectrogram 1	1	23.216429509	23.217427242	2909.457	6026.200	4737.305	4737.305
200	Spectrogram 1	1	23.217427242	23.218424974	2909.457	6026.200	4823.438	4823.438
201	Spectrogram 1	1	23.218424974	23.219422707	2909.457	6026.200	4823.438	4823.438
202	Spectrogram 1	1	23.219422707	23.220420439	2909.457	6026.200	4823.438	4823.438
203	Spectrogram 1	1	23.220420439	23.221418172	2909.457	6026.200	4823.438	4823.438
204	Spectrogram 1	1	23.221418172	23.222415904	2909.457	6026.200	4823.438	4823.438
205	Spectrogram 1	1	23.222415904	23.223413636	2909.457	6026.200	4909.570	4909.570
206	Spectrogram 1	1	23.223413636	23.224411369	2909.457	6026.200	4909.570	4909.570
207	Spectrogram 1	1	23.224411369	23.225409101	2909.457	6026.200	4909.570	4909.570
208	Spectrogram 1	1	23.225409101	23.226406834	2909.457	6026.200	4909.570	4909.570
209	Spectrogram 1	1	23.226406834	23.227404566	2909.457	6026.200	4909.570	4909.570
210	Spectrogram 1	1	23.227404566	23.228402299	2909.457	6026.200	4909.570	4909.570
211	Spectrogram 1	1	23.228402299	23.229400031	2909.457	6026.200	4995.703	4995.703
212	Spectrogram 1	1	23.229400031	23.230397763	2909.457	6026.200	4995.703	4995.703
213	Spectrogram 1	1	23.230397763	23.231395496	2909.457	6026.200	4995.703	4995.703
214	Spectrogram 1	1	23.231395496	23.232393228	2909.457	6026.200	4995.703	4995.703
215	Spectrogram 1	1	23.232393228	23.233390961	2909.457	6026.200	4995.703	4995.703
216	Spectrogram 1	1	23.233390961	23.234388693	2909.457	6026.200	4995.703	4995.703
217	Spectrogram 1	1	23.234388693	23.235386426	2909.457	6026.200	5167.969	5167.969
218	Spectrogram 1	1	23.235386426	23.236384158	2909.457	6026.200	5167.969	5167.969
219	Spectrogram 1	1	23.236384158	23.237381890	2909.457	6026.200	5167.969	5167.969
220	Spectrogram 1	1	23.237381890	23.238379623	2909.457	6026.200	5167.969	5167.969
221	Spectrogram 1	1	23.238379623	23.239377355	2909.457	6026.200	5167.969	5167.969
222	Spectrogram 1	1	23.239377355	23.240375088	2909.457	6026.200	5167.969	5167.969
223	Spectrogram 1	1	23.240375088	23.241372820	2909.457	6026.200	5340.234	5340.234
224	Spectrogram 1	1	23.241372820	23.242370552	2909.457	6026.200	5340.234	5340.234
225	Spectrogram 1	1	23.242370552	23.243368285	2909.457	6026.200	5340.234	5340.234
226	Spectrogram 1	1	23.243368285	23.244366017	2909.457	6026.200	5340.234	5340.234
227	Spectrogram 1	1	23.244366017	23.245363750	2909.457	6026.200	5340.234	5340.234
228	Spectrogram 1	1	23.245363750	23.246361482	2909.457	6026.200	5340.234	5340.234
229	Spectrogram 1	1	23.246361482	23.247359215	2909.457	6026.200	5512.500	5512.500
230	Spectrogram 1	1	23.247359215	23.248356947	2909.457	6026.200	5512.500	5512.500
231	Spectrogram 1	1	23.248356947	23.249354679	2909.457	6026.200	5512.500	5512.500
232	Spectrogram 1	1	23.249354679	23.250352412	2909.457	6026.200	5512.500	5512.500
233	Spectrogram 1	1	23.250352412	23.251350144	2909.457	6026.200	5512.500	5512.500
234	Spectrogram 1	1	23.251350144	23.252347877	2909.457	6026.200	5512.500	5512.500
235	Spectrogram 1	1	23.252347877	23.253345609	2909.457	6026.200	5770.898	5770.898
236	Spectrogram 1	1	23.253345609	23.254343342	2909.457	6026.200	5770.898	5770.898
237	Spectrogram 1	1	23.254343342	23.255341074	2909.457	6026.200	5770.898	5770.898
238	Spectrogram 1	1	23.255341074	23.256338806	2909.457	6026.200	5770.898	5770.898
239	Spectrogram 1	1	23.256338806	23.257336539	2909.457	6026.200	5770.898	5770.898
240	Spectrogram 1	1	23.257336539	23.258334271	2909.457	6026.200	5598.633	5598.633
241	Spectrogram 1	1	23.258334271	23.259332004	2909.457	6026.200	5598.633	5598.633
242	Spectrogram 1	1	23.259332004	23.260329736	2909.457	6026.200	5598.633	5598.633
243	Spectrogram 1	1	23.260329736	23.261327469	2909.457	6026.200	5598.633	5598.633
244	Spectrogram 1	1	23.261327469	23.262325201	2909.457	6026.200	5598.633	5598.633
245	Spectrogram 1	1	23.262325201	23.263322933	2909.457	6026.200	5598.633	5598.633
246	Spectrogram 1	1	23.263322933	23.264320666	2909.457	6026.200	5081.836	5167.969
247	Spectrogram 1	1	23.264320666	23.265318398	2909.457	6026.200	5081.836	5167.969
248	Spectrogram 1	1	23.265318398	23.266316131	2909.457	6026.200	5081.836	5167.969
249	Spectrogram 1	1	23.266316131	23.267313863	2909.457	6026.200	5081.836	5167.969
250	Spectrogram 1	1	23.267313863	23.268311596	2909.457	6026.200	5081.836	5167.969
251	Spectrogram 1	1	23.268311596	23.269309328	2909.457	6026.200	5081.836	5167.969
252	Spectrogram 1	1	23.269309328	23.270307060	2909.457	6026.200	4478.906	4478.906
253	Spectrogram 1	1	23.270307060	23.271304793	2909.457	6026.200	4478.906	4478.906
254	Spectrogram 1	1	23.271304793	23.272302525	2909.457	6026.200	4478.906	4478.906
255	Spectrogram 1	1	23.272302525	23.273300258	2909.457	6026.200	4478.906	4478.906
256	Spectrogram 1	1	23.273300258	23.274297990	2909.457	6026.200	4478.906	4478.906
257	Spectrogram 1	1	23.274297990	23.275295723	2909.457	6026.200	4478.906	4478.906
258	Spectrogram 1	1	23.275295723	23.276293455	2909.457	6026.200	4134.375	4134.375
259	Spectrogram 1	1	23.276293455	23.277291187	2909.457	6026.200	4134.375	4134.375
260	Spectrogram 1	1	23.277291187	23.278288920	2909.457	6026.200	4134.375	4134.375
261	Spectrogram 1	1	23.278288920	23.279286652	2909.457	6026.200	4134.375	4134.375
262	Spectrogram 1	1	23.279286652	23.280284385	2909.457	6026.200	4134.375	4134.375
263	Spectrogram 1	1	23.280284385	23.281282117	2909.457	6026.200	4134.375	4134.375
264	Spectrogram 1	1	23.281282117	23.282279850	2909.457	6026.200	3962.109	3875.977
265	Spectrogram 1	1	23.282279850	23.283277582	2909.457	6026.200	3962.109	3875.977
266	Spectrogram 1	1	23.283277582	23.284275314	2909.457	6026.200	3962.109	3875.977
267	Spectrogram 1	1	23.284275314	23.285273047	2909.457	6026.200	3962.109	3875.977
268	Spectrogram 1	1	23.285273047	23.286270779	2909.457	6026.200	3962.109	3875.977
269	Spectrogram 1	1	23.286270779	23.287268512	2909.457	6026.200	5254.102	5254.102
270	Spectrogram 1	1	23.287268512	23.288266244	2909.457	6026.200	5254.102	5254.102
271	Spectrogram 1	1	23.288266244	23.289263977	2909.457	6026.200	5254.102	5254.102
272	Spectrogram 1	1	23.289263977	23.290261709	2909.457	6026.200	5254.102	5254.102
273	Spectrogram 1	1	23.290261709	23.291259441	2909.457	6026.200	5254.102	5254.102
274	Spectrogram 1	1	23.291259441	23.291307943	2909.457	6026.200	5254.102	5254.102
