Selection	View	Channel	Begin Time (s)	End Time (s)	Low Freq (Hz)	High Freq (Hz)	Center Freq (Hz)	Peak Freq (Hz)
1	Spectrogram 1	1	14.433460405	14.434458137	3084.900	6695.800	5081.836	6287.695
2	Spectrogram 1	1	14.434458137	14.435455870	3084.900	6695.800	5254.102	5254.102
3	Spectrogram 1	1	14.435455870	14.436453602	3084.900	6695.800	5254.102	5254.102
4	Spectrogram 1	1	14.436453602	14.437451335	3084.900	6695.800	5254.102	5254.102
5	Spectrogram 1	1	14.437451335	14.438449067	3084.900	6695.800	5254.102	5254.102
6	Spectrogram 1	1	14.438449067	14.439446800	3084.900	6695.800	5254.102	5254.102
7	Spectrogram 1	1	14.439446800	14.440444532	3084.900	6695.800	5770.898	5943.164
8	Spectrogram 1	1	14.440444532	14.441442264	3084.900	6695.800	5770.898	5943.164
9	Spectrogram 1	1	14.441442264	14.442439997	3084.900	6695.800	5770.898	5943.164
10	Spectrogram 1	1	14.442439997	14.443437729	3084.900	6695.800	5770.898	5943.164
11	Spectrogram 1	1	14.443437729	14.444435462	3084.900	6695.800	5770.898	5943.164
12	Spectrogram 1	1	14.444435462	14.445433194	3084.900	6695.800	5770.898	5943.164
13	Spectrogram 1	1	14.445433194	14.446430927	3084.900	6695.800	5770.898	5943.164
14	Spectrogram 1	1	14.446430927	14.447428659	3084.900	6695.800	5770.898	5943.164
15	Spectrogram 1	1	14.447428659	14.448426391	3084.900	6695.800	5770.898	5943.164
16	Spectrogram 1	1	14.448426391	14.449424124	3084.900	6695.800	5770.898	5943.164
17	Spectrogram 1	1	14.449424124	14.450421856	3084.900	6695.800	5770.898	5943.164
18	Spectrogram 1	1	14.450421856	14.451419589	3084.900	6695.800	5770.898	5943.164
19	Spectrogram 1	1	14.451419589	14.452417321	3084.900	6695.800	5340.234	5340.234
20	Spectrogram 1	1	14.452417321	14.453415054	3084.900	6695.800	5340.234	5340.234
21	Spectrogram 1	1	14.453415054	14.454412786	3084.900	6695.800	5340.234	5340.234
22	Spectrogram 1	1	14.454412786	14.455410518	3084.900	6695.800	5340.234	5340.234
23	Spectrogram 1	1	14.455410518	14.456408251	3084.900	6695.800	5340.234	5340.234
24	Spectrogram 1	1	14.456408251	14.457405983	3084.900	6695.800	5340.234	5340.234
25	Spectrogram 1	1	14.457405983	14.458403716	3084.900	6695.800	5254.102	5254.102
26	Spectrogram 1	1	14.458403716	14.459401448	3084.900	6695.800	5254.102	5254.102
27	Spectrogram 1	1	14.459401448	14.460399181	3084.900	6695.800	5254.102	5254.102
28	Spectrogram 1	1	14.460399181	14.461396913	3084.900	6695.800	5254.102	5254.102
29	Spectrogram 1	1	14.461396913	14.462394645	3084.900	6695.800	5254.102	5254.102
30	Spectrogram 1	1	14.462394645	14.463392378	3084.900	6695.800	5254.102	5254.102
31	Spectrogram 1	1	14.463392378	14.464390110	3084.900	6695.800	5254.102	5254.102
32	Spectrogram 1	1	14.464390110	14.465387843	3084.900	6695.800	5254.102	5254.102
33	Spectrogram 1	1	14.465387843	14.466385575	3084.900	6695.800	5254.102	5254.102
34	Spectrogram 1	1	14.466385575	14.467383307	3084.900	6695.800	5254.102	5254.102
35	Spectrogram 1	1	14.467383307	14.468381040	3084.900	6695.800	5254.102	5254.102
36	Spectrogram 1	1	14.468381040	14.469378772	3084.900	6695.800	5254.102	5254.102
37	Spectrogram 1	1	14.469378772	14.470376505	3084.900	6695.800	5254.102	5254.102
38	Spectrogram 1	1	14.470376505	14.471374237	3084.900	6695.800	5254.102	5254.102
39	Spectrogram 1	1	14.471374237	14.472371970	3084.900	6695.800	5254.102	5254.102
40	Spectrogram 1	1	14.472371970	14.473369702	3084.900	6695.800	5254.102	5254.102
41	Spectrogram 1	1	14.473369702	14.474367434	3084.900	6695.800	5254.102	5254.102
42	Spectrogram 1	1	14.474367434	14.475365167	3084.900	6695.800	5167.969	5167.969
43	Spectrogram 1	1	14.475365167	14.476362899	3084.900	6695.800	5167.969	5167.969
44	Spectrogram 1	1	14.476362899	14.477360632	3084.900	6695.800	5167.969	5167.969
45	Spectrogram 1	1	14.477360632	14.478358364	3084.900	6695.800	5167.969	5167.969
46	Spectrogram 1	1	14.478358364	14.479356097	3084.900	6695.800	5167.969	5167.969
47	Spectrogram 1	1	14.479356097	14.480353829	3084.900	6695.800	5167.969	5167.969
48	Spectrogram 1	1	14.480353829	14.481351561	3084.900	6695.800	4995.703	4995.703
49	Spectrogram 1	1	14.481351561	14.482349294	3084.900	6695.800	4995.703	4995.703
50	Spectrogram 1	1	14.482349294	14.483347026	3084.900	6695.800	4995.703	4995.703
51	Spectrogram 1	1	14.483347026	14.484344759	3084.900	6695.800	4995.703	4995.703
52	Spectrogram 1	1	14.484344759	14.485342491	3084.900	6695.800	4995.703	4995.703
53	Spectrogram 1	1	14.485342491	14.486340224	3084.900	6695.800	4995.703	4995.703
54	Spectrogram 1	1	14.486340224	14.487337956	3084.900	6695.800	4823.438	4737.305
55	Spectrogram 1	1	14.487337956	14.488335688	3084.900	6695.800	4823.438	4737.305
56	Spectrogram 1	1	14.488335688	14.489333421	3084.900	6695.800	4823.438	4737.305
57	Spectrogram 1	1	14.489333421	14.490331153	3084.900	6695.800	4823.438	4737.305
58	Spectrogram 1	1	14.490331153	14.491328886	3084.900	6695.800	4823.438	4737.305
59	Spectrogram 1	1	14.491328886	14.492326618	3084.900	6695.800	4823.438	4737.305
60	Spectrogram 1	1	14.492326618	14.493324351	3084.900	6695.800	4478.906	4478.906
61	Spectrogram 1	1	14.493324351	14.494322083	3084.900	6695.800	4478.906	4478.906
62	Spectrogram 1	1	14.494322083	14.495319815	3084.900	6695.800	4478.906	4478.906
63	Spectrogram 1	1	14.495319815	14.496317548	3084.900	6695.800	4478.906	4478.906
64	Spectrogram 1	1	14.496317548	14.497315280	3084.900	6695.800	4478.906	4478.906
65	Spectrogram 1	1	14.497315280	14.498313013	3084.900	6695.800	4478.906	4478.906
66	Spectrogram 1	1	14.498313013	14.499310745	3084.900	6695.800	4392.773	4392.773
67	Spectrogram 1	1	14.499310745	14.500308478	3084.900	6695.800	4392.773	4392.773
68	Spectrogram 1	1	14.500308478	14.501306210	3084.900	6695.800	4392.773	4392.773
69	Spectrogram 1	1	14.501306210	14.502303942	3084.900	6695.800	4392.773	4392.773
70	Spectrogram 1	1	14.502303942	14.503301675	3084.900	6695.800	4392.773	4392.773
71	Spectrogram 1	1	14.503301675	14.504299407	3084.900	6695.800	4392.773	4306.641
72	Spectrogram 1	1	14.504299407	14.505297140	3084.900	6695.800	4392.773	4306.641
73	Spectrogram 1	1	14.505297140	14.506294872	3084.900	6695.800	4392.773	4306.641
74	Spectrogram 1	1	14.506294872	14.507292605	3084.900	6695.800	4392.773	4306.641
75	Spectrogram 1	1	14.507292605	14.508290337	3084.900	6695.800	4392.773	4306.641
76	Spectrogram 1	1	14.508290337	14.509288069	3084.900	6695.800	4392.773	4306.641
77	Spectrogram 1	1	14.509288069	14.510285802	3084.900	6695.800	4392.773	4392.773
78	Spectrogram 1	1	14.510285802	14.511283534	3084.900	6695.800	4392.773	4392.773
79	Spectrogram 1	1	14.511283534	14.512281267	3084.900	6695.800	4392.773	4392.773
80	Spectrogram 1	1	14.512281267	14.513278999	3084.900	6695.800	4392.773	4392.773
81	Spectrogram 1	1	14.513278999	14.514276732	3084.900	6695.800	4392.773	4392.773
82	Spectrogram 1	1	14.514276732	14.515274464	3084.900	6695.800	4392.773	4392.773
83	Spectrogram 1	1	14.515274464	14.516272196	3084.900	6695.800	4392.773	4392.773
84	Spectrogram 1	1	14.516272196	14.517269929	3084.900	6695.800	4392.773	4392.773
85	Spectrogram 1	1	14.517269929	14.518267661	3084.900	6695.800	4392.773	4392.773
86	Spectrogram 1	1	14.518267661	14.519265394	3084.900	6695.800	4392.773	4392.773
87	Spectrogram 1	1	14.519265394	14.520263126	3084.900	6695.800	4392.773	4392.773
88	Spectrogram 1	1	14.520263126	14.521260859	3084.900	6695.800	4392.773	4392.773
89	Spectrogram 1	1	14.521260859	14.522258591	3084.900	6695.800	4478.906	4392.773
90	Spectrogram 1	1	14.522258591	14.523256323	3084.900	6695.800	4478.906	4392.773
91	Spectrogram 1	1	14.523256323	14.524254056	3084.900	6695.800	4478.906	4392.773
92	Spectrogram 1	1	14.524254056	14.525251788	3084.900	6695.800	4478.906	4392.773
93	Spectrogram 1	1	14.525251788	14.526249521	3084.900	6695.800	4478.906	4392.773
94	Spectrogram 1	1	14.526249521	14.527247253	3084.900	6695.800	4478.906	4392.773
95	Spectrogram 1	1	14.527247253	14.528244985	3084.900	6695.800	4823.438	4565.039
96	Spectrogram 1	1	14.528244985	14.529242718	3084.900	6695.800	4823.438	4565.039
97	Spectrogram 1	1	14.529242718	14.530240450	3084.900	6695.800	4823.438	4565.039
98	Spectrogram 1	1	14.530240450	14.531238183	3084.900	6695.800	4823.438	4565.039
99	Spectrogram 1	1	14.531238183	14.532235915	3084.900	6695.800	4823.438	4565.039
100	Spectrogram 1	1	14.532235915	14.533233648	3084.900	6695.800	4823.438	4565.039
101	Spectrogram 1	1	14.533233648	14.534231380	3084.900	6695.800	4823.438	4823.438
102	Spectrogram 1	1	14.534231380	14.535229112	3084.900	6695.800	4823.438	4823.438
103	Spectrogram 1	1	14.535229112	14.536226845	3084.900	6695.800	4823.438	4823.438
104	Spectrogram 1	1	14.536226845	14.537224577	3084.900	6695.800	4823.438	4823.438
105	Spectrogram 1	1	14.537224577	14.538222310	3084.900	6695.800	4823.438	4823.438
106	Spectrogram 1	1	14.538222310	14.539220042	3084.900	6695.800	4737.305	4737.305
107	Spectrogram 1	1	14.539220042	14.540217775	3084.900	6695.800	4737.305	4737.305
108	Spectrogram 1	1	14.540217775	14.541215507	3084.900	6695.800	4737.305	4737.305
109	Spectrogram 1	1	14.541215507	14.542213239	3084.900	6695.800	4737.305	4737.305
110	Spectrogram 1	1	14.542213239	14.543210972	3084.900	6695.800	4737.305	4737.305
111	Spectrogram 1	1	14.543210972	14.544208704	3084.900	6695.800	4737.305	4737.305
112	Spectrogram 1	1	14.544208704	14.545206437	3084.900	6695.800	4651.172	4651.172
113	Spectrogram 1	1	14.545206437	14.546204169	3084.900	6695.800	4651.172	4651.172
114	Spectrogram 1	1	14.546204169	14.547201902	3084.900	6695.800	4651.172	4651.172
115	Spectrogram 1	1	14.547201902	14.548199634	3084.900	6695.800	4651.172	4651.172
116	Spectrogram 1	1	14.548199634	14.549197366	3084.900	6695.800	4651.172	4651.172
117	Spectrogram 1	1	14.549197366	14.550195099	3084.900	6695.800	4651.172	4651.172
118	Spectrogram 1	1	14.550195099	14.551192831	3084.900	6695.800	4737.305	4737.305
119	Spectrogram 1	1	14.551192831	14.552190564	3084.900	6695.800	4737.305	4737.305
120	Spectrogram 1	1	14.552190564	14.553188296	3084.900	6695.800	4737.305	4737.305
121	Spectrogram 1	1	14.553188296	14.554186029	3084.900	6695.800	4737.305	4737.305
122	Spectrogram 1	1	14.554186029	14.555183761	3084.900	6695.800	4737.305	4737.305
123	Spectrogram 1	1	14.555183761	14.556181493	3084.900	6695.800	4737.305	4737.305
124	Spectrogram 1	1	14.556181493	14.557179226	3084.900	6695.800	4651.172	4651.172
125	Spectrogram 1	1	14.557179226	14.558176958	3084.900	6695.800	4651.172	4651.172
126	Spectrogram 1	1	14.558176958	14.559174691	3084.900	6695.800	4651.172	4651.172
127	Spectrogram 1	1	14.559174691	14.560172423	3084.900	6695.800	4651.172	4651.172
128	Spectrogram 1	1	14.560172423	14.561170156	3084.900	6695.800	4651.172	4651.172
129	Spectrogram 1	1	14.561170156	14.562167888	3084.900	6695.800	4651.172	4651.172
130	Spectrogram 1	1	14.562167888	14.563165620	3084.900	6695.800	4737.305	4392.773
131	Spectrogram 1	1	14.563165620	14.564163353	3084.900	6695.800	4737.305	4392.773
132	Spectrogram 1	1	14.564163353	14.565161085	3084.900	6695.800	4737.305	4392.773
133	Spectrogram 1	1	14.565161085	14.566158818	3084.900	6695.800	4737.305	4392.773
134	Spectrogram 1	1	14.566158818	14.567156550	3084.900	6695.800	4737.305	4392.773
135	Spectrogram 1	1	14.567156550	14.568154283	3084.900	6695.800	4651.172	4651.172
136	Spectrogram 1	1	14.568154283	14.569152015	3084.900	6695.800	4651.172	4651.172
137	Spectrogram 1	1	14.569152015	14.570149747	3084.900	6695.800	4651.172	4651.172
138	Spectrogram 1	1	14.570149747	14.571147480	3084.900	6695.800	4651.172	4651.172
139	Spectrogram 1	1	14.571147480	14.572145212	3084.900	6695.800	4651.172	4651.172
140	Spectrogram 1	1	14.572145212	14.573142945	3084.900	6695.800	4651.172	4651.172
141	Spectrogram 1	1	14.573142945	14.574140677	3084.900	6695.800	3445.312	3359.180
142	Spectrogram 1	1	14.574140677	14.575138410	3084.900	6695.800	3445.312	3359.180
143	Spectrogram 1	1	14.575138410	14.576136142	3084.900	6695.800	3445.312	3359.180
144	Spectrogram 1	1	14.576136142	14.577133874	3084.900	6695.800	3445.312	3359.180
145	Spectrogram 1	1	14.577133874	14.578131607	3084.900	6695.800	3445.312	3359.180
146	Spectrogram 1	1	14.578131607	14.579129339	3084.900	6695.800	3445.312	3359.180
147	Spectrogram 1	1	14.579129339	14.580127072	3084.900	6695.800	3445.312	3445.312
148	Spectrogram 1	1	14.580127072	14.581124804	3084.900	6695.800	3445.312	3445.312
149	Spectrogram 1	1	14.581124804	14.582122537	3084.900	6695.800	3445.312	3445.312
150	Spectrogram 1	1	14.582122537	14.583120269	3084.900	6695.800	3445.312	3445.312
151	Spectrogram 1	1	14.583120269	14.584118001	3084.900	6695.800	3445.312	3445.312
152	Spectrogram 1	1	14.584118001	14.585115734	3084.900	6695.800	3445.312	3445.312
153	Spectrogram 1	1	14.585115734	14.586113466	3084.900	6695.800	3359.180	3359.180
154	Spectrogram 1	1	14.586113466	14.587111199	3084.900	6695.800	3359.180	3359.180
155	Spectrogram 1	1	14.587111199	14.588108931	3084.900	6695.800	3359.180	3359.180
156	Spectrogram 1	1	14.588108931	14.589106664	3084.900	6695.800	3359.180	3359.180
157	Spectrogram 1	1	14.589106664	14.590104396	3084.900	6695.800	3359.180	3359.180
158	Spectrogram 1	1	14.590104396	14.591102128	3084.900	6695.800	3359.180	3359.180
159	Spectrogram 1	1	14.591102128	14.592099861	3084.900	6695.800	4737.305	4737.305
160	Spectrogram 1	1	14.592099861	14.593097593	3084.900	6695.800	4737.305	4737.305
161	Spectrogram 1	1	14.593097593	14.594095326	3084.900	6695.800	4737.305	4737.305
162	Spectrogram 1	1	14.594095326	14.595093058	3084.900	6695.800	4737.305	4737.305
163	Spectrogram 1	1	14.595093058	14.596090790	3084.900	6695.800	4737.305	4737.305
164	Spectrogram 1	1	14.596090790	14.597088523	3084.900	6695.800	4737.305	4737.305
165	Spectrogram 1	1	14.597088523	14.598086255	3084.900	6695.800	4651.172	4737.305
166	Spectrogram 1	1	14.598086255	14.599083988	3084.900	6695.800	4651.172	4737.305
167	Spectrogram 1	1	14.599083988	14.600081720	3084.900	6695.800	4651.172	4737.305
168	Spectrogram 1	1	14.600081720	14.601079453	3084.900	6695.800	4651.172	4737.305
169	Spectrogram 1	1	14.601079453	14.602077185	3084.900	6695.800	4651.172	4737.305
170	Spectrogram 1	1	14.602077185	14.603074917	3084.900	6695.800	4737.305	4737.305
171	Spectrogram 1	1	14.603074917	14.604072650	3084.900	6695.800	4737.305	4737.305
172	Spectrogram 1	1	14.604072650	14.605070382	3084.900	6695.800	4737.305	4737.305
173	Spectrogram 1	1	14.605070382	14.606068115	3084.900	6695.800	4737.305	4737.305
174	Spectrogram 1	1	14.606068115	14.607065847	3084.900	6695.800	4737.305	4737.305
175	Spectrogram 1	1	14.607065847	14.608063580	3084.900	6695.800	4737.305	4737.305
176	Spectrogram 1	1	14.608063580	14.609061312	3084.900	6695.800	4737.305	4737.305
177	Spectrogram 1	1	14.609061312	14.610059044	3084.900	6695.800	4737.305	4737.305
178	Spectrogram 1	1	14.610059044	14.611056777	3084.900	6695.800	4737.305	4737.305
179	Spectrogram 1	1	14.611056777	14.612054509	3084.900	6695.800	4737.305	4737.305
180	Spectrogram 1	1	14.612054509	14.613052242	3084.900	6695.800	4737.305	4737.305
181	Spectrogram 1	1	14.613052242	14.614049974	3084.900	6695.800	4737.305	4737.305
182	Spectrogram 1	1	14.614049974	14.615047707	3084.900	6695.800	3875.977	3875.977
183	Spectrogram 1	1	14.615047707	14.616045439	3084.900	6695.800	3875.977	3875.977
184	Spectrogram 1	1	14.616045439	14.617043171	3084.900	6695.800	3875.977	3875.977
185	Spectrogram 1	1	14.617043171	14.618040904	3084.900	6695.800	3875.977	3875.977
186	Spectrogram 1	1	14.618040904	14.619038636	3084.900	6695.800	3875.977	3875.977
187	Spectrogram 1	1	14.619038636	14.620036369	3084.900	6695.800	3875.977	3875.977
188	Spectrogram 1	1	14.620036369	14.621034101	3084.900	6695.800	4134.375	4134.375
189	Spectrogram 1	1	14.621034101	14.622031834	3084.900	6695.800	4134.375	4134.375
190	Spectrogram 1	1	14.622031834	14.623029566	3084.900	6695.800	4134.375	4134.375
191	Spectrogram 1	1	14.623029566	14.624027298	3084.900	6695.800	4134.375	4134.375
192	Spectrogram 1	1	14.624027298	14.625025031	3084.900	6695.800	4134.375	4134.375
193	Spectrogram 1	1	14.625025031	14.626022763	3084.900	6695.800	4134.375	4134.375
194	Spectrogram 1	1	14.626022763	14.627020496	3084.900	6695.800	4478.906	4478.906
195	Spectrogram 1	1	14.627020496	14.628018228	3084.900	6695.800	4478.906	4478.906
196	Spectrogram 1	1	14.628018228	14.629015961	3084.900	6695.800	4478.906	4478.906
197	Spectrogram 1	1	14.629015961	14.630013693	3084.900	6695.800	4478.906	4478.906
198	Spectrogram 1	1	14.630013693	14.631011425	3084.900	6695.800	4478.906	4478.906
199	Spectrogram 1	1	14.631011425	14.632009158	3084.900	6695.800	4737.305	4737.305
200	Spectrogram 1	1	14.632009158	14.633006890	3084.900	6695.800	4737.305	4737.305
201	Spectrogram 1	1	14.633006890	14.634004623	3084.900	6695.800	4737.305	4737.305
202	Spectrogram 1	1	14.634004623	14.635002355	3084.900	6695.800	4737.305	4737.305
203	Spectrogram 1	1	14.635002355	14.636000088	3084.900	6695.800	4737.305	4737.305
204	Spectrogram 1	1	14.636000088	14.636997820	3084.900	6695.800	4737.305	4737.305
205	Spectrogram 1	1	14.636997820	14.637995552	3084.900	6695.800	4909.570	4909.570
206	Spectrogram 1	1	14.637995552	14.638993285	3084.900	6695.800	4909.570	4909.570
207	Spectrogram 1	1	14.638993285	14.639991017	3084.900	6695.800	4909.570	4909.570
208	Spectrogram 1	1	14.639991017	14.640988750	3084.900	6695.800	4909.570	4909.570
209	Spectrogram 1	1	14.640988750	14.641986482	3084.900	6695.800	4909.570	4909.570
210	Spectrogram 1	1	14.641986482	14.642984215	3084.900	6695.800	4909.570	4909.570
211	Spectrogram 1	1	14.642984215	14.643981947	3084.900	6695.800	4995.703	4995.703
212	Spectrogram 1	1	14.643981947	14.644979679	3084.900	6695.800	4995.703	4995.703
213	Spectrogram 1	1	14.644979679	14.645977412	3084.900	6695.800	4995.703	4995.703
214	Spectrogram 1	1	14.645977412	14.646975144	3084.900	6695.800	4995.703	4995.703
215	Spectrogram 1	1	14.646975144	14.647972877	3084.900	6695.800	4995.703	4995.703
216	Spectrogram 1	1	14.647972877	14.648970609	3084.900	6695.800	4995.703	4995.703
217	Spectrogram 1	1	14.648970609	14.649968342	3084.900	6695.800	5340.234	5340.234
218	Spectrogram 1	1	14.649968342	14.650966074	3084.900	6695.800	5340.234	5340.234
219	Spectrogram 1	1	14.650966074	14.651963806	3084.900	6695.800	5340.234	5340.234
220	Spectrogram 1	1	14.651963806	14.652961539	3084.900	6695.800	5340.234	5340.234
221	Spectrogram 1	1	14.652961539	14.653959271	3084.900	6695.800	5340.234	5340.234
222	Spectrogram 1	1	14.653959271	14.654957004	3084.900	6695.800	5340.234	5340.234
223	Spectrogram 1	1	14.654957004	14.655954736	3084.900	6695.800	5340.234	5254.102
224	Spectrogram 1	1	14.655954736	14.656952468	3084.900	6695.800	5340.234	5254.102
225	Spectrogram 1	1	14.656952468	14.657950201	3084.900	6695.800	5340.234	5254.102
226	Spectrogram 1	1	14.657950201	14.658947933	3084.900	6695.800	5340.234	5254.102
227	Spectrogram 1	1	14.658947933	14.659945666	3084.900	6695.800	5340.234	5254.102
228	Spectrogram 1	1	14.659945666	14.660943398	3084.900	6695.800	5340.234	5254.102
229	Spectrogram 1	1	14.660943398	14.661941131	3084.900	6695.800	5684.766	5684.766
230	Spectrogram 1	1	14.661941131	14.662938863	3084.900	6695.800	5684.766	5684.766
231	Spectrogram 1	1	14.662938863	14.663936595	3084.900	6695.800	5684.766	5684.766
232	Spectrogram 1	1	14.663936595	14.664934328	3084.900	6695.800	5684.766	5684.766
233	Spectrogram 1	1	14.664934328	14.665932060	3084.900	6695.800	5684.766	5684.766
234	Spectrogram 1	1	14.665932060	14.666929793	3084.900	6695.800	6201.562	6459.961
235	Spectrogram 1	1	14.666929793	14.667927525	3084.900	6695.800	6201.562	6459.961
236	Spectrogram 1	1	14.667927525	14.668925258	3084.900	6695.800	6201.562	6459.961
237	Spectrogram 1	1	14.668925258	14.669922990	3084.900	6695.800	6201.562	6459.961
238	Spectrogram 1	1	14.669922990	14.670920722	3084.900	6695.800	6201.562	6459.961
239	Spectrogram 1	1	14.670920722	14.671918455	3084.900	6695.800	6201.562	6459.961
240	Spectrogram 1	1	14.671918455	14.672916187	3084.900	6695.800	6287.695	6287.695
241	Spectrogram 1	1	14.672916187	14.673913920	3084.900	6695.800	6287.695	6287.695
242	Spectrogram 1	1	14.673913920	14.674911652	3084.900	6695.800	6287.695	6287.695
243	Spectrogram 1	1	14.674911652	14.675909385	3084.900	6695.800	6287.695	6287.695
244	Spectrogram 1	1	14.675909385	14.676907117	3084.900	6695.800	6287.695	6287.695
245	Spectrogram 1	1	14.676907117	14.677904849	3084.900	6695.800	6287.695	6287.695
246	Spectrogram 1	1	14.677904849	14.678902582	3084.900	6695.800	5684.766	5684.766
247	Spectrogram 1	1	14.678902582	14.679900314	3084.900	6695.800	5684.766	5684.766
248	Spectrogram 1	1	14.679900314	14.680898047	3084.900	6695.800	5684.766	5684.766
249	Spectrogram 1	1	14.680898047	14.681895779	3084.900	6695.800	5684.766	5684.766
250	Spectrogram 1	1	14.681895779	14.682893512	3084.900	6695.800	5684.766	5684.766
251	Spectrogram 1	1	14.682893512	14.683891244	3084.900	6695.800	5684.766	5684.766
252	Spectrogram 1	1	14.683891244	14.684888976	3084.900	6695.800	5254.102	5340.234
253	Spectrogram 1	1	14.684888976	14.685886709	3084.900	6695.800	5254.102	5340.234
254	Spectrogram 1	1	14.685886709	14.686884441	3084.900	6695.800	5254.102	5340.234
255	Spectrogram 1	1	14.686884441	14.687882174	3084.900	6695.800	5254.102	5340.234
256	Spectrogram 1	1	14.687882174	14.688879906	3084.900	6695.800	5254.102	5340.234
257	Spectrogram 1	1	14.688879906	14.689877639	3084.900	6695.800	5254.102	5340.234
258	Spectrogram 1	1	14.689877639	14.690875371	3084.900	6695.800	5598.633	6029.297
259	Spectrogram 1	1	14.690875371	14.691825085	3084.900	6695.800	5598.633	6029.297
