Selection	View	Channel	Begin Time (s)	End Time (s)	Low Freq (Hz)	High Freq (Hz)	Center Freq (Hz)	Peak Freq (Hz)
1	Spectrogram 1	1	10.076018601	10.077018601	3116.883	6721.800	4781.250	4781.250
2	Spectrogram 1	1	10.077018601	10.078018601	3116.883	6721.800	4781.250	4968.750
3	Spectrogram 1	1	10.078018601	10.079018601	3116.883	6721.800	4781.250	4968.750
4	Spectrogram 1	1	10.079018601	10.080018601	3116.883	6721.800	4781.250	4968.750
5	Spectrogram 1	1	10.080018601	10.081018601	3116.883	6721.800	4781.250	4968.750
6	Spectrogram 1	1	10.081018601	10.082018601	3116.883	6721.800	4781.250	4968.750
7	Spectrogram 1	1	10.082018601	10.083018601	3116.883	6721.800	4781.250	4968.750
8	Spectrogram 1	1	10.083018601	10.084018601	3116.883	6721.800	5437.500	5437.500
9	Spectrogram 1	1	10.084018601	10.085018601	3116.883	6721.800	5437.500	5437.500
10	Spectrogram 1	1	10.085018601	10.086018601	3116.883	6721.800	5437.500	5437.500
11	Spectrogram 1	1	10.086018601	10.087018601	3116.883	6721.800	5437.500	5437.500
12	Spectrogram 1	1	10.087018601	10.088018601	3116.883	6721.800	5437.500	5437.500
13	Spectrogram 1	1	10.088018601	10.089018601	3116.883	6721.800	5812.500	5812.500
14	Spectrogram 1	1	10.089018601	10.090018601	3116.883	6721.800	5812.500	5812.500
15	Spectrogram 1	1	10.090018601	10.091018601	3116.883	6721.800	5812.500	5812.500
16	Spectrogram 1	1	10.091018601	10.092018601	3116.883	6721.800	5812.500	5812.500
17	Spectrogram 1	1	10.092018601	10.093018601	3116.883	6721.800	5812.500	5812.500
18	Spectrogram 1	1	10.093018601	10.094018601	3116.883	6721.800	6000.000	6000.000
19	Spectrogram 1	1	10.094018601	10.095018601	3116.883	6721.800	6000.000	6000.000
20	Spectrogram 1	1	10.095018601	10.096018601	3116.883	6721.800	6000.000	6000.000
21	Spectrogram 1	1	10.096018601	10.097018601	3116.883	6721.800	6000.000	6000.000
22	Spectrogram 1	1	10.097018601	10.098018601	3116.883	6721.800	6000.000	6000.000
23	Spectrogram 1	1	10.098018601	10.099018601	3116.883	6721.800	6000.000	6000.000
24	Spectrogram 1	1	10.099018601	10.100018601	3116.883	6721.800	6000.000	6000.000
25	Spectrogram 1	1	10.100018601	10.101018601	3116.883	6721.800	6000.000	6000.000
26	Spectrogram 1	1	10.101018601	10.102018601	3116.883	6721.800	6000.000	6000.000
27	Spectrogram 1	1	10.102018601	10.103018601	3116.883	6721.800	6000.000	6000.000
28	Spectrogram 1	1	10.103018601	10.104018601	3116.883	6721.800	6000.000	6000.000
29	Spectrogram 1	1	10.104018601	10.105018601	3116.883	6721.800	5625.000	5625.000
30	Spectrogram 1	1	10.105018601	10.106018601	3116.883	6721.800	5625.000	5625.000
31	Spectrogram 1	1	10.106018601	10.107018601	3116.883	6721.800	5625.000	5625.000
32	Spectrogram 1	1	10.107018601	10.108018601	3116.883	6721.800	5625.000	5625.000
33	Spectrogram 1	1	10.108018601	10.109018601	3116.883	6721.800	5625.000	5625.000
34	Spectrogram 1	1	10.109018601	10.110018601	3116.883	6721.800	5343.750	5343.750
35	Spectrogram 1	1	10.110018601	10.111018601	3116.883	6721.800	5343.750	5343.750
36	Spectrogram 1	1	10.111018601	10.112018601	3116.883	6721.800	5343.750	5343.750
37	Spectrogram 1	1	10.112018601	10.113018601	3116.883	6721.800	5343.750	5343.750
38	Spectrogram 1	1	10.113018601	10.114018601	3116.883	6721.800	5343.750	5343.750
39	Spectrogram 1	1	10.114018601	10.115018601	3116.883	6721.800	5343.750	5343.750
40	Spectrogram 1	1	10.115018601	10.116018601	3116.883	6721.800	5156.250	5156.250
41	Spectrogram 1	1	10.116018601	10.117018601	3116.883	6721.800	5156.250	5156.250
42	Spectrogram 1	1	10.117018601	10.118018601	3116.883	6721.800	5156.250	5156.250
43	Spectrogram 1	1	10.118018601	10.119018601	3116.883	6721.800	5156.250	5156.250
44	Spectrogram 1	1	10.119018601	10.120018601	3116.883	6721.800	5156.250	5156.250
45	Spectrogram 1	1	10.120018601	10.121018601	3116.883	6721.800	5062.500	5062.500
46	Spectrogram 1	1	10.121018601	10.122018601	3116.883	6721.800	5062.500	5062.500
47	Spectrogram 1	1	10.122018601	10.123018601	3116.883	6721.800	5062.500	5062.500
48	Spectrogram 1	1	10.123018601	10.124018601	3116.883	6721.800	5062.500	5062.500
49	Spectrogram 1	1	10.124018601	10.125018601	3116.883	6721.800	5062.500	5062.500
50	Spectrogram 1	1	10.125018601	10.126018601	3116.883	6721.800	4968.750	4875.000
51	Spectrogram 1	1	10.126018601	10.127018601	3116.883	6721.800	4968.750	4875.000
52	Spectrogram 1	1	10.127018601	10.128018601	3116.883	6721.800	4968.750	4875.000
53	Spectrogram 1	1	10.128018601	10.129018601	3116.883	6721.800	4968.750	4875.000
54	Spectrogram 1	1	10.129018601	10.130018601	3116.883	6721.800	4968.750	4875.000
55	Spectrogram 1	1	10.130018601	10.131018601	3116.883	6721.800	4968.750	4875.000
56	Spectrogram 1	1	10.131018601	10.132018601	3116.883	6721.800	4781.250	4687.500
57	Spectrogram 1	1	10.132018601	10.133018601	3116.883	6721.800	4781.250	4687.500
58	Spectrogram 1	1	10.133018601	10.134018601	3116.883	6721.800	4781.250	4687.500
59	Spectrogram 1	1	10.134018601	10.135018601	3116.883	6721.800	4781.250	4687.500
60	Spectrogram 1	1	10.135018601	10.136018601	3116.883	6721.800	4781.250	4687.500
61	Spectrogram 1	1	10.136018601	10.137018601	3116.883	6721.800	4500.000	4500.000
62	Spectrogram 1	1	10.137018601	10.138018601	3116.883	6721.800	4500.000	4500.000
63	Spectrogram 1	1	10.138018601	10.139018601	3116.883	6721.800	4500.000	4500.000
64	Spectrogram 1	1	10.139018601	10.140018601	3116.883	6721.800	4500.000	4500.000
65	Spectrogram 1	1	10.140018601	10.141018601	3116.883	6721.800	4500.000	4500.000
66	Spectrogram 1	1	10.141018601	10.142018601	3116.883	6721.800	4406.250	4406.250
67	Spectrogram 1	1	10.142018601	10.143018601	3116.883	6721.800	4406.250	4406.250
68	Spectrogram 1	1	10.143018601	10.144018601	3116.883	6721.800	4406.250	4406.250
69	Spectrogram 1	1	10.144018601	10.145018601	3116.883	6721.800	4406.250	4406.250
70	Spectrogram 1	1	10.145018601	10.146018601	3116.883	6721.800	4406.250	4406.250
71	Spectrogram 1	1	10.146018601	10.147018601	3116.883	6721.800	4406.250	4406.250
72	Spectrogram 1	1	10.147018601	10.148018601	3116.883	6721.800	4312.500	4312.500
73	Spectrogram 1	1	10.148018601	10.149018601	3116.883	6721.800	4312.500	4312.500
74	Spectrogram 1	1	10.149018601	10.150018601	3116.883	6721.800	4312.500	4312.500
75	Spectrogram 1	1	10.150018601	10.151018601	3116.883	6721.800	4312.500	4312.500
76	Spectrogram 1	1	10.151018601	10.152018601	3116.883	6721.800	4312.500	4312.500
77	Spectrogram 1	1	10.152018601	10.153018601	3116.883	6721.800	4312.500	4312.500
78	Spectrogram 1	1	10.153018601	10.154018601	3116.883	6721.800	4312.500	4312.500
79	Spectrogram 1	1	10.154018601	10.155018601	3116.883	6721.800	4312.500	4312.500
80	Spectrogram 1	1	10.155018601	10.156018601	3116.883	6721.800	4312.500	4312.500
81	Spectrogram 1	1	10.156018601	10.157018601	3116.883	6721.800	4312.500	4312.500
82	Spectrogram 1	1	10.157018601	10.158018601	3116.883	6721.800	4312.500	4312.500
83	Spectrogram 1	1	10.158018601	10.159018601	3116.883	6721.800	4312.500	4312.500
84	Spectrogram 1	1	10.159018601	10.160018601	3116.883	6721.800	4312.500	4312.500
85	Spectrogram 1	1	10.160018601	10.161018601	3116.883	6721.800	4312.500	4312.500
86	Spectrogram 1	1	10.161018601	10.162018601	3116.883	6721.800	4312.500	4312.500
87	Spectrogram 1	1	10.162018601	10.163018601	3116.883	6721.800	4312.500	4312.500
88	Spectrogram 1	1	10.163018601	10.164018601	3116.883	6721.800	4406.250	4406.250
89	Spectrogram 1	1	10.164018601	10.165018601	3116.883	6721.800	4406.250	4406.250
90	Spectrogram 1	1	10.165018601	10.166018601	3116.883	6721.800	4406.250	4406.250
91	Spectrogram 1	1	10.166018601	10.167018601	3116.883	6721.800	4406.250	4406.250
92	Spectrogram 1	1	10.167018601	10.168018601	3116.883	6721.800	4406.250	4406.250
93	Spectrogram 1	1	10.168018601	10.169018601	3116.883	6721.800	4500.000	4500.000
94	Spectrogram 1	1	10.169018601	10.170018601	3116.883	6721.800	4500.000	4500.000
95	Spectrogram 1	1	10.170018601	10.171018601	3116.883	6721.800	4500.000	4500.000
96	Spectrogram 1	1	10.171018601	10.172018601	3116.883	6721.800	4500.000	4500.000
97	Spectrogram 1	1	10.172018601	10.173018601	3116.883	6721.800	4500.000	4500.000
98	Spectrogram 1	1	10.173018601	10.174018601	3116.883	6721.800	4968.750	4593.750
99	Spectrogram 1	1	10.174018601	10.175018601	3116.883	6721.800	4968.750	4593.750
100	Spectrogram 1	1	10.175018601	10.176018601	3116.883	6721.800	4968.750	4593.750
101	Spectrogram 1	1	10.176018601	10.177018601	3116.883	6721.800	4968.750	4593.750
102	Spectrogram 1	1	10.177018601	10.178018601	3116.883	6721.800	4968.750	4593.750
103	Spectrogram 1	1	10.178018601	10.179018601	3116.883	6721.800	4968.750	4593.750
104	Spectrogram 1	1	10.179018601	10.180018601	3116.883	6721.800	4781.250	4500.000
105	Spectrogram 1	1	10.180018601	10.181018601	3116.883	6721.800	4781.250	4500.000
106	Spectrogram 1	1	10.181018601	10.182018601	3116.883	6721.800	4781.250	4500.000
107	Spectrogram 1	1	10.182018601	10.183018601	3116.883	6721.800	4781.250	4500.000
108	Spectrogram 1	1	10.183018601	10.184018601	3116.883	6721.800	4781.250	4500.000
109	Spectrogram 1	1	10.184018601	10.185018601	3116.883	6721.800	5718.750	5718.750
110	Spectrogram 1	1	10.185018601	10.186018601	3116.883	6721.800	5718.750	5718.750
111	Spectrogram 1	1	10.186018601	10.187018601	3116.883	6721.800	5718.750	5718.750
112	Spectrogram 1	1	10.187018601	10.188018601	3116.883	6721.800	5718.750	5718.750
113	Spectrogram 1	1	10.188018601	10.189018601	3116.883	6721.800	5718.750	5718.750
114	Spectrogram 1	1	10.189018601	10.190018601	3116.883	6721.800	5437.500	5625.000
115	Spectrogram 1	1	10.190018601	10.191018601	3116.883	6721.800	5437.500	5625.000
116	Spectrogram 1	1	10.191018601	10.192018601	3116.883	6721.800	5437.500	5625.000
117	Spectrogram 1	1	10.192018601	10.193018601	3116.883	6721.800	5437.500	5625.000
118	Spectrogram 1	1	10.193018601	10.194018601	3116.883	6721.800	5437.500	5625.000
119	Spectrogram 1	1	10.194018601	10.195018601	3116.883	6721.800	5437.500	5625.000
120	Spectrogram 1	1	10.195018601	10.196018601	3116.883	6721.800	4968.750	5062.500
121	Spectrogram 1	1	10.196018601	10.197018601	3116.883	6721.800	4968.750	5062.500
122	Spectrogram 1	1	10.197018601	10.198018601	3116.883	6721.800	4968.750	5062.500
123	Spectrogram 1	1	10.198018601	10.199018601	3116.883	6721.800	4968.750	5062.500
124	Spectrogram 1	1	10.199018601	10.200018601	3116.883	6721.800	4968.750	5062.500
125	Spectrogram 1	1	10.200018601	10.201018601	3116.883	6721.800	5062.500	4593.750
126	Spectrogram 1	1	10.201018601	10.202018601	3116.883	6721.800	5062.500	4593.750
127	Spectrogram 1	1	10.202018601	10.203018601	3116.883	6721.800	5062.500	4593.750
128	Spectrogram 1	1	10.203018601	10.204018601	3116.883	6721.800	5062.500	4593.750
129	Spectrogram 1	1	10.204018601	10.205018601	3116.883	6721.800	5062.500	4593.750
130	Spectrogram 1	1	10.205018601	10.206018601	3116.883	6721.800	4687.500	4593.750
131	Spectrogram 1	1	10.206018601	10.207018601	3116.883	6721.800	4687.500	4593.750
132	Spectrogram 1	1	10.207018601	10.208018601	3116.883	6721.800	4687.500	4593.750
133	Spectrogram 1	1	10.208018601	10.209018601	3116.883	6721.800	4687.500	4593.750
134	Spectrogram 1	1	10.209018601	10.210018601	3116.883	6721.800	4687.500	4593.750
135	Spectrogram 1	1	10.210018601	10.211018601	3116.883	6721.800	4687.500	4593.750
136	Spectrogram 1	1	10.211018601	10.212018601	3116.883	6721.800	3375.000	3281.250
137	Spectrogram 1	1	10.212018601	10.213018601	3116.883	6721.800	3375.000	3281.250
138	Spectrogram 1	1	10.213018601	10.214018601	3116.883	6721.800	3375.000	3281.250
139	Spectrogram 1	1	10.214018601	10.215018601	3116.883	6721.800	3375.000	3281.250
140	Spectrogram 1	1	10.215018601	10.216018601	3116.883	6721.800	3375.000	3281.250
141	Spectrogram 1	1	10.216018601	10.217018601	3116.883	6721.800	3281.250	3281.250
142	Spectrogram 1	1	10.217018601	10.218018601	3116.883	6721.800	3281.250	3281.250
143	Spectrogram 1	1	10.218018601	10.219018601	3116.883	6721.800	3281.250	3281.250
144	Spectrogram 1	1	10.219018601	10.220018601	3116.883	6721.800	3281.250	3281.250
145	Spectrogram 1	1	10.220018601	10.221018601	3116.883	6721.800	3281.250	3281.250
146	Spectrogram 1	1	10.221018601	10.222018601	3116.883	6721.800	3375.000	3375.000
147	Spectrogram 1	1	10.222018601	10.223018601	3116.883	6721.800	3375.000	3375.000
148	Spectrogram 1	1	10.223018601	10.224018601	3116.883	6721.800	3375.000	3375.000
149	Spectrogram 1	1	10.224018601	10.225018601	3116.883	6721.800	3375.000	3375.000
150	Spectrogram 1	1	10.225018601	10.226018601	3116.883	6721.800	3375.000	3375.000
151	Spectrogram 1	1	10.226018601	10.227018601	3116.883	6721.800	3375.000	3375.000
152	Spectrogram 1	1	10.227018601	10.228018601	3116.883	6721.800	4312.500	3375.000
153	Spectrogram 1	1	10.228018601	10.229018601	3116.883	6721.800	4312.500	3375.000
154	Spectrogram 1	1	10.229018601	10.230018601	3116.883	6721.800	4312.500	3375.000
155	Spectrogram 1	1	10.230018601	10.231018601	3116.883	6721.800	4312.500	3375.000
156	Spectrogram 1	1	10.231018601	10.232018601	3116.883	6721.800	4312.500	3375.000
157	Spectrogram 1	1	10.232018601	10.233018601	3116.883	6721.800	3468.750	3375.000
158	Spectrogram 1	1	10.233018601	10.234018601	3116.883	6721.800	3468.750	3375.000
159	Spectrogram 1	1	10.234018601	10.235018601	3116.883	6721.800	3468.750	3375.000
160	Spectrogram 1	1	10.235018601	10.236018601	3116.883	6721.800	3468.750	3375.000
161	Spectrogram 1	1	10.236018601	10.237018601	3116.883	6721.800	3468.750	3375.000
162	Spectrogram 1	1	10.237018601	10.238018601	3116.883	6721.800	3468.750	3468.750
163	Spectrogram 1	1	10.238018601	10.239018601	3116.883	6721.800	3468.750	3468.750
164	Spectrogram 1	1	10.239018601	10.240018601	3116.883	6721.800	3468.750	3468.750
165	Spectrogram 1	1	10.240018601	10.241018601	3116.883	6721.800	3468.750	3468.750
166	Spectrogram 1	1	10.241018601	10.242018601	3116.883	6721.800	3468.750	3468.750
167	Spectrogram 1	1	10.242018601	10.243018601	3116.883	6721.800	3468.750	3468.750
168	Spectrogram 1	1	10.243018601	10.244018601	3116.883	6721.800	3468.750	3468.750
169	Spectrogram 1	1	10.244018601	10.245018601	3116.883	6721.800	3468.750	3468.750
170	Spectrogram 1	1	10.245018601	10.246018601	3116.883	6721.800	3468.750	3468.750
171	Spectrogram 1	1	10.246018601	10.247018601	3116.883	6721.800	3468.750	3468.750
172	Spectrogram 1	1	10.247018601	10.248018601	3116.883	6721.800	3468.750	3468.750
173	Spectrogram 1	1	10.248018601	10.249018601	3116.883	6721.800	3656.250	3656.250
174	Spectrogram 1	1	10.249018601	10.250018601	3116.883	6721.800	3656.250	3656.250
175	Spectrogram 1	1	10.250018601	10.251018601	3116.883	6721.800	3656.250	3656.250
176	Spectrogram 1	1	10.251018601	10.252018601	3116.883	6721.800	3656.250	3656.250
177	Spectrogram 1	1	10.252018601	10.253018601	3116.883	6721.800	3656.250	3656.250
178	Spectrogram 1	1	10.253018601	10.254018601	3116.883	6721.800	4031.250	3937.500
179	Spectrogram 1	1	10.254018601	10.255018601	3116.883	6721.800	4031.250	3937.500
180	Spectrogram 1	1	10.255018601	10.256018601	3116.883	6721.800	4031.250	3937.500
181	Spectrogram 1	1	10.256018601	10.257018601	3116.883	6721.800	4031.250	3937.500
182	Spectrogram 1	1	10.257018601	10.258018601	3116.883	6721.800	4031.250	3937.500
183	Spectrogram 1	1	10.258018601	10.259018601	3116.883	6721.800	4031.250	3937.500
184	Spectrogram 1	1	10.259018601	10.260018601	3116.883	6721.800	4406.250	4406.250
185	Spectrogram 1	1	10.260018601	10.261018601	3116.883	6721.800	4406.250	4406.250
186	Spectrogram 1	1	10.261018601	10.262018601	3116.883	6721.800	4406.250	4406.250
187	Spectrogram 1	1	10.262018601	10.263018601	3116.883	6721.800	4406.250	4406.250
188	Spectrogram 1	1	10.263018601	10.264018601	3116.883	6721.800	4406.250	4406.250
189	Spectrogram 1	1	10.264018601	10.265018601	3116.883	6721.800	4687.500	4687.500
190	Spectrogram 1	1	10.265018601	10.266018601	3116.883	6721.800	4687.500	4687.500
191	Spectrogram 1	1	10.266018601	10.267018601	3116.883	6721.800	4687.500	4687.500
192	Spectrogram 1	1	10.267018601	10.268018601	3116.883	6721.800	4687.500	4687.500
193	Spectrogram 1	1	10.268018601	10.269018601	3116.883	6721.800	4687.500	4687.500
194	Spectrogram 1	1	10.269018601	10.270018601	3116.883	6721.800	4875.000	4875.000
195	Spectrogram 1	1	10.270018601	10.271018601	3116.883	6721.800	4875.000	4875.000
196	Spectrogram 1	1	10.271018601	10.272018601	3116.883	6721.800	4875.000	4875.000
197	Spectrogram 1	1	10.272018601	10.273018601	3116.883	6721.800	4875.000	4875.000
198	Spectrogram 1	1	10.273018601	10.274018601	3116.883	6721.800	4875.000	4875.000
199	Spectrogram 1	1	10.274018601	10.275018601	3116.883	6721.800	4875.000	4875.000
200	Spectrogram 1	1	10.275018601	10.276018601	3116.883	6721.800	5062.500	5062.500
201	Spectrogram 1	1	10.276018601	10.277018601	3116.883	6721.800	5062.500	5062.500
202	Spectrogram 1	1	10.277018601	10.278018601	3116.883	6721.800	5062.500	5062.500
203	Spectrogram 1	1	10.278018601	10.279018601	3116.883	6721.800	5062.500	5062.500
204	Spectrogram 1	1	10.279018601	10.280018601	3116.883	6721.800	5062.500	5062.500
205	Spectrogram 1	1	10.280018601	10.281018601	3116.883	6721.800	5250.000	5250.000
206	Spectrogram 1	1	10.281018601	10.282018601	3116.883	6721.800	5250.000	5250.000
207	Spectrogram 1	1	10.282018601	10.283018601	3116.883	6721.800	5250.000	5250.000
208	Spectrogram 1	1	10.283018601	10.284018601	3116.883	6721.800	5250.000	5250.000
209	Spectrogram 1	1	10.284018601	10.285018601	3116.883	6721.800	5250.000	5250.000
210	Spectrogram 1	1	10.285018601	10.286018601	3116.883	6721.800	5437.500	5437.500
211	Spectrogram 1	1	10.286018601	10.287018601	3116.883	6721.800	5437.500	5437.500
212	Spectrogram 1	1	10.287018601	10.288018601	3116.883	6721.800	5437.500	5437.500
213	Spectrogram 1	1	10.288018601	10.289018601	3116.883	6721.800	5437.500	5437.500
214	Spectrogram 1	1	10.289018601	10.290018601	3116.883	6721.800	5437.500	5437.500
215	Spectrogram 1	1	10.290018601	10.291018601	3116.883	6721.800	5437.500	5437.500
216	Spectrogram 1	1	10.291018601	10.292018601	3116.883	6721.800	5718.750	5718.750
217	Spectrogram 1	1	10.292018601	10.293018601	3116.883	6721.800	5718.750	5718.750
218	Spectrogram 1	1	10.293018601	10.294018601	3116.883	6721.800	5718.750	5718.750
219	Spectrogram 1	1	10.294018601	10.295018601	3116.883	6721.800	5718.750	5718.750
220	Spectrogram 1	1	10.295018601	10.296018601	3116.883	6721.800	5718.750	5718.750
221	Spectrogram 1	1	10.296018601	10.297018601	3116.883	6721.800	6187.500	6187.500
222	Spectrogram 1	1	10.297018601	10.298018601	3116.883	6721.800	6187.500	6187.500
223	Spectrogram 1	1	10.298018601	10.299018601	3116.883	6721.800	6187.500	6187.500
224	Spectrogram 1	1	10.299018601	10.300018601	3116.883	6721.800	6187.500	6187.500
225	Spectrogram 1	1	10.300018601	10.301018601	3116.883	6721.800	6187.500	6187.500
226	Spectrogram 1	1	10.301018601	10.302018601	3116.883	6721.800	6187.500	6187.500
227	Spectrogram 1	1	10.302018601	10.303018601	3116.883	6721.800	6187.500	6187.500
228	Spectrogram 1	1	10.303018601	10.304018601	3116.883	6721.800	6187.500	6187.500
229	Spectrogram 1	1	10.304018601	10.305018601	3116.883	6721.800	6187.500	6187.500
230	Spectrogram 1	1	10.305018601	10.306018601	3116.883	6721.800	6187.500	6187.500
231	Spectrogram 1	1	10.306018601	10.307018601	3116.883	6721.800	6187.500	6187.500
232	Spectrogram 1	1	10.307018601	10.308018601	3116.883	6721.800	5625.000	5625.000
233	Spectrogram 1	1	10.308018601	10.309018601	3116.883	6721.800	5625.000	5625.000
234	Spectrogram 1	1	10.309018601	10.310018601	3116.883	6721.800	5625.000	5625.000
235	Spectrogram 1	1	10.310018601	10.311018601	3116.883	6721.800	5625.000	5625.000
236	Spectrogram 1	1	10.311018601	10.311516715	3116.883	6721.800	5625.000	5625.000
