Selection	View	Channel	Begin Time (s)	End Time (s)	Low Freq (Hz)	High Freq (Hz)	Center Freq (Hz)	Peak Freq (Hz)
1	Spectrogram 1	1	4.982607884	4.983607884	3160.000	6760.000	5343.750	6187.500
2	Spectrogram 1	1	4.983607884	4.984607884	3160.000	6760.000	5812.500	5718.750
3	Spectrogram 1	1	4.984607884	4.985607884	3160.000	6760.000	5812.500	5718.750
4	Spectrogram 1	1	4.985607884	4.986607884	3160.000	6760.000	5812.500	5718.750
5	Spectrogram 1	1	4.986607884	4.987607884	3160.000	6760.000	5812.500	5718.750
6	Spectrogram 1	1	4.987607884	4.988607884	3160.000	6760.000	5812.500	5718.750
7	Spectrogram 1	1	4.988607884	4.989607884	3160.000	6760.000	5812.500	5718.750
8	Spectrogram 1	1	4.989607884	4.990607884	3160.000	6760.000	6093.750	6187.500
9	Spectrogram 1	1	4.990607884	4.991607884	3160.000	6760.000	6093.750	6187.500
10	Spectrogram 1	1	4.991607884	4.992607884	3160.000	6760.000	6093.750	6187.500
11	Spectrogram 1	1	4.992607884	4.993607884	3160.000	6760.000	6093.750	6187.500
12	Spectrogram 1	1	4.993607884	4.994607884	3160.000	6760.000	6093.750	6187.500
13	Spectrogram 1	1	4.994607884	4.995607884	3160.000	6760.000	4968.750	4218.750
14	Spectrogram 1	1	4.995607884	4.996607884	3160.000	6760.000	4968.750	4218.750
15	Spectrogram 1	1	4.996607884	4.997607884	3160.000	6760.000	4968.750	4218.750
16	Spectrogram 1	1	4.997607884	4.998607884	3160.000	6760.000	4968.750	4218.750
17	Spectrogram 1	1	4.998607884	4.999607884	3160.000	6760.000	4968.750	4218.750
18	Spectrogram 1	1	4.999607884	5.000607884	3160.000	6760.000	4687.500	4687.500
19	Spectrogram 1	1	5.000607884	5.001607884	3160.000	6760.000	4687.500	4687.500
20	Spectrogram 1	1	5.001607884	5.002607884	3160.000	6760.000	4687.500	4687.500
21	Spectrogram 1	1	5.002607884	5.003607884	3160.000	6760.000	4687.500	4687.500
22	Spectrogram 1	1	5.003607884	5.004607884	3160.000	6760.000	4687.500	4687.500
23	Spectrogram 1	1	5.004607884	5.005607884	3160.000	6760.000	4687.500	4687.500
24	Spectrogram 1	1	5.005607884	5.006607884	3160.000	6760.000	4968.750	4968.750
25	Spectrogram 1	1	5.006607884	5.007607884	3160.000	6760.000	4968.750	4968.750
26	Spectrogram 1	1	5.007607884	5.008607884	3160.000	6760.000	4968.750	4968.750
27	Spectrogram 1	1	5.008607884	5.009607884	3160.000	6760.000	4968.750	4968.750
28	Spectrogram 1	1	5.009607884	5.010607884	3160.000	6760.000	4968.750	4968.750
29	Spectrogram 1	1	5.010607884	5.011607884	3160.000	6760.000	5156.250	5156.250
30	Spectrogram 1	1	5.011607884	5.012607884	3160.000	6760.000	5156.250	5156.250
31	Spectrogram 1	1	5.012607884	5.013607884	3160.000	6760.000	5156.250	5156.250
32	Spectrogram 1	1	5.013607884	5.014607884	3160.000	6760.000	5156.250	5156.250
33	Spectrogram 1	1	5.014607884	5.015607884	3160.000	6760.000	5156.250	5156.250
34	Spectrogram 1	1	5.015607884	5.016607884	3160.000	6760.000	5156.250	5156.250
35	Spectrogram 1	1	5.016607884	5.017607884	3160.000	6760.000	5156.250	5156.250
36	Spectrogram 1	1	5.017607884	5.018607884	3160.000	6760.000	5156.250	5156.250
37	Spectrogram 1	1	5.018607884	5.019607884	3160.000	6760.000	5156.250	5156.250
38	Spectrogram 1	1	5.019607884	5.020607884	3160.000	6760.000	5156.250	5156.250
39	Spectrogram 1	1	5.020607884	5.021607884	3160.000	6760.000	5156.250	5156.250
40	Spectrogram 1	1	5.021607884	5.022607884	3160.000	6760.000	4968.750	4968.750
41	Spectrogram 1	1	5.022607884	5.023607884	3160.000	6760.000	4968.750	4968.750
42	Spectrogram 1	1	5.023607884	5.024607884	3160.000	6760.000	4968.750	4968.750
43	Spectrogram 1	1	5.024607884	5.025607884	3160.000	6760.000	4968.750	4968.750
44	Spectrogram 1	1	5.025607884	5.026607884	3160.000	6760.000	4968.750	4968.750
45	Spectrogram 1	1	5.026607884	5.027607884	3160.000	6760.000	4781.250	4781.250
46	Spectrogram 1	1	5.027607884	5.028607884	3160.000	6760.000	4781.250	4781.250
47	Spectrogram 1	1	5.028607884	5.029607884	3160.000	6760.000	4781.250	4781.250
48	Spectrogram 1	1	5.029607884	5.030607884	3160.000	6760.000	4781.250	4781.250
49	Spectrogram 1	1	5.030607884	5.031607884	3160.000	6760.000	4781.250	4781.250
50	Spectrogram 1	1	5.031607884	5.032607884	3160.000	6760.000	4500.000	4500.000
51	Spectrogram 1	1	5.032607884	5.033607884	3160.000	6760.000	4500.000	4500.000
52	Spectrogram 1	1	5.033607884	5.034607884	3160.000	6760.000	4500.000	4500.000
53	Spectrogram 1	1	5.034607884	5.035607884	3160.000	6760.000	4500.000	4500.000
54	Spectrogram 1	1	5.035607884	5.036607884	3160.000	6760.000	4500.000	4500.000
55	Spectrogram 1	1	5.036607884	5.037607884	3160.000	6760.000	4500.000	4500.000
56	Spectrogram 1	1	5.037607884	5.038607884	3160.000	6760.000	4406.250	4406.250
57	Spectrogram 1	1	5.038607884	5.039607884	3160.000	6760.000	4406.250	4406.250
58	Spectrogram 1	1	5.039607884	5.040607884	3160.000	6760.000	4406.250	4406.250
59	Spectrogram 1	1	5.040607884	5.041607884	3160.000	6760.000	4406.250	4406.250
60	Spectrogram 1	1	5.041607884	5.042607884	3160.000	6760.000	4406.250	4406.250
61	Spectrogram 1	1	5.042607884	5.043607884	3160.000	6760.000	4312.500	4312.500
62	Spectrogram 1	1	5.043607884	5.044607884	3160.000	6760.000	4312.500	4312.500
63	Spectrogram 1	1	5.044607884	5.045607884	3160.000	6760.000	4312.500	4312.500
64	Spectrogram 1	1	5.045607884	5.046607884	3160.000	6760.000	4312.500	4312.500
65	Spectrogram 1	1	5.046607884	5.047607884	3160.000	6760.000	4312.500	4312.500
66	Spectrogram 1	1	5.047607884	5.048607884	3160.000	6760.000	4218.750	4218.750
67	Spectrogram 1	1	5.048607884	5.049607884	3160.000	6760.000	4218.750	4218.750
68	Spectrogram 1	1	5.049607884	5.050607884	3160.000	6760.000	4218.750	4218.750
69	Spectrogram 1	1	5.050607884	5.051607884	3160.000	6760.000	4218.750	4218.750
70	Spectrogram 1	1	5.051607884	5.052607884	3160.000	6760.000	4218.750	4218.750
71	Spectrogram 1	1	5.052607884	5.053607884	3160.000	6760.000	4218.750	4218.750
72	Spectrogram 1	1	5.053607884	5.054607884	3160.000	6760.000	4312.500	4312.500
73	Spectrogram 1	1	5.054607884	5.055607884	3160.000	6760.000	4312.500	4312.500
74	Spectrogram 1	1	5.055607884	5.056607884	3160.000	6760.000	4312.500	4312.500
75	Spectrogram 1	1	5.056607884	5.057607884	3160.000	6760.000	4312.500	4312.500
76	Spectrogram 1	1	5.057607884	5.058607884	3160.000	6760.000	4312.500	4312.500
77	Spectrogram 1	1	5.058607884	5.059607884	3160.000	6760.000	4312.500	4312.500
78	Spectrogram 1	1	5.059607884	5.060607884	3160.000	6760.000	4312.500	4312.500
79	Spectrogram 1	1	5.060607884	5.061607884	3160.000	6760.000	4312.500	4312.500
80	Spectrogram 1	1	5.061607884	5.062607884	3160.000	6760.000	4312.500	4312.500
81	Spectrogram 1	1	5.062607884	5.063607884	3160.000	6760.000	4312.500	4312.500
82	Spectrogram 1	1	5.063607884	5.064607884	3160.000	6760.000	4406.250	4406.250
83	Spectrogram 1	1	5.064607884	5.065607884	3160.000	6760.000	4406.250	4406.250
84	Spectrogram 1	1	5.065607884	5.066607884	3160.000	6760.000	4406.250	4406.250
85	Spectrogram 1	1	5.066607884	5.067607884	3160.000	6760.000	4406.250	4406.250
86	Spectrogram 1	1	5.067607884	5.068607884	3160.000	6760.000	4406.250	4406.250
87	Spectrogram 1	1	5.068607884	5.069607884	3160.000	6760.000	4406.250	4406.250
88	Spectrogram 1	1	5.069607884	5.070607884	3160.000	6760.000	4593.750	4593.750
89	Spectrogram 1	1	5.070607884	5.071607884	3160.000	6760.000	4593.750	4593.750
90	Spectrogram 1	1	5.071607884	5.072607884	3160.000	6760.000	4593.750	4593.750
91	Spectrogram 1	1	5.072607884	5.073607884	3160.000	6760.000	4593.750	4593.750
92	Spectrogram 1	1	5.073607884	5.074607884	3160.000	6760.000	4593.750	4593.750
93	Spectrogram 1	1	5.074607884	5.075607884	3160.000	6760.000	4687.500	4687.500
94	Spectrogram 1	1	5.075607884	5.076607884	3160.000	6760.000	4687.500	4687.500
95	Spectrogram 1	1	5.076607884	5.077607884	3160.000	6760.000	4687.500	4687.500
96	Spectrogram 1	1	5.077607884	5.078607884	3160.000	6760.000	4687.500	4687.500
97	Spectrogram 1	1	5.078607884	5.079607884	3160.000	6760.000	4687.500	4687.500
98	Spectrogram 1	1	5.079607884	5.080607884	3160.000	6760.000	4500.000	4312.500
99	Spectrogram 1	1	5.080607884	5.081607884	3160.000	6760.000	4500.000	4312.500
100	Spectrogram 1	1	5.081607884	5.082607884	3160.000	6760.000	4500.000	4312.500
101	Spectrogram 1	1	5.082607884	5.083607884	3160.000	6760.000	4500.000	4312.500
102	Spectrogram 1	1	5.083607884	5.084607884	3160.000	6760.000	4500.000	4312.500
103	Spectrogram 1	1	5.084607884	5.085607884	3160.000	6760.000	4500.000	4312.500
104	Spectrogram 1	1	5.085607884	5.086607884	3160.000	6760.000	4593.750	4593.750
105	Spectrogram 1	1	5.086607884	5.087607884	3160.000	6760.000	4593.750	4593.750
106	Spectrogram 1	1	5.087607884	5.088607884	3160.000	6760.000	4593.750	4593.750
107	Spectrogram 1	1	5.088607884	5.089607884	3160.000	6760.000	4593.750	4593.750
108	Spectrogram 1	1	5.089607884	5.090607884	3160.000	6760.000	4593.750	4593.750
109	Spectrogram 1	1	5.090607884	5.091607884	3160.000	6760.000	4406.250	4406.250
110	Spectrogram 1	1	5.091607884	5.092607884	3160.000	6760.000	4406.250	4406.250
111	Spectrogram 1	1	5.092607884	5.093607884	3160.000	6760.000	4406.250	4406.250
112	Spectrogram 1	1	5.093607884	5.094607884	3160.000	6760.000	4406.250	4406.250
113	Spectrogram 1	1	5.094607884	5.095607884	3160.000	6760.000	4406.250	4406.250
114	Spectrogram 1	1	5.095607884	5.096607884	3160.000	6760.000	4687.500	4593.750
115	Spectrogram 1	1	5.096607884	5.097607884	3160.000	6760.000	4687.500	4593.750
116	Spectrogram 1	1	5.097607884	5.098607884	3160.000	6760.000	4687.500	4593.750
117	Spectrogram 1	1	5.098607884	5.099607884	3160.000	6760.000	4687.500	4593.750
118	Spectrogram 1	1	5.099607884	5.100607884	3160.000	6760.000	4687.500	4593.750
119	Spectrogram 1	1	5.100607884	5.101607884	3160.000	6760.000	4687.500	4593.750
120	Spectrogram 1	1	5.101607884	5.102607884	3160.000	6760.000	4593.750	4593.750
121	Spectrogram 1	1	5.102607884	5.103607884	3160.000	6760.000	4593.750	4593.750
122	Spectrogram 1	1	5.103607884	5.104607884	3160.000	6760.000	4593.750	4593.750
123	Spectrogram 1	1	5.104607884	5.105607884	3160.000	6760.000	4593.750	4593.750
124	Spectrogram 1	1	5.105607884	5.106607884	3160.000	6760.000	4593.750	4593.750
125	Spectrogram 1	1	5.106607884	5.107607884	3160.000	6760.000	3468.750	3468.750
126	Spectrogram 1	1	5.107607884	5.108607884	3160.000	6760.000	3468.750	3468.750
127	Spectrogram 1	1	5.108607884	5.109607884	3160.000	6760.000	3468.750	3468.750
128	Spectrogram 1	1	5.109607884	5.110607884	3160.000	6760.000	3468.750	3468.750
129	Spectrogram 1	1	5.110607884	5.111607884	3160.000	6760.000	3468.750	3468.750
130	Spectrogram 1	1	5.111607884	5.112607884	3160.000	6760.000	3468.750	3375.000
131	Spectrogram 1	1	5.112607884	5.113607884	3160.000	6760.000	3468.750	3375.000
132	Spectrogram 1	1	5.113607884	5.114607884	3160.000	6760.000	3468.750	3375.000
133	Spectrogram 1	1	5.114607884	5.115607884	3160.000	6760.000	3468.750	3375.000
134	Spectrogram 1	1	5.115607884	5.116607884	3160.000	6760.000	3468.750	3375.000
135	Spectrogram 1	1	5.116607884	5.117607884	3160.000	6760.000	3468.750	3375.000
136	Spectrogram 1	1	5.117607884	5.118607884	3160.000	6760.000	4406.250	3375.000
137	Spectrogram 1	1	5.118607884	5.119607884	3160.000	6760.000	4406.250	3375.000
138	Spectrogram 1	1	5.119607884	5.120607884	3160.000	6760.000	4406.250	3375.000
139	Spectrogram 1	1	5.120607884	5.121607884	3160.000	6760.000	4406.250	3375.000
140	Spectrogram 1	1	5.121607884	5.122607884	3160.000	6760.000	4406.250	3375.000
141	Spectrogram 1	1	5.122607884	5.123607884	3160.000	6760.000	4968.750	5062.500
142	Spectrogram 1	1	5.123607884	5.124607884	3160.000	6760.000	4968.750	5062.500
143	Spectrogram 1	1	5.124607884	5.125607884	3160.000	6760.000	4968.750	5062.500
144	Spectrogram 1	1	5.125607884	5.126607884	3160.000	6760.000	4968.750	5062.500
145	Spectrogram 1	1	5.126607884	5.127607884	3160.000	6760.000	4968.750	5062.500
146	Spectrogram 1	1	5.127607884	5.128607884	3160.000	6760.000	3937.500	4593.750
147	Spectrogram 1	1	5.128607884	5.129607884	3160.000	6760.000	3937.500	4593.750
148	Spectrogram 1	1	5.129607884	5.130607884	3160.000	6760.000	3937.500	4593.750
149	Spectrogram 1	1	5.130607884	5.131607884	3160.000	6760.000	3937.500	4593.750
150	Spectrogram 1	1	5.131607884	5.132607884	3160.000	6760.000	3937.500	4593.750
151	Spectrogram 1	1	5.132607884	5.133607884	3160.000	6760.000	3937.500	4593.750
152	Spectrogram 1	1	5.133607884	5.134607884	3160.000	6760.000	4218.750	4312.500
153	Spectrogram 1	1	5.134607884	5.135607884	3160.000	6760.000	4218.750	4312.500
154	Spectrogram 1	1	5.135607884	5.136607884	3160.000	6760.000	4218.750	4312.500
155	Spectrogram 1	1	5.136607884	5.137607884	3160.000	6760.000	4218.750	4312.500
156	Spectrogram 1	1	5.137607884	5.138607884	3160.000	6760.000	4218.750	4312.500
157	Spectrogram 1	1	5.138607884	5.139607884	3160.000	6760.000	4031.250	3750.000
158	Spectrogram 1	1	5.139607884	5.140607884	3160.000	6760.000	4031.250	3750.000
159	Spectrogram 1	1	5.140607884	5.141607884	3160.000	6760.000	4031.250	3750.000
160	Spectrogram 1	1	5.141607884	5.142607884	3160.000	6760.000	4031.250	3750.000
161	Spectrogram 1	1	5.142607884	5.143607884	3160.000	6760.000	4031.250	3750.000
162	Spectrogram 1	1	5.143607884	5.144607884	3160.000	6760.000	4125.000	4031.250
163	Spectrogram 1	1	5.144607884	5.145607884	3160.000	6760.000	4125.000	4031.250
164	Spectrogram 1	1	5.145607884	5.146607884	3160.000	6760.000	4125.000	4031.250
165	Spectrogram 1	1	5.146607884	5.147607884	3160.000	6760.000	4125.000	4031.250
166	Spectrogram 1	1	5.147607884	5.148607884	3160.000	6760.000	4125.000	4031.250
167	Spectrogram 1	1	5.148607884	5.149607884	3160.000	6760.000	4125.000	4031.250
168	Spectrogram 1	1	5.149607884	5.150607884	3160.000	6760.000	4406.250	4406.250
169	Spectrogram 1	1	5.150607884	5.151607884	3160.000	6760.000	4406.250	4406.250
170	Spectrogram 1	1	5.151607884	5.152607884	3160.000	6760.000	4406.250	4406.250
171	Spectrogram 1	1	5.152607884	5.153607884	3160.000	6760.000	4406.250	4406.250
172	Spectrogram 1	1	5.153607884	5.154607884	3160.000	6760.000	4406.250	4406.250
173	Spectrogram 1	1	5.154607884	5.155607884	3160.000	6760.000	4593.750	4593.750
174	Spectrogram 1	1	5.155607884	5.156607884	3160.000	6760.000	4593.750	4593.750
175	Spectrogram 1	1	5.156607884	5.157607884	3160.000	6760.000	4593.750	4593.750
176	Spectrogram 1	1	5.157607884	5.158607884	3160.000	6760.000	4593.750	4593.750
177	Spectrogram 1	1	5.158607884	5.159607884	3160.000	6760.000	4593.750	4593.750
178	Spectrogram 1	1	5.159607884	5.160607884	3160.000	6760.000	4687.500	4687.500
179	Spectrogram 1	1	5.160607884	5.161607884	3160.000	6760.000	4687.500	4687.500
180	Spectrogram 1	1	5.161607884	5.162607884	3160.000	6760.000	4687.500	4687.500
181	Spectrogram 1	1	5.162607884	5.163607884	3160.000	6760.000	4687.500	4687.500
182	Spectrogram 1	1	5.163607884	5.164607884	3160.000	6760.000	4687.500	4687.500
183	Spectrogram 1	1	5.164607884	5.165607884	3160.000	6760.000	4687.500	4687.500
184	Spectrogram 1	1	5.165607884	5.166607884	3160.000	6760.000	4875.000	4875.000
185	Spectrogram 1	1	5.166607884	5.167607884	3160.000	6760.000	4875.000	4875.000
186	Spectrogram 1	1	5.167607884	5.168607884	3160.000	6760.000	4875.000	4875.000
187	Spectrogram 1	1	5.168607884	5.169607884	3160.000	6760.000	4875.000	4875.000
188	Spectrogram 1	1	5.169607884	5.170607884	3160.000	6760.000	4875.000	4875.000
189	Spectrogram 1	1	5.170607884	5.171607884	3160.000	6760.000	5156.250	5156.250
190	Spectrogram 1	1	5.171607884	5.172607884	3160.000	6760.000	5156.250	5156.250
191	Spectrogram 1	1	5.172607884	5.173607884	3160.000	6760.000	5156.250	5156.250
192	Spectrogram 1	1	5.173607884	5.174607884	3160.000	6760.000	5156.250	5156.250
193	Spectrogram 1	1	5.174607884	5.175607884	3160.000	6760.000	5156.250	5156.250
194	Spectrogram 1	1	5.175607884	5.176607884	3160.000	6760.000	5437.500	5437.500
195	Spectrogram 1	1	5.176607884	5.177607884	3160.000	6760.000	5437.500	5437.500
196	Spectrogram 1	1	5.177607884	5.178607884	3160.000	6760.000	5437.500	5437.500
197	Spectrogram 1	1	5.178607884	5.179607884	3160.000	6760.000	5437.500	5437.500
198	Spectrogram 1	1	5.179607884	5.180607884	3160.000	6760.000	5437.500	5437.500
199	Spectrogram 1	1	5.180607884	5.181607884	3160.000	6760.000	5437.500	5437.500
200	Spectrogram 1	1	5.181607884	5.182607884	3160.000	6760.000	5718.750	5718.750
201	Spectrogram 1	1	5.182607884	5.183607884	3160.000	6760.000	5718.750	5718.750
202	Spectrogram 1	1	5.183607884	5.184607884	3160.000	6760.000	5718.750	5718.750
203	Spectrogram 1	1	5.184607884	5.185607884	3160.000	6760.000	5718.750	5718.750
204	Spectrogram 1	1	5.185607884	5.186607884	3160.000	6760.000	5718.750	5718.750
205	Spectrogram 1	1	5.186607884	5.187607884	3160.000	6760.000	6281.250	6187.500
206	Spectrogram 1	1	5.187607884	5.188607884	3160.000	6760.000	6281.250	6187.500
207	Spectrogram 1	1	5.188607884	5.189607884	3160.000	6760.000	6281.250	6187.500
208	Spectrogram 1	1	5.189607884	5.190607884	3160.000	6760.000	6281.250	6187.500
209	Spectrogram 1	1	5.190607884	5.191607884	3160.000	6760.000	6281.250	6187.500
210	Spectrogram 1	1	5.191607884	5.192607884	3160.000	6760.000	5718.750	5718.750
211	Spectrogram 1	1	5.192607884	5.193607884	3160.000	6760.000	5718.750	5718.750
212	Spectrogram 1	1	5.193607884	5.194607884	3160.000	6760.000	5718.750	5718.750
213	Spectrogram 1	1	5.194607884	5.195607884	3160.000	6760.000	5718.750	5718.750
214	Spectrogram 1	1	5.195607884	5.196607884	3160.000	6760.000	5718.750	5718.750
215	Spectrogram 1	1	5.196607884	5.197607884	3160.000	6760.000	5718.750	5718.750
216	Spectrogram 1	1	5.197607884	5.198607884	3160.000	6760.000	4968.750	4968.750
217	Spectrogram 1	1	5.198607884	5.199607884	3160.000	6760.000	4968.750	4968.750
218	Spectrogram 1	1	5.199607884	5.200607884	3160.000	6760.000	4968.750	4968.750
219	Spectrogram 1	1	5.200607884	5.201607884	3160.000	6760.000	4968.750	4968.750
220	Spectrogram 1	1	5.201607884	5.202607884	3160.000	6760.000	4968.750	4968.750
221	Spectrogram 1	1	5.202607884	5.203607884	3160.000	6760.000	4406.250	4312.500
222	Spectrogram 1	1	5.203607884	5.204607884	3160.000	6760.000	4406.250	4312.500
223	Spectrogram 1	1	5.204607884	5.205607884	3160.000	6760.000	4406.250	4312.500
224	Spectrogram 1	1	5.205607884	5.206607884	3160.000	6760.000	4406.250	4312.500
225	Spectrogram 1	1	5.206607884	5.207607884	3160.000	6760.000	4406.250	4312.500
226	Spectrogram 1	1	5.207607884	5.208607884	3160.000	6760.000	4968.750	4125.000
227	Spectrogram 1	1	5.208607884	5.209607884	3160.000	6760.000	4968.750	4125.000
228	Spectrogram 1	1	5.209607884	5.210607884	3160.000	6760.000	4968.750	4125.000
229	Spectrogram 1	1	5.210607884	5.211247146	3160.000	6760.000	4968.750	4125.000
