Selection	View	Channel	Begin Time (s)	End Time (s)	Low Freq (Hz)	High Freq (Hz)	Center Freq (Hz)	Peak Freq (Hz)
1	Spectrogram 1	1	13.671600000	13.672600000	3156.400	6330.300	4312.500	4312.500
2	Spectrogram 1	1	13.672600000	13.673600000	3156.400	6330.300	4312.500	4312.500
3	Spectrogram 1	1	13.673600000	13.674600000	3156.400	6330.300	4312.500	4312.500
4	Spectrogram 1	1	13.674600000	13.675600000	3156.400	6330.300	4312.500	4312.500
5	Spectrogram 1	1	13.675600000	13.676600000	3156.400	6330.300	4312.500	4312.500
6	Spectrogram 1	1	13.676600000	13.677600000	3156.400	6330.300	4312.500	4312.500
7	Spectrogram 1	1	13.677600000	13.678600000	3156.400	6330.300	4781.250	4875.000
8	Spectrogram 1	1	13.678600000	13.679600000	3156.400	6330.300	4781.250	4875.000
9	Spectrogram 1	1	13.679600000	13.680600000	3156.400	6330.300	4781.250	4875.000
10	Spectrogram 1	1	13.680600000	13.681600000	3156.400	6330.300	4781.250	4875.000
11	Spectrogram 1	1	13.681600000	13.682600000	3156.400	6330.300	4781.250	4875.000
12	Spectrogram 1	1	13.682600000	13.683600000	3156.400	6330.300	5062.500	5062.500
13	Spectrogram 1	1	13.683600000	13.684600000	3156.400	6330.300	5062.500	5062.500
14	Spectrogram 1	1	13.684600000	13.685600000	3156.400	6330.300	5062.500	5062.500
15	Spectrogram 1	1	13.685600000	13.686600000	3156.400	6330.300	5062.500	5062.500
16	Spectrogram 1	1	13.686600000	13.687600000	3156.400	6330.300	5062.500	5062.500
17	Spectrogram 1	1	13.687600000	13.688600000	3156.400	6330.300	5156.250	5156.250
18	Spectrogram 1	1	13.688600000	13.689600000	3156.400	6330.300	5156.250	5156.250
19	Spectrogram 1	1	13.689600000	13.690600000	3156.400	6330.300	5156.250	5156.250
20	Spectrogram 1	1	13.690600000	13.691600000	3156.400	6330.300	5156.250	5156.250
21	Spectrogram 1	1	13.691600000	13.692600000	3156.400	6330.300	5156.250	5156.250
22	Spectrogram 1	1	13.692600000	13.693600000	3156.400	6330.300	5156.250	5156.250
23	Spectrogram 1	1	13.693600000	13.694600000	3156.400	6330.300	5156.250	5156.250
24	Spectrogram 1	1	13.694600000	13.695600000	3156.400	6330.300	5156.250	5156.250
25	Spectrogram 1	1	13.695600000	13.696600000	3156.400	6330.300	5156.250	5156.250
26	Spectrogram 1	1	13.696600000	13.697600000	3156.400	6330.300	5156.250	5156.250
27	Spectrogram 1	1	13.697600000	13.698600000	3156.400	6330.300	5156.250	5156.250
28	Spectrogram 1	1	13.698600000	13.699600000	3156.400	6330.300	5062.500	5062.500
29	Spectrogram 1	1	13.699600000	13.700600000	3156.400	6330.300	5062.500	5062.500
30	Spectrogram 1	1	13.700600000	13.701600000	3156.400	6330.300	5062.500	5062.500
31	Spectrogram 1	1	13.701600000	13.702600000	3156.400	6330.300	5062.500	5062.500
32	Spectrogram 1	1	13.702600000	13.703600000	3156.400	6330.300	5062.500	5062.500
33	Spectrogram 1	1	13.703600000	13.704600000	3156.400	6330.300	4968.750	5062.500
34	Spectrogram 1	1	13.704600000	13.705600000	3156.400	6330.300	4968.750	5062.500
35	Spectrogram 1	1	13.705600000	13.706600000	3156.400	6330.300	4968.750	5062.500
36	Spectrogram 1	1	13.706600000	13.707600000	3156.400	6330.300	4968.750	5062.500
37	Spectrogram 1	1	13.707600000	13.708600000	3156.400	6330.300	4968.750	5062.500
38	Spectrogram 1	1	13.708600000	13.709600000	3156.400	6330.300	4968.750	5062.500
39	Spectrogram 1	1	13.709600000	13.710600000	3156.400	6330.300	4593.750	4593.750
40	Spectrogram 1	1	13.710600000	13.711600000	3156.400	6330.300	4593.750	4593.750
41	Spectrogram 1	1	13.711600000	13.712600000	3156.400	6330.300	4593.750	4593.750
42	Spectrogram 1	1	13.712600000	13.713600000	3156.400	6330.300	4593.750	4593.750
43	Spectrogram 1	1	13.713600000	13.714600000	3156.400	6330.300	4593.750	4593.750
44	Spectrogram 1	1	13.714600000	13.715600000	3156.400	6330.300	4406.250	4406.250
45	Spectrogram 1	1	13.715600000	13.716600000	3156.400	6330.300	4406.250	4406.250
46	Spectrogram 1	1	13.716600000	13.717600000	3156.400	6330.300	4406.250	4406.250
47	Spectrogram 1	1	13.717600000	13.718600000	3156.400	6330.300	4406.250	4406.250
48	Spectrogram 1	1	13.718600000	13.719600000	3156.400	6330.300	4406.250	4406.250
49	Spectrogram 1	1	13.719600000	13.720600000	3156.400	6330.300	4312.500	4312.500
50	Spectrogram 1	1	13.720600000	13.721600000	3156.400	6330.300	4312.500	4312.500
51	Spectrogram 1	1	13.721600000	13.722600000	3156.400	6330.300	4312.500	4312.500
52	Spectrogram 1	1	13.722600000	13.723600000	3156.400	6330.300	4312.500	4312.500
53	Spectrogram 1	1	13.723600000	13.724600000	3156.400	6330.300	4312.500	4312.500
54	Spectrogram 1	1	13.724600000	13.725600000	3156.400	6330.300	4312.500	4312.500
55	Spectrogram 1	1	13.725600000	13.726600000	3156.400	6330.300	4218.750	4125.000
56	Spectrogram 1	1	13.726600000	13.727600000	3156.400	6330.300	4218.750	4125.000
57	Spectrogram 1	1	13.727600000	13.728600000	3156.400	6330.300	4218.750	4125.000
58	Spectrogram 1	1	13.728600000	13.729600000	3156.400	6330.300	4218.750	4125.000
59	Spectrogram 1	1	13.729600000	13.730600000	3156.400	6330.300	4218.750	4125.000
60	Spectrogram 1	1	13.730600000	13.731600000	3156.400	6330.300	4312.500	4312.500
61	Spectrogram 1	1	13.731600000	13.732600000	3156.400	6330.300	4312.500	4312.500
62	Spectrogram 1	1	13.732600000	13.733600000	3156.400	6330.300	4312.500	4312.500
63	Spectrogram 1	1	13.733600000	13.734600000	3156.400	6330.300	4312.500	4312.500
64	Spectrogram 1	1	13.734600000	13.735600000	3156.400	6330.300	4312.500	4312.500
65	Spectrogram 1	1	13.735600000	13.736600000	3156.400	6330.300	4031.250	3937.500
66	Spectrogram 1	1	13.736600000	13.737600000	3156.400	6330.300	4031.250	3937.500
67	Spectrogram 1	1	13.737600000	13.738600000	3156.400	6330.300	4031.250	3937.500
68	Spectrogram 1	1	13.738600000	13.739600000	3156.400	6330.300	4031.250	3937.500
69	Spectrogram 1	1	13.739600000	13.740600000	3156.400	6330.300	4031.250	3937.500
70	Spectrogram 1	1	13.740600000	13.741600000	3156.400	6330.300	4031.250	3937.500
71	Spectrogram 1	1	13.741600000	13.742600000	3156.400	6330.300	3937.500	3843.750
72	Spectrogram 1	1	13.742600000	13.743600000	3156.400	6330.300	3937.500	3843.750
73	Spectrogram 1	1	13.743600000	13.744600000	3156.400	6330.300	3937.500	3843.750
74	Spectrogram 1	1	13.744600000	13.745600000	3156.400	6330.300	3937.500	3843.750
75	Spectrogram 1	1	13.745600000	13.746600000	3156.400	6330.300	3937.500	3843.750
76	Spectrogram 1	1	13.746600000	13.747600000	3156.400	6330.300	3937.500	3937.500
77	Spectrogram 1	1	13.747600000	13.748600000	3156.400	6330.300	3937.500	3937.500
78	Spectrogram 1	1	13.748600000	13.749600000	3156.400	6330.300	3937.500	3937.500
79	Spectrogram 1	1	13.749600000	13.750600000	3156.400	6330.300	3937.500	3937.500
80	Spectrogram 1	1	13.750600000	13.751600000	3156.400	6330.300	3937.500	3937.500
81	Spectrogram 1	1	13.751600000	13.752600000	3156.400	6330.300	4031.250	3843.750
82	Spectrogram 1	1	13.752600000	13.753600000	3156.400	6330.300	4031.250	3843.750
83	Spectrogram 1	1	13.753600000	13.754600000	3156.400	6330.300	4031.250	3843.750
84	Spectrogram 1	1	13.754600000	13.755600000	3156.400	6330.300	4031.250	3843.750
85	Spectrogram 1	1	13.755600000	13.756600000	3156.400	6330.300	4031.250	3843.750
86	Spectrogram 1	1	13.756600000	13.757600000	3156.400	6330.300	4031.250	3843.750
87	Spectrogram 1	1	13.757600000	13.758600000	3156.400	6330.300	4031.250	3937.500
88	Spectrogram 1	1	13.758600000	13.759600000	3156.400	6330.300	4031.250	3937.500
89	Spectrogram 1	1	13.759600000	13.760600000	3156.400	6330.300	4031.250	3937.500
90	Spectrogram 1	1	13.760600000	13.761600000	3156.400	6330.300	4031.250	3937.500
91	Spectrogram 1	1	13.761600000	13.762600000	3156.400	6330.300	4031.250	3937.500
92	Spectrogram 1	1	13.762600000	13.763600000	3156.400	6330.300	4406.250	3843.750
93	Spectrogram 1	1	13.763600000	13.764600000	3156.400	6330.300	4406.250	3843.750
94	Spectrogram 1	1	13.764600000	13.765600000	3156.400	6330.300	4406.250	3843.750
95	Spectrogram 1	1	13.765600000	13.766600000	3156.400	6330.300	4406.250	3843.750
96	Spectrogram 1	1	13.766600000	13.767600000	3156.400	6330.300	4406.250	3843.750
97	Spectrogram 1	1	13.767600000	13.768600000	3156.400	6330.300	3937.500	3843.750
98	Spectrogram 1	1	13.768600000	13.769600000	3156.400	6330.300	3937.500	3843.750
99	Spectrogram 1	1	13.769600000	13.770600000	3156.400	6330.300	3937.500	3843.750
100	Spectrogram 1	1	13.770600000	13.771600000	3156.400	6330.300	3937.500	3843.750
101	Spectrogram 1	1	13.771600000	13.772600000	3156.400	6330.300	3937.500	3843.750
102	Spectrogram 1	1	13.772600000	13.773600000	3156.400	6330.300	3937.500	3843.750
103	Spectrogram 1	1	13.773600000	13.774600000	3156.400	6330.300	4312.500	3843.750
104	Spectrogram 1	1	13.774600000	13.775600000	3156.400	6330.300	4312.500	3843.750
105	Spectrogram 1	1	13.775600000	13.776600000	3156.400	6330.300	4312.500	3843.750
106	Spectrogram 1	1	13.776600000	13.777600000	3156.400	6330.300	4312.500	3843.750
107	Spectrogram 1	1	13.777600000	13.778600000	3156.400	6330.300	4312.500	3843.750
108	Spectrogram 1	1	13.778600000	13.779600000	3156.400	6330.300	4312.500	4218.750
109	Spectrogram 1	1	13.779600000	13.780600000	3156.400	6330.300	4312.500	4218.750
110	Spectrogram 1	1	13.780600000	13.781600000	3156.400	6330.300	4312.500	4218.750
111	Spectrogram 1	1	13.781600000	13.782600000	3156.400	6330.300	4312.500	4218.750
112	Spectrogram 1	1	13.782600000	13.783600000	3156.400	6330.300	4312.500	4218.750
113	Spectrogram 1	1	13.783600000	13.784600000	3156.400	6330.300	4406.250	4406.250
114	Spectrogram 1	1	13.784600000	13.785600000	3156.400	6330.300	4406.250	4406.250
115	Spectrogram 1	1	13.785600000	13.786600000	3156.400	6330.300	4406.250	4406.250
116	Spectrogram 1	1	13.786600000	13.787600000	3156.400	6330.300	4406.250	4406.250
117	Spectrogram 1	1	13.787600000	13.788600000	3156.400	6330.300	4406.250	4406.250
118	Spectrogram 1	1	13.788600000	13.789600000	3156.400	6330.300	4406.250	4406.250
119	Spectrogram 1	1	13.789600000	13.790600000	3156.400	6330.300	4218.750	4218.750
120	Spectrogram 1	1	13.790600000	13.791600000	3156.400	6330.300	4218.750	4218.750
121	Spectrogram 1	1	13.791600000	13.792600000	3156.400	6330.300	4218.750	4218.750
122	Spectrogram 1	1	13.792600000	13.793600000	3156.400	6330.300	4218.750	4218.750
123	Spectrogram 1	1	13.793600000	13.794600000	3156.400	6330.300	4218.750	4218.750
124	Spectrogram 1	1	13.794600000	13.795600000	3156.400	6330.300	4312.500	5062.500
125	Spectrogram 1	1	13.795600000	13.796600000	3156.400	6330.300	4312.500	5062.500
126	Spectrogram 1	1	13.796600000	13.797600000	3156.400	6330.300	4312.500	5062.500
127	Spectrogram 1	1	13.797600000	13.798600000	3156.400	6330.300	4312.500	5062.500
128	Spectrogram 1	1	13.798600000	13.799600000	3156.400	6330.300	4312.500	5062.500
129	Spectrogram 1	1	13.799600000	13.800600000	3156.400	6330.300	4406.250	5062.500
130	Spectrogram 1	1	13.800600000	13.801600000	3156.400	6330.300	4406.250	5062.500
131	Spectrogram 1	1	13.801600000	13.802600000	3156.400	6330.300	4406.250	5062.500
132	Spectrogram 1	1	13.802600000	13.803600000	3156.400	6330.300	4406.250	5062.500
133	Spectrogram 1	1	13.803600000	13.804600000	3156.400	6330.300	4406.250	5062.500
134	Spectrogram 1	1	13.804600000	13.805600000	3156.400	6330.300	4406.250	5062.500
135	Spectrogram 1	1	13.805600000	13.806600000	3156.400	6330.300	4125.000	3468.750
136	Spectrogram 1	1	13.806600000	13.807600000	3156.400	6330.300	4125.000	3468.750
137	Spectrogram 1	1	13.807600000	13.808600000	3156.400	6330.300	4125.000	3468.750
138	Spectrogram 1	1	13.808600000	13.809600000	3156.400	6330.300	4125.000	3468.750
139	Spectrogram 1	1	13.809600000	13.810600000	3156.400	6330.300	4125.000	3468.750
140	Spectrogram 1	1	13.810600000	13.811600000	3156.400	6330.300	3468.750	3375.000
141	Spectrogram 1	1	13.811600000	13.812600000	3156.400	6330.300	3468.750	3375.000
142	Spectrogram 1	1	13.812600000	13.813600000	3156.400	6330.300	3468.750	3375.000
143	Spectrogram 1	1	13.813600000	13.814600000	3156.400	6330.300	3468.750	3375.000
144	Spectrogram 1	1	13.814600000	13.815600000	3156.400	6330.300	3468.750	3375.000
145	Spectrogram 1	1	13.815600000	13.816600000	3156.400	6330.300	3468.750	3375.000
146	Spectrogram 1	1	13.816600000	13.817600000	3156.400	6330.300	3468.750	3375.000
147	Spectrogram 1	1	13.817600000	13.818600000	3156.400	6330.300	3468.750	3375.000
148	Spectrogram 1	1	13.818600000	13.819600000	3156.400	6330.300	3468.750	3375.000
149	Spectrogram 1	1	13.819600000	13.820600000	3156.400	6330.300	3468.750	3375.000
150	Spectrogram 1	1	13.820600000	13.821600000	3156.400	6330.300	3468.750	3375.000
151	Spectrogram 1	1	13.821600000	13.822600000	3156.400	6330.300	3562.500	3375.000
152	Spectrogram 1	1	13.822600000	13.823600000	3156.400	6330.300	3562.500	3375.000
153	Spectrogram 1	1	13.823600000	13.824600000	3156.400	6330.300	3562.500	3375.000
154	Spectrogram 1	1	13.824600000	13.825600000	3156.400	6330.300	3562.500	3375.000
155	Spectrogram 1	1	13.825600000	13.826600000	3156.400	6330.300	3562.500	3375.000
156	Spectrogram 1	1	13.826600000	13.827600000	3156.400	6330.300	3375.000	3375.000
157	Spectrogram 1	1	13.827600000	13.828600000	3156.400	6330.300	3375.000	3375.000
158	Spectrogram 1	1	13.828600000	13.829600000	3156.400	6330.300	3375.000	3375.000
159	Spectrogram 1	1	13.829600000	13.830600000	3156.400	6330.300	3375.000	3375.000
160	Spectrogram 1	1	13.830600000	13.831600000	3156.400	6330.300	3375.000	3375.000
161	Spectrogram 1	1	13.831600000	13.832600000	3156.400	6330.300	3468.750	3468.750
162	Spectrogram 1	1	13.832600000	13.833600000	3156.400	6330.300	3468.750	3468.750
163	Spectrogram 1	1	13.833600000	13.834600000	3156.400	6330.300	3468.750	3468.750
164	Spectrogram 1	1	13.834600000	13.835600000	3156.400	6330.300	3468.750	3468.750
165	Spectrogram 1	1	13.835600000	13.836600000	3156.400	6330.300	3468.750	3468.750
166	Spectrogram 1	1	13.836600000	13.837600000	3156.400	6330.300	3468.750	3468.750
167	Spectrogram 1	1	13.837600000	13.838600000	3156.400	6330.300	3375.000	3375.000
168	Spectrogram 1	1	13.838600000	13.839600000	3156.400	6330.300	3375.000	3375.000
169	Spectrogram 1	1	13.839600000	13.840600000	3156.400	6330.300	3375.000	3375.000
170	Spectrogram 1	1	13.840600000	13.841600000	3156.400	6330.300	3375.000	3375.000
171	Spectrogram 1	1	13.841600000	13.842600000	3156.400	6330.300	3375.000	3375.000
172	Spectrogram 1	1	13.842600000	13.843600000	3156.400	6330.300	4312.500	3375.000
173	Spectrogram 1	1	13.843600000	13.844600000	3156.400	6330.300	4312.500	3375.000
174	Spectrogram 1	1	13.844600000	13.845600000	3156.400	6330.300	4312.500	3375.000
175	Spectrogram 1	1	13.845600000	13.846600000	3156.400	6330.300	4312.500	3375.000
176	Spectrogram 1	1	13.846600000	13.847600000	3156.400	6330.300	4312.500	3375.000
177	Spectrogram 1	1	13.847600000	13.848600000	3156.400	6330.300	4406.250	4406.250
178	Spectrogram 1	1	13.848600000	13.849600000	3156.400	6330.300	4406.250	4406.250
179	Spectrogram 1	1	13.849600000	13.850600000	3156.400	6330.300	4406.250	4406.250
180	Spectrogram 1	1	13.850600000	13.851600000	3156.400	6330.300	4406.250	4406.250
181	Spectrogram 1	1	13.851600000	13.852600000	3156.400	6330.300	4406.250	4406.250
182	Spectrogram 1	1	13.852600000	13.853600000	3156.400	6330.300	4406.250	4406.250
183	Spectrogram 1	1	13.853600000	13.854600000	3156.400	6330.300	4781.250	5062.500
184	Spectrogram 1	1	13.854600000	13.855600000	3156.400	6330.300	4781.250	5062.500
185	Spectrogram 1	1	13.855600000	13.856600000	3156.400	6330.300	4781.250	5062.500
186	Spectrogram 1	1	13.856600000	13.857600000	3156.400	6330.300	4781.250	5062.500
187	Spectrogram 1	1	13.857600000	13.858600000	3156.400	6330.300	4781.250	5062.500
188	Spectrogram 1	1	13.858600000	13.859600000	3156.400	6330.300	4031.250	4031.250
189	Spectrogram 1	1	13.859600000	13.860600000	3156.400	6330.300	4031.250	4031.250
190	Spectrogram 1	1	13.860600000	13.861600000	3156.400	6330.300	4031.250	4031.250
191	Spectrogram 1	1	13.861600000	13.862600000	3156.400	6330.300	4031.250	4031.250
192	Spectrogram 1	1	13.862600000	13.863600000	3156.400	6330.300	4031.250	4031.250
193	Spectrogram 1	1	13.863600000	13.864600000	3156.400	6330.300	4218.750	4218.750
194	Spectrogram 1	1	13.864600000	13.865600000	3156.400	6330.300	4218.750	4218.750
195	Spectrogram 1	1	13.865600000	13.866600000	3156.400	6330.300	4218.750	4218.750
196	Spectrogram 1	1	13.866600000	13.867600000	3156.400	6330.300	4218.750	4218.750
197	Spectrogram 1	1	13.867600000	13.868600000	3156.400	6330.300	4218.750	4218.750
198	Spectrogram 1	1	13.868600000	13.869600000	3156.400	6330.300	4218.750	4218.750
199	Spectrogram 1	1	13.869600000	13.870600000	3156.400	6330.300	4312.500	4312.500
200	Spectrogram 1	1	13.870600000	13.871600000	3156.400	6330.300	4312.500	4312.500
201	Spectrogram 1	1	13.871600000	13.872600000	3156.400	6330.300	4312.500	4312.500
202	Spectrogram 1	1	13.872600000	13.873600000	3156.400	6330.300	4312.500	4312.500
203	Spectrogram 1	1	13.873600000	13.874600000	3156.400	6330.300	4312.500	4312.500
204	Spectrogram 1	1	13.874600000	13.875600000	3156.400	6330.300	4406.250	4500.000
205	Spectrogram 1	1	13.875600000	13.876600000	3156.400	6330.300	4406.250	4500.000
206	Spectrogram 1	1	13.876600000	13.877600000	3156.400	6330.300	4406.250	4500.000
207	Spectrogram 1	1	13.877600000	13.878600000	3156.400	6330.300	4406.250	4500.000
208	Spectrogram 1	1	13.878600000	13.879600000	3156.400	6330.300	4406.250	4500.000
209	Spectrogram 1	1	13.879600000	13.880600000	3156.400	6330.300	4500.000	4500.000
210	Spectrogram 1	1	13.880600000	13.881600000	3156.400	6330.300	4500.000	4500.000
211	Spectrogram 1	1	13.881600000	13.882600000	3156.400	6330.300	4500.000	4500.000
212	Spectrogram 1	1	13.882600000	13.883600000	3156.400	6330.300	4500.000	4500.000
213	Spectrogram 1	1	13.883600000	13.884600000	3156.400	6330.300	4500.000	4500.000
214	Spectrogram 1	1	13.884600000	13.885600000	3156.400	6330.300	4500.000	4500.000
215	Spectrogram 1	1	13.885600000	13.886600000	3156.400	6330.300	4687.500	4687.500
216	Spectrogram 1	1	13.886600000	13.887600000	3156.400	6330.300	4687.500	4687.500
217	Spectrogram 1	1	13.887600000	13.888600000	3156.400	6330.300	4687.500	4687.500
218	Spectrogram 1	1	13.888600000	13.889600000	3156.400	6330.300	4687.500	4687.500
219	Spectrogram 1	1	13.889600000	13.890600000	3156.400	6330.300	4687.500	4687.500
220	Spectrogram 1	1	13.890600000	13.891600000	3156.400	6330.300	4781.250	4875.000
221	Spectrogram 1	1	13.891600000	13.892600000	3156.400	6330.300	4781.250	4875.000
222	Spectrogram 1	1	13.892600000	13.893600000	3156.400	6330.300	4781.250	4875.000
223	Spectrogram 1	1	13.893600000	13.894600000	3156.400	6330.300	4781.250	4875.000
224	Spectrogram 1	1	13.894600000	13.895600000	3156.400	6330.300	4781.250	4875.000
225	Spectrogram 1	1	13.895600000	13.896600000	3156.400	6330.300	4968.750	5156.250
226	Spectrogram 1	1	13.896600000	13.897600000	3156.400	6330.300	4968.750	5156.250
227	Spectrogram 1	1	13.897600000	13.898600000	3156.400	6330.300	4968.750	5156.250
228	Spectrogram 1	1	13.898600000	13.899600000	3156.400	6330.300	4968.750	5156.250
229	Spectrogram 1	1	13.899600000	13.900600000	3156.400	6330.300	4968.750	5156.250
230	Spectrogram 1	1	13.900600000	13.901600000	3156.400	6330.300	4968.750	5156.250
231	Spectrogram 1	1	13.901600000	13.902600000	3156.400	6330.300	5156.250	5156.250
232	Spectrogram 1	1	13.902600000	13.903600000	3156.400	6330.300	5156.250	5156.250
233	Spectrogram 1	1	13.903600000	13.904600000	3156.400	6330.300	5156.250	5156.250
234	Spectrogram 1	1	13.904600000	13.905600000	3156.400	6330.300	5156.250	5156.250
235	Spectrogram 1	1	13.905600000	13.906600000	3156.400	6330.300	5156.250	5156.250
236	Spectrogram 1	1	13.906600000	13.907600000	3156.400	6330.300	5343.750	5343.750
237	Spectrogram 1	1	13.907600000	13.908600000	3156.400	6330.300	5343.750	5343.750
238	Spectrogram 1	1	13.908600000	13.909600000	3156.400	6330.300	5343.750	5343.750
239	Spectrogram 1	1	13.909600000	13.910600000	3156.400	6330.300	5343.750	5343.750
240	Spectrogram 1	1	13.910600000	13.911600000	3156.400	6330.300	5343.750	5343.750
241	Spectrogram 1	1	13.911600000	13.912600000	3156.400	6330.300	5531.250	5531.250
242	Spectrogram 1	1	13.912600000	13.913600000	3156.400	6330.300	5531.250	5531.250
243	Spectrogram 1	1	13.913600000	13.914600000	3156.400	6330.300	5531.250	5531.250
244	Spectrogram 1	1	13.914600000	13.915600000	3156.400	6330.300	5531.250	5531.250
245	Spectrogram 1	1	13.915600000	13.916600000	3156.400	6330.300	5531.250	5531.250
246	Spectrogram 1	1	13.916600000	13.917600000	3156.400	6330.300	5531.250	5531.250
247	Spectrogram 1	1	13.917600000	13.918600000	3156.400	6330.300	5625.000	5718.750
248	Spectrogram 1	1	13.918600000	13.919600000	3156.400	6330.300	5625.000	5718.750
249	Spectrogram 1	1	13.919600000	13.920600000	3156.400	6330.300	5625.000	5718.750
250	Spectrogram 1	1	13.920600000	13.921600000	3156.400	6330.300	5625.000	5718.750
251	Spectrogram 1	1	13.921600000	13.922600000	3156.400	6330.300	5625.000	5718.750
252	Spectrogram 1	1	13.922600000	13.923600000	3156.400	6330.300	5718.750	6093.750
253	Spectrogram 1	1	13.923600000	13.924600000	3156.400	6330.300	5718.750	6093.750
254	Spectrogram 1	1	13.924600000	13.925600000	3156.400	6330.300	5718.750	6093.750
255	Spectrogram 1	1	13.925600000	13.926600000	3156.400	6330.300	5718.750	6093.750
256	Spectrogram 1	1	13.926600000	13.927600000	3156.400	6330.300	5718.750	6093.750
257	Spectrogram 1	1	13.927600000	13.928600000	3156.400	6330.300	5531.250	5531.250
258	Spectrogram 1	1	13.928600000	13.929600000	3156.400	6330.300	5531.250	5531.250
259	Spectrogram 1	1	13.929600000	13.930600000	3156.400	6330.300	5531.250	5531.250
260	Spectrogram 1	1	13.930600000	13.931600000	3156.400	6330.300	5531.250	5531.250
261	Spectrogram 1	1	13.931600000	13.932600000	3156.400	6330.300	5531.250	5531.250
262	Spectrogram 1	1	13.932600000	13.933600000	3156.400	6330.300	5531.250	5531.250
263	Spectrogram 1	1	13.933600000	13.934600000	3156.400	6330.300	4968.750	5625.000
264	Spectrogram 1	1	13.934600000	13.935600000	3156.400	6330.300	4968.750	5625.000
265	Spectrogram 1	1	13.935600000	13.936600000	3156.400	6330.300	4968.750	5625.000
266	Spectrogram 1	1	13.936600000	13.937600000	3156.400	6330.300	4968.750	5625.000
267	Spectrogram 1	1	13.937600000	13.938600000	3156.400	6330.300	4968.750	5625.000
268	Spectrogram 1	1	13.938600000	13.939600000	3156.400	6330.300	5156.250	4593.750
269	Spectrogram 1	1	13.939600000	13.940600000	3156.400	6330.300	5156.250	4593.750
270	Spectrogram 1	1	13.940600000	13.941600000	3156.400	6330.300	5156.250	4593.750
271	Spectrogram 1	1	13.941600000	13.942600000	3156.400	6330.300	5156.250	4593.750
272	Spectrogram 1	1	13.942600000	13.943600000	3156.400	6330.300	5156.250	4593.750
273	Spectrogram 1	1	13.943600000	13.944600000	3156.400	6330.300	4687.500	6187.500
274	Spectrogram 1	1	13.944600000	13.945600000	3156.400	6330.300	4687.500	6187.500
275	Spectrogram 1	1	13.945600000	13.946600000	3156.400	6330.300	4687.500	6187.500
276	Spectrogram 1	1	13.946600000	13.947600000	3156.400	6330.300	4687.500	6187.500
277	Spectrogram 1	1	13.947600000	13.948600000	3156.400	6330.300	4687.500	6187.500
278	Spectrogram 1	1	13.948600000	13.949600000	3156.400	6330.300	4687.500	6187.500
279	Spectrogram 1	1	13.949600000	13.950600000	3156.400	6330.300	5250.000	6093.750
280	Spectrogram 1	1	13.950600000	13.951600000	3156.400	6330.300	5250.000	6093.750
281	Spectrogram 1	1	13.951600000	13.952600000	3156.400	6330.300	5250.000	6093.750
282	Spectrogram 1	1	13.952600000	13.952755609	3156.400	6330.300	5250.000	6093.750
