Selection	View	Channel	Begin Time (s)	End Time (s)	Low Freq (Hz)	High Freq (Hz)	Center Freq (Hz)	Peak Freq (Hz)
1	Spectrogram 1	1	4.428621237	4.429618969	2937.800	6046.000	4823.438	4823.438
2	Spectrogram 1	1	4.429618969	4.430616702	2937.800	6046.000	4823.438	4823.438
3	Spectrogram 1	1	4.430616702	4.431614434	2937.800	6046.000	4823.438	4823.438
4	Spectrogram 1	1	4.431614434	4.432612167	2937.800	6046.000	4737.305	4737.305
5	Spectrogram 1	1	4.432612167	4.433609899	2937.800	6046.000	4737.305	4737.305
6	Spectrogram 1	1	4.433609899	4.434607632	2937.800	6046.000	4737.305	4737.305
7	Spectrogram 1	1	4.434607632	4.435605364	2937.800	6046.000	4737.305	4737.305
8	Spectrogram 1	1	4.435605364	4.436603096	2937.800	6046.000	4737.305	4737.305
9	Spectrogram 1	1	4.436603096	4.437600829	2937.800	6046.000	4737.305	4737.305
10	Spectrogram 1	1	4.437600829	4.438598561	2937.800	6046.000	5254.102	5254.102
11	Spectrogram 1	1	4.438598561	4.439596294	2937.800	6046.000	5254.102	5254.102
12	Spectrogram 1	1	4.439596294	4.440594026	2937.800	6046.000	5254.102	5254.102
13	Spectrogram 1	1	4.440594026	4.441591759	2937.800	6046.000	5254.102	5254.102
14	Spectrogram 1	1	4.441591759	4.442589491	2937.800	6046.000	5254.102	5254.102
15	Spectrogram 1	1	4.442589491	4.443587223	2937.800	6046.000	5254.102	5254.102
16	Spectrogram 1	1	4.443587223	4.444584956	2937.800	6046.000	5426.367	5426.367
17	Spectrogram 1	1	4.444584956	4.445582688	2937.800	6046.000	5426.367	5426.367
18	Spectrogram 1	1	4.445582688	4.446580421	2937.800	6046.000	5426.367	5426.367
19	Spectrogram 1	1	4.446580421	4.447578153	2937.800	6046.000	5426.367	5426.367
20	Spectrogram 1	1	4.447578153	4.448575886	2937.800	6046.000	5426.367	5426.367
21	Spectrogram 1	1	4.448575886	4.449573618	2937.800	6046.000	5426.367	5426.367
22	Spectrogram 1	1	4.449573618	4.450571350	2937.800	6046.000	5340.234	5340.234
23	Spectrogram 1	1	4.450571350	4.451569083	2937.800	6046.000	5340.234	5340.234
24	Spectrogram 1	1	4.451569083	4.452566815	2937.800	6046.000	5340.234	5340.234
25	Spectrogram 1	1	4.452566815	4.453564548	2937.800	6046.000	5340.234	5340.234
26	Spectrogram 1	1	4.453564548	4.454562280	2937.800	6046.000	5340.234	5340.234
27	Spectrogram 1	1	4.454562280	4.455560013	2937.800	6046.000	5340.234	5340.234
28	Spectrogram 1	1	4.455560013	4.456557745	2937.800	6046.000	5081.836	4995.703
29	Spectrogram 1	1	4.456557745	4.457555477	2937.800	6046.000	5081.836	4995.703
30	Spectrogram 1	1	4.457555477	4.458553210	2937.800	6046.000	5081.836	4995.703
31	Spectrogram 1	1	4.458553210	4.459550942	2937.800	6046.000	5081.836	4995.703
32	Spectrogram 1	1	4.459550942	4.460548675	2937.800	6046.000	5081.836	4995.703
33	Spectrogram 1	1	4.460548675	4.461546407	2937.800	6046.000	5081.836	4995.703
34	Spectrogram 1	1	4.461546407	4.462544139	2937.800	6046.000	4737.305	4737.305
35	Spectrogram 1	1	4.462544139	4.463541872	2937.800	6046.000	4737.305	4737.305
36	Spectrogram 1	1	4.463541872	4.464539604	2937.800	6046.000	4737.305	4737.305
37	Spectrogram 1	1	4.464539604	4.465537337	2937.800	6046.000	4737.305	4737.305
38	Spectrogram 1	1	4.465537337	4.466535069	2937.800	6046.000	4737.305	4737.305
39	Spectrogram 1	1	4.466535069	4.467532802	2937.800	6046.000	4478.906	4478.906
40	Spectrogram 1	1	4.467532802	4.468530534	2937.800	6046.000	4478.906	4478.906
41	Spectrogram 1	1	4.468530534	4.469528266	2937.800	6046.000	4478.906	4478.906
42	Spectrogram 1	1	4.469528266	4.470525999	2937.800	6046.000	4478.906	4478.906
43	Spectrogram 1	1	4.470525999	4.471523731	2937.800	6046.000	4478.906	4478.906
44	Spectrogram 1	1	4.471523731	4.472521464	2937.800	6046.000	4478.906	4478.906
45	Spectrogram 1	1	4.472521464	4.473519196	2937.800	6046.000	4306.641	4306.641
46	Spectrogram 1	1	4.473519196	4.474516929	2937.800	6046.000	4306.641	4306.641
47	Spectrogram 1	1	4.474516929	4.475514661	2937.800	6046.000	4306.641	4306.641
48	Spectrogram 1	1	4.475514661	4.476512393	2937.800	6046.000	4306.641	4306.641
49	Spectrogram 1	1	4.476512393	4.477510126	2937.800	6046.000	4306.641	4306.641
50	Spectrogram 1	1	4.477510126	4.478507858	2937.800	6046.000	4306.641	4306.641
51	Spectrogram 1	1	4.478507858	4.479505591	2937.800	6046.000	4220.508	4220.508
52	Spectrogram 1	1	4.479505591	4.480503323	2937.800	6046.000	4220.508	4220.508
53	Spectrogram 1	1	4.480503323	4.481501056	2937.800	6046.000	4220.508	4220.508
54	Spectrogram 1	1	4.481501056	4.482498788	2937.800	6046.000	4220.508	4220.508
55	Spectrogram 1	1	4.482498788	4.483496520	2937.800	6046.000	4220.508	4220.508
56	Spectrogram 1	1	4.483496520	4.484494253	2937.800	6046.000	4220.508	4220.508
57	Spectrogram 1	1	4.484494253	4.485491985	2937.800	6046.000	4134.375	4134.375
58	Spectrogram 1	1	4.485491985	4.486489718	2937.800	6046.000	4134.375	4134.375
59	Spectrogram 1	1	4.486489718	4.487487450	2937.800	6046.000	4134.375	4134.375
60	Spectrogram 1	1	4.487487450	4.488485183	2937.800	6046.000	4134.375	4134.375
61	Spectrogram 1	1	4.488485183	4.489482915	2937.800	6046.000	4134.375	4134.375
62	Spectrogram 1	1	4.489482915	4.490480647	2937.800	6046.000	4134.375	4134.375
63	Spectrogram 1	1	4.490480647	4.491478380	2937.800	6046.000	4048.242	4048.242
64	Spectrogram 1	1	4.491478380	4.492476112	2937.800	6046.000	4048.242	4048.242
65	Spectrogram 1	1	4.492476112	4.493473845	2937.800	6046.000	4048.242	4048.242
66	Spectrogram 1	1	4.493473845	4.494471577	2937.800	6046.000	4048.242	4048.242
67	Spectrogram 1	1	4.494471577	4.495469310	2937.800	6046.000	4048.242	4048.242
68	Spectrogram 1	1	4.495469310	4.496467042	2937.800	6046.000	4048.242	4048.242
69	Spectrogram 1	1	4.496467042	4.497464774	2937.800	6046.000	4048.242	4048.242
70	Spectrogram 1	1	4.497464774	4.498462507	2937.800	6046.000	4048.242	4048.242
71	Spectrogram 1	1	4.498462507	4.499460239	2937.800	6046.000	4048.242	4048.242
72	Spectrogram 1	1	4.499460239	4.500457972	2937.800	6046.000	4048.242	4048.242
73	Spectrogram 1	1	4.500457972	4.501455704	2937.800	6046.000	4048.242	4048.242
74	Spectrogram 1	1	4.501455704	4.502453437	2937.800	6046.000	4048.242	4048.242
75	Spectrogram 1	1	4.502453437	4.503451169	2937.800	6046.000	4048.242	4048.242
76	Spectrogram 1	1	4.503451169	4.504448901	2937.800	6046.000	4048.242	4048.242
77	Spectrogram 1	1	4.504448901	4.505446634	2937.800	6046.000	4048.242	4048.242
78	Spectrogram 1	1	4.505446634	4.506444366	2937.800	6046.000	4048.242	4048.242
79	Spectrogram 1	1	4.506444366	4.507442099	2937.800	6046.000	4048.242	4048.242
80	Spectrogram 1	1	4.507442099	4.508439831	2937.800	6046.000	3962.109	3962.109
81	Spectrogram 1	1	4.508439831	4.509437564	2937.800	6046.000	3962.109	3962.109
82	Spectrogram 1	1	4.509437564	4.510435296	2937.800	6046.000	3962.109	3962.109
83	Spectrogram 1	1	4.510435296	4.511433028	2937.800	6046.000	3962.109	3962.109
84	Spectrogram 1	1	4.511433028	4.512430761	2937.800	6046.000	3962.109	3962.109
85	Spectrogram 1	1	4.512430761	4.513428493	2937.800	6046.000	3962.109	3962.109
86	Spectrogram 1	1	4.513428493	4.514426226	2937.800	6046.000	3962.109	3962.109
87	Spectrogram 1	1	4.514426226	4.515423958	2937.800	6046.000	3962.109	3962.109
88	Spectrogram 1	1	4.515423958	4.516421691	2937.800	6046.000	3962.109	3962.109
89	Spectrogram 1	1	4.516421691	4.517419423	2937.800	6046.000	3962.109	3962.109
90	Spectrogram 1	1	4.517419423	4.518417155	2937.800	6046.000	3962.109	3962.109
91	Spectrogram 1	1	4.518417155	4.519414888	2937.800	6046.000	3962.109	3962.109
92	Spectrogram 1	1	4.519414888	4.520412620	2937.800	6046.000	4478.906	4565.039
93	Spectrogram 1	1	4.520412620	4.521410353	2937.800	6046.000	4478.906	4565.039
94	Spectrogram 1	1	4.521410353	4.522408085	2937.800	6046.000	4478.906	4565.039
95	Spectrogram 1	1	4.522408085	4.523405817	2937.800	6046.000	4478.906	4565.039
96	Spectrogram 1	1	4.523405817	4.524403550	2937.800	6046.000	4478.906	4565.039
97	Spectrogram 1	1	4.524403550	4.525401282	2937.800	6046.000	4478.906	4565.039
98	Spectrogram 1	1	4.525401282	4.526399015	2937.800	6046.000	4478.906	4478.906
99	Spectrogram 1	1	4.526399015	4.527396747	2937.800	6046.000	4478.906	4478.906
100	Spectrogram 1	1	4.527396747	4.528394480	2937.800	6046.000	4478.906	4478.906
101	Spectrogram 1	1	4.528394480	4.529392212	2937.800	6046.000	4478.906	4478.906
102	Spectrogram 1	1	4.529392212	4.530389944	2937.800	6046.000	4478.906	4478.906
103	Spectrogram 1	1	4.530389944	4.531387677	2937.800	6046.000	4478.906	4478.906
104	Spectrogram 1	1	4.531387677	4.532385409	2937.800	6046.000	4478.906	4478.906
105	Spectrogram 1	1	4.532385409	4.533383142	2937.800	6046.000	4478.906	4478.906
106	Spectrogram 1	1	4.533383142	4.534380874	2937.800	6046.000	4478.906	4478.906
107	Spectrogram 1	1	4.534380874	4.535378607	2937.800	6046.000	4478.906	4478.906
108	Spectrogram 1	1	4.535378607	4.536376339	2937.800	6046.000	4478.906	4478.906
109	Spectrogram 1	1	4.536376339	4.537374071	2937.800	6046.000	4392.773	4392.773
110	Spectrogram 1	1	4.537374071	4.538371804	2937.800	6046.000	4392.773	4392.773
111	Spectrogram 1	1	4.538371804	4.539369536	2937.800	6046.000	4392.773	4392.773
112	Spectrogram 1	1	4.539369536	4.540367269	2937.800	6046.000	4392.773	4392.773
113	Spectrogram 1	1	4.540367269	4.541365001	2937.800	6046.000	4392.773	4392.773
114	Spectrogram 1	1	4.541365001	4.542362734	2937.800	6046.000	4392.773	4392.773
115	Spectrogram 1	1	4.542362734	4.543360466	2937.800	6046.000	4048.242	4048.242
116	Spectrogram 1	1	4.543360466	4.544358198	2937.800	6046.000	4048.242	4048.242
117	Spectrogram 1	1	4.544358198	4.545355931	2937.800	6046.000	4048.242	4048.242
118	Spectrogram 1	1	4.545355931	4.546353663	2937.800	6046.000	4048.242	4048.242
119	Spectrogram 1	1	4.546353663	4.547351396	2937.800	6046.000	4048.242	4048.242
120	Spectrogram 1	1	4.547351396	4.548349128	2937.800	6046.000	4048.242	4048.242
121	Spectrogram 1	1	4.548349128	4.549346861	2937.800	6046.000	3445.312	3445.312
122	Spectrogram 1	1	4.549346861	4.550344593	2937.800	6046.000	3445.312	3445.312
123	Spectrogram 1	1	4.550344593	4.551342325	2937.800	6046.000	3445.312	3445.312
124	Spectrogram 1	1	4.551342325	4.552340058	2937.800	6046.000	3445.312	3445.312
125	Spectrogram 1	1	4.552340058	4.553337790	2937.800	6046.000	3445.312	3445.312
126	Spectrogram 1	1	4.553337790	4.554335523	2937.800	6046.000	3445.312	3445.312
127	Spectrogram 1	1	4.554335523	4.555333255	2937.800	6046.000	3445.312	3445.312
128	Spectrogram 1	1	4.555333255	4.556330988	2937.800	6046.000	3445.312	3445.312
129	Spectrogram 1	1	4.556330988	4.557328720	2937.800	6046.000	3445.312	3445.312
130	Spectrogram 1	1	4.557328720	4.558326452	2937.800	6046.000	3445.312	3445.312
131	Spectrogram 1	1	4.558326452	4.559324185	2937.800	6046.000	3445.312	3445.312
132	Spectrogram 1	1	4.559324185	4.560321917	2937.800	6046.000	3359.180	3359.180
133	Spectrogram 1	1	4.560321917	4.561319650	2937.800	6046.000	3359.180	3359.180
134	Spectrogram 1	1	4.561319650	4.562317382	2937.800	6046.000	3359.180	3359.180
135	Spectrogram 1	1	4.562317382	4.563315115	2937.800	6046.000	3359.180	3359.180
136	Spectrogram 1	1	4.563315115	4.564312847	2937.800	6046.000	3359.180	3359.180
137	Spectrogram 1	1	4.564312847	4.565310579	2937.800	6046.000	3359.180	3359.180
138	Spectrogram 1	1	4.565310579	4.566308312	2937.800	6046.000	3273.047	3273.047
139	Spectrogram 1	1	4.566308312	4.567306044	2937.800	6046.000	3273.047	3273.047
140	Spectrogram 1	1	4.567306044	4.568303777	2937.800	6046.000	3273.047	3273.047
141	Spectrogram 1	1	4.568303777	4.569301509	2937.800	6046.000	3273.047	3273.047
142	Spectrogram 1	1	4.569301509	4.570299242	2937.800	6046.000	3273.047	3273.047
143	Spectrogram 1	1	4.570299242	4.571296974	2937.800	6046.000	3273.047	3273.047
144	Spectrogram 1	1	4.571296974	4.572294706	2937.800	6046.000	3186.914	3186.914
145	Spectrogram 1	1	4.572294706	4.573292439	2937.800	6046.000	3186.914	3186.914
146	Spectrogram 1	1	4.573292439	4.574290171	2937.800	6046.000	3186.914	3186.914
147	Spectrogram 1	1	4.574290171	4.575287904	2937.800	6046.000	3186.914	3186.914
148	Spectrogram 1	1	4.575287904	4.576285636	2937.800	6046.000	3186.914	3186.914
149	Spectrogram 1	1	4.576285636	4.577283369	2937.800	6046.000	3186.914	3186.914
150	Spectrogram 1	1	4.577283369	4.578281101	2937.800	6046.000	3273.047	3273.047
151	Spectrogram 1	1	4.578281101	4.579278833	2937.800	6046.000	3273.047	3273.047
152	Spectrogram 1	1	4.579278833	4.580276566	2937.800	6046.000	3273.047	3273.047
153	Spectrogram 1	1	4.580276566	4.581274298	2937.800	6046.000	3273.047	3273.047
154	Spectrogram 1	1	4.581274298	4.582272031	2937.800	6046.000	3273.047	3273.047
155	Spectrogram 1	1	4.582272031	4.583269763	2937.800	6046.000	3273.047	3273.047
156	Spectrogram 1	1	4.583269763	4.584267496	2937.800	6046.000	3359.180	3359.180
157	Spectrogram 1	1	4.584267496	4.585265228	2937.800	6046.000	3359.180	3359.180
158	Spectrogram 1	1	4.585265228	4.586262960	2937.800	6046.000	3359.180	3359.180
159	Spectrogram 1	1	4.586262960	4.587260693	2937.800	6046.000	3359.180	3359.180
160	Spectrogram 1	1	4.587260693	4.588258425	2937.800	6046.000	3359.180	3359.180
161	Spectrogram 1	1	4.588258425	4.589256158	2937.800	6046.000	3359.180	3359.180
162	Spectrogram 1	1	4.589256158	4.590253890	2937.800	6046.000	3359.180	3359.180
163	Spectrogram 1	1	4.590253890	4.591251622	2937.800	6046.000	3359.180	3359.180
164	Spectrogram 1	1	4.591251622	4.592249355	2937.800	6046.000	3359.180	3359.180
165	Spectrogram 1	1	4.592249355	4.593247087	2937.800	6046.000	3359.180	3359.180
166	Spectrogram 1	1	4.593247087	4.594244820	2937.800	6046.000	3359.180	3359.180
167	Spectrogram 1	1	4.594244820	4.595242552	2937.800	6046.000	3531.445	3359.180
168	Spectrogram 1	1	4.595242552	4.596240285	2937.800	6046.000	3531.445	3359.180
169	Spectrogram 1	1	4.596240285	4.597238017	2937.800	6046.000	3531.445	3359.180
170	Spectrogram 1	1	4.597238017	4.598235749	2937.800	6046.000	3531.445	3359.180
171	Spectrogram 1	1	4.598235749	4.599233482	2937.800	6046.000	3531.445	3359.180
172	Spectrogram 1	1	4.599233482	4.600231214	2937.800	6046.000	3531.445	3359.180
173	Spectrogram 1	1	4.600231214	4.601228947	2937.800	6046.000	3617.578	3703.711
174	Spectrogram 1	1	4.601228947	4.602226679	2937.800	6046.000	3617.578	3703.711
175	Spectrogram 1	1	4.602226679	4.603224412	2937.800	6046.000	3617.578	3703.711
176	Spectrogram 1	1	4.603224412	4.604222144	2937.800	6046.000	3617.578	3703.711
177	Spectrogram 1	1	4.604222144	4.605219876	2937.800	6046.000	3617.578	3703.711
178	Spectrogram 1	1	4.605219876	4.606217609	2937.800	6046.000	3617.578	3703.711
179	Spectrogram 1	1	4.606217609	4.607215341	2937.800	6046.000	4048.242	4048.242
180	Spectrogram 1	1	4.607215341	4.608213074	2937.800	6046.000	4048.242	4048.242
181	Spectrogram 1	1	4.608213074	4.609210806	2937.800	6046.000	4048.242	4048.242
182	Spectrogram 1	1	4.609210806	4.610208539	2937.800	6046.000	4048.242	4048.242
183	Spectrogram 1	1	4.610208539	4.611206271	2937.800	6046.000	4048.242	4048.242
184	Spectrogram 1	1	4.611206271	4.612204003	2937.800	6046.000	4048.242	4048.242
185	Spectrogram 1	1	4.612204003	4.613201736	2937.800	6046.000	4392.773	4392.773
186	Spectrogram 1	1	4.613201736	4.614199468	2937.800	6046.000	4392.773	4392.773
187	Spectrogram 1	1	4.614199468	4.615197201	2937.800	6046.000	4392.773	4392.773
188	Spectrogram 1	1	4.615197201	4.616194933	2937.800	6046.000	4392.773	4392.773
189	Spectrogram 1	1	4.616194933	4.617192666	2937.800	6046.000	4392.773	4392.773
190	Spectrogram 1	1	4.617192666	4.618190398	2937.800	6046.000	4392.773	4392.773
191	Spectrogram 1	1	4.618190398	4.619188130	2937.800	6046.000	4565.039	4565.039
192	Spectrogram 1	1	4.619188130	4.620185863	2937.800	6046.000	4565.039	4565.039
193	Spectrogram 1	1	4.620185863	4.621183595	2937.800	6046.000	4565.039	4565.039
194	Spectrogram 1	1	4.621183595	4.622181328	2937.800	6046.000	4565.039	4565.039
195	Spectrogram 1	1	4.622181328	4.623179060	2937.800	6046.000	4565.039	4565.039
196	Spectrogram 1	1	4.623179060	4.624176793	2937.800	6046.000	4651.172	4651.172
197	Spectrogram 1	1	4.624176793	4.625174525	2937.800	6046.000	4651.172	4651.172
198	Spectrogram 1	1	4.625174525	4.626172257	2937.800	6046.000	4651.172	4651.172
199	Spectrogram 1	1	4.626172257	4.627169990	2937.800	6046.000	4651.172	4651.172
200	Spectrogram 1	1	4.627169990	4.628167722	2937.800	6046.000	4651.172	4651.172
201	Spectrogram 1	1	4.628167722	4.629165455	2937.800	6046.000	4651.172	4651.172
202	Spectrogram 1	1	4.629165455	4.630163187	2937.800	6046.000	4737.305	4737.305
203	Spectrogram 1	1	4.630163187	4.631160920	2937.800	6046.000	4737.305	4737.305
204	Spectrogram 1	1	4.631160920	4.632158652	2937.800	6046.000	4737.305	4737.305
205	Spectrogram 1	1	4.632158652	4.633156384	2937.800	6046.000	4737.305	4737.305
206	Spectrogram 1	1	4.633156384	4.634154117	2937.800	6046.000	4737.305	4737.305
207	Spectrogram 1	1	4.634154117	4.635151849	2937.800	6046.000	4737.305	4737.305
208	Spectrogram 1	1	4.635151849	4.636149582	2937.800	6046.000	4737.305	4737.305
209	Spectrogram 1	1	4.636149582	4.637147314	2937.800	6046.000	4737.305	4737.305
210	Spectrogram 1	1	4.637147314	4.638145047	2937.800	6046.000	4737.305	4737.305
211	Spectrogram 1	1	4.638145047	4.639142779	2937.800	6046.000	4737.305	4737.305
212	Spectrogram 1	1	4.639142779	4.640140511	2937.800	6046.000	4737.305	4737.305
213	Spectrogram 1	1	4.640140511	4.641138244	2937.800	6046.000	4737.305	4737.305
214	Spectrogram 1	1	4.641138244	4.642135976	2937.800	6046.000	4823.438	4823.438
215	Spectrogram 1	1	4.642135976	4.643133709	2937.800	6046.000	4823.438	4823.438
216	Spectrogram 1	1	4.643133709	4.644131441	2937.800	6046.000	4823.438	4823.438
217	Spectrogram 1	1	4.644131441	4.645129174	2937.800	6046.000	4823.438	4823.438
218	Spectrogram 1	1	4.645129174	4.646126906	2937.800	6046.000	4823.438	4823.438
219	Spectrogram 1	1	4.646126906	4.647124638	2937.800	6046.000	4823.438	4823.438
220	Spectrogram 1	1	4.647124638	4.648122371	2937.800	6046.000	4995.703	4995.703
221	Spectrogram 1	1	4.648122371	4.649120103	2937.800	6046.000	4995.703	4995.703
222	Spectrogram 1	1	4.649120103	4.650117836	2937.800	6046.000	4995.703	4995.703
223	Spectrogram 1	1	4.650117836	4.651115568	2937.800	6046.000	4995.703	4995.703
224	Spectrogram 1	1	4.651115568	4.652113300	2937.800	6046.000	4995.703	4995.703
225	Spectrogram 1	1	4.652113300	4.653111033	2937.800	6046.000	4995.703	4995.703
226	Spectrogram 1	1	4.653111033	4.654108765	2937.800	6046.000	5081.836	5081.836
227	Spectrogram 1	1	4.654108765	4.655106498	2937.800	6046.000	5081.836	5081.836
228	Spectrogram 1	1	4.655106498	4.656104230	2937.800	6046.000	5081.836	5081.836
229	Spectrogram 1	1	4.656104230	4.657101963	2937.800	6046.000	5081.836	5081.836
230	Spectrogram 1	1	4.657101963	4.658099695	2937.800	6046.000	5081.836	5081.836
231	Spectrogram 1	1	4.658099695	4.659097427	2937.800	6046.000	5340.234	5340.234
232	Spectrogram 1	1	4.659097427	4.660095160	2937.800	6046.000	5340.234	5340.234
233	Spectrogram 1	1	4.660095160	4.661092892	2937.800	6046.000	5340.234	5340.234
234	Spectrogram 1	1	4.661092892	4.662090625	2937.800	6046.000	5340.234	5340.234
235	Spectrogram 1	1	4.662090625	4.663088357	2937.800	6046.000	5340.234	5340.234
236	Spectrogram 1	1	4.663088357	4.664086090	2937.800	6046.000	5340.234	5340.234
237	Spectrogram 1	1	4.664086090	4.665083822	2937.800	6046.000	5684.766	5684.766
238	Spectrogram 1	1	4.665083822	4.666081554	2937.800	6046.000	5684.766	5684.766
239	Spectrogram 1	1	4.666081554	4.667079287	2937.800	6046.000	5684.766	5684.766
240	Spectrogram 1	1	4.667079287	4.668077019	2937.800	6046.000	5684.766	5684.766
241	Spectrogram 1	1	4.668077019	4.669074752	2937.800	6046.000	5684.766	5684.766
242	Spectrogram 1	1	4.669074752	4.670072484	2937.800	6046.000	5684.766	5684.766
243	Spectrogram 1	1	4.670072484	4.671070217	2937.800	6046.000	5081.836	4995.703
244	Spectrogram 1	1	4.671070217	4.672067949	2937.800	6046.000	5081.836	4995.703
245	Spectrogram 1	1	4.672067949	4.673065681	2937.800	6046.000	5081.836	4995.703
246	Spectrogram 1	1	4.673065681	4.674063414	2937.800	6046.000	5081.836	4995.703
247	Spectrogram 1	1	4.674063414	4.675061146	2937.800	6046.000	5081.836	4995.703
248	Spectrogram 1	1	4.675061146	4.676058879	2937.800	6046.000	5081.836	4995.703
249	Spectrogram 1	1	4.676058879	4.677056611	2937.800	6046.000	4565.039	4565.039
250	Spectrogram 1	1	4.677056611	4.678054344	2937.800	6046.000	4565.039	4565.039
251	Spectrogram 1	1	4.678054344	4.679052076	2937.800	6046.000	4565.039	4565.039
252	Spectrogram 1	1	4.679052076	4.680049808	2937.800	6046.000	4565.039	4565.039
253	Spectrogram 1	1	4.680049808	4.681047541	2937.800	6046.000	4565.039	4565.039
254	Spectrogram 1	1	4.681047541	4.682045273	2937.800	6046.000	4565.039	4565.039
255	Spectrogram 1	1	4.682045273	4.683043006	2937.800	6046.000	4220.508	4134.375
256	Spectrogram 1	1	4.683043006	4.684040738	2937.800	6046.000	4220.508	4134.375
257	Spectrogram 1	1	4.684040738	4.685038471	2937.800	6046.000	4220.508	4134.375
258	Spectrogram 1	1	4.685038471	4.686036203	2937.800	6046.000	4220.508	4134.375
259	Spectrogram 1	1	4.686036203	4.687033935	2937.800	6046.000	4220.508	4134.375
260	Spectrogram 1	1	4.687033935	4.688031668	2937.800	6046.000	3962.109	3962.109
261	Spectrogram 1	1	4.688031668	4.689029400	2937.800	6046.000	3962.109	3962.109
262	Spectrogram 1	1	4.689029400	4.690027133	2937.800	6046.000	3962.109	3962.109
263	Spectrogram 1	1	4.690027133	4.691024865	2937.800	6046.000	3962.109	3962.109
264	Spectrogram 1	1	4.691024865	4.692022598	2937.800	6046.000	3962.109	3962.109
265	Spectrogram 1	1	4.692022598	4.693020330	2937.800	6046.000	3962.109	3962.109
266	Spectrogram 1	1	4.693020330	4.694018062	2937.800	6046.000	3875.977	3703.711
267	Spectrogram 1	1	4.694018062	4.695015795	2937.800	6046.000	3875.977	3703.711
268	Spectrogram 1	1	4.695015795	4.696013527	2937.800	6046.000	3875.977	3703.711
269	Spectrogram 1	1	4.696013527	4.697000000	2937.800	6046.000	3875.977	3703.711
