Selection	View	Channel	Begin Time (s)	End Time (s)	Low Freq (Hz)	High Freq (Hz)	Center Freq (Hz)	Peak Freq (Hz)
1	Spectrogram 1	2	3.385692426	3.386690158	3041.400	6662.935	5167.969	4909.570
2	Spectrogram 1	2	3.386690158	3.387687891	3041.400	6662.935	5167.969	4909.570
3	Spectrogram 1	2	3.387687891	3.388685623	3041.400	6662.935	5426.367	5426.367
4	Spectrogram 1	2	3.388685623	3.389683356	3041.400	6662.935	5426.367	5426.367
5	Spectrogram 1	2	3.389683356	3.390681088	3041.400	6662.935	5426.367	5426.367
6	Spectrogram 1	2	3.390681088	3.391678821	3041.400	6662.935	5426.367	5426.367
7	Spectrogram 1	2	3.391678821	3.392676553	3041.400	6662.935	5426.367	5426.367
8	Spectrogram 1	2	3.392676553	3.393674285	3041.400	6662.935	5770.898	5770.898
9	Spectrogram 1	2	3.393674285	3.394672018	3041.400	6662.935	5770.898	5770.898
10	Spectrogram 1	2	3.394672018	3.395669750	3041.400	6662.935	5770.898	5770.898
11	Spectrogram 1	2	3.395669750	3.396667483	3041.400	6662.935	5770.898	5770.898
12	Spectrogram 1	2	3.396667483	3.397665215	3041.400	6662.935	5770.898	5770.898
13	Spectrogram 1	2	3.397665215	3.398662948	3041.400	6662.935	5770.898	5770.898
14	Spectrogram 1	2	3.398662948	3.399660680	3041.400	6662.935	5254.102	5340.234
15	Spectrogram 1	2	3.399660680	3.400658412	3041.400	6662.935	5254.102	5340.234
16	Spectrogram 1	2	3.400658412	3.401656145	3041.400	6662.935	5254.102	5340.234
17	Spectrogram 1	2	3.401656145	3.402653877	3041.400	6662.935	5254.102	5340.234
18	Spectrogram 1	2	3.402653877	3.403651610	3041.400	6662.935	5254.102	5340.234
19	Spectrogram 1	2	3.403651610	3.404649342	3041.400	6662.935	5254.102	5340.234
20	Spectrogram 1	2	3.404649342	3.405647075	3041.400	6662.935	4565.039	4565.039
21	Spectrogram 1	2	3.405647075	3.406644807	3041.400	6662.935	4565.039	4565.039
22	Spectrogram 1	2	3.406644807	3.407642539	3041.400	6662.935	4565.039	4565.039
23	Spectrogram 1	2	3.407642539	3.408640272	3041.400	6662.935	4565.039	4565.039
24	Spectrogram 1	2	3.408640272	3.409638004	3041.400	6662.935	4565.039	4565.039
25	Spectrogram 1	2	3.409638004	3.410635737	3041.400	6662.935	4565.039	4565.039
26	Spectrogram 1	2	3.410635737	3.411633469	3041.400	6662.935	4478.906	4478.906
27	Spectrogram 1	2	3.411633469	3.412631202	3041.400	6662.935	4478.906	4478.906
28	Spectrogram 1	2	3.412631202	3.413628934	3041.400	6662.935	4478.906	4478.906
29	Spectrogram 1	2	3.413628934	3.414626666	3041.400	6662.935	4478.906	4478.906
30	Spectrogram 1	2	3.414626666	3.415624399	3041.400	6662.935	4478.906	4478.906
31	Spectrogram 1	2	3.415624399	3.416622131	3041.400	6662.935	4478.906	4478.906
32	Spectrogram 1	2	3.416622131	3.417619864	3041.400	6662.935	4565.039	4565.039
33	Spectrogram 1	2	3.417619864	3.418617596	3041.400	6662.935	4565.039	4565.039
34	Spectrogram 1	2	3.418617596	3.419615328	3041.400	6662.935	4565.039	4565.039
35	Spectrogram 1	2	3.419615328	3.420613061	3041.400	6662.935	4565.039	4565.039
36	Spectrogram 1	2	3.420613061	3.421610793	3041.400	6662.935	4565.039	4565.039
37	Spectrogram 1	2	3.421610793	3.422608526	3041.400	6662.935	4651.172	4651.172
38	Spectrogram 1	2	3.422608526	3.423606258	3041.400	6662.935	4651.172	4651.172
39	Spectrogram 1	2	3.423606258	3.424603991	3041.400	6662.935	4651.172	4651.172
40	Spectrogram 1	2	3.424603991	3.425601723	3041.400	6662.935	4651.172	4651.172
41	Spectrogram 1	2	3.425601723	3.426599455	3041.400	6662.935	4651.172	4651.172
42	Spectrogram 1	2	3.426599455	3.427597188	3041.400	6662.935	4651.172	4651.172
43	Spectrogram 1	2	3.427597188	3.428594920	3041.400	6662.935	4392.773	4392.773
44	Spectrogram 1	2	3.428594920	3.429592653	3041.400	6662.935	4392.773	4392.773
45	Spectrogram 1	2	3.429592653	3.430590385	3041.400	6662.935	4392.773	4392.773
46	Spectrogram 1	2	3.430590385	3.431588118	3041.400	6662.935	4392.773	4392.773
47	Spectrogram 1	2	3.431588118	3.432585850	3041.400	6662.935	4392.773	4392.773
48	Spectrogram 1	2	3.432585850	3.433583582	3041.400	6662.935	4392.773	4392.773
49	Spectrogram 1	2	3.433583582	3.434581315	3041.400	6662.935	4306.641	4306.641
50	Spectrogram 1	2	3.434581315	3.435579047	3041.400	6662.935	4306.641	4306.641
51	Spectrogram 1	2	3.435579047	3.436576780	3041.400	6662.935	4306.641	4306.641
52	Spectrogram 1	2	3.436576780	3.437574512	3041.400	6662.935	4306.641	4306.641
53	Spectrogram 1	2	3.437574512	3.438572245	3041.400	6662.935	4306.641	4306.641
54	Spectrogram 1	2	3.438572245	3.439569977	3041.400	6662.935	4306.641	4306.641
55	Spectrogram 1	2	3.439569977	3.440567709	3041.400	6662.935	4220.508	4220.508
56	Spectrogram 1	2	3.440567709	3.441565442	3041.400	6662.935	4220.508	4220.508
57	Spectrogram 1	2	3.441565442	3.442563174	3041.400	6662.935	4220.508	4220.508
58	Spectrogram 1	2	3.442563174	3.443560907	3041.400	6662.935	4220.508	4220.508
59	Spectrogram 1	2	3.443560907	3.444558639	3041.400	6662.935	4220.508	4220.508
60	Spectrogram 1	2	3.444558639	3.445556372	3041.400	6662.935	4220.508	4220.508
61	Spectrogram 1	2	3.445556372	3.446554104	3041.400	6662.935	4134.375	4134.375
62	Spectrogram 1	2	3.446554104	3.447551836	3041.400	6662.935	4134.375	4134.375
63	Spectrogram 1	2	3.447551836	3.448549569	3041.400	6662.935	4134.375	4134.375
64	Spectrogram 1	2	3.448549569	3.449547301	3041.400	6662.935	4134.375	4134.375
65	Spectrogram 1	2	3.449547301	3.450545034	3041.400	6662.935	4134.375	4134.375
66	Spectrogram 1	2	3.450545034	3.451542766	3041.400	6662.935	4134.375	4134.375
67	Spectrogram 1	2	3.451542766	3.452540499	3041.400	6662.935	4134.375	4134.375
68	Spectrogram 1	2	3.452540499	3.453538231	3041.400	6662.935	4134.375	4134.375
69	Spectrogram 1	2	3.453538231	3.454535963	3041.400	6662.935	4134.375	4134.375
70	Spectrogram 1	2	3.454535963	3.455533696	3041.400	6662.935	4134.375	4134.375
71	Spectrogram 1	2	3.455533696	3.456531428	3041.400	6662.935	4134.375	4134.375
72	Spectrogram 1	2	3.456531428	3.457529161	3041.400	6662.935	4048.242	4048.242
73	Spectrogram 1	2	3.457529161	3.458526893	3041.400	6662.935	4048.242	4048.242
74	Spectrogram 1	2	3.458526893	3.459524626	3041.400	6662.935	4048.242	4048.242
75	Spectrogram 1	2	3.459524626	3.460522358	3041.400	6662.935	4048.242	4048.242
76	Spectrogram 1	2	3.460522358	3.461520090	3041.400	6662.935	4048.242	4048.242
77	Spectrogram 1	2	3.461520090	3.462517823	3041.400	6662.935	4048.242	4048.242
78	Spectrogram 1	2	3.462517823	3.463515555	3041.400	6662.935	3962.109	3875.977
79	Spectrogram 1	2	3.463515555	3.464513288	3041.400	6662.935	3962.109	3875.977
80	Spectrogram 1	2	3.464513288	3.465511020	3041.400	6662.935	3962.109	3875.977
81	Spectrogram 1	2	3.465511020	3.466508753	3041.400	6662.935	3962.109	3875.977
82	Spectrogram 1	2	3.466508753	3.467506485	3041.400	6662.935	3962.109	3875.977
83	Spectrogram 1	2	3.467506485	3.468504217	3041.400	6662.935	3962.109	3875.977
84	Spectrogram 1	2	3.468504217	3.469501950	3041.400	6662.935	3875.977	3875.977
85	Spectrogram 1	2	3.469501950	3.470499682	3041.400	6662.935	3875.977	3875.977
86	Spectrogram 1	2	3.470499682	3.471497415	3041.400	6662.935	3875.977	3875.977
87	Spectrogram 1	2	3.471497415	3.472495147	3041.400	6662.935	3875.977	3875.977
88	Spectrogram 1	2	3.472495147	3.473492880	3041.400	6662.935	3875.977	3875.977
89	Spectrogram 1	2	3.473492880	3.474490612	3041.400	6662.935	3875.977	3875.977
90	Spectrogram 1	2	3.474490612	3.475488344	3041.400	6662.935	4220.508	4565.039
91	Spectrogram 1	2	3.475488344	3.476486077	3041.400	6662.935	4220.508	4565.039
92	Spectrogram 1	2	3.476486077	3.477483809	3041.400	6662.935	4220.508	4565.039
93	Spectrogram 1	2	3.477483809	3.478481542	3041.400	6662.935	4220.508	4565.039
94	Spectrogram 1	2	3.478481542	3.479479274	3041.400	6662.935	4220.508	4565.039
95	Spectrogram 1	2	3.479479274	3.480477006	3041.400	6662.935	4220.508	4565.039
96	Spectrogram 1	2	3.480477006	3.481474739	3041.400	6662.935	4478.906	4478.906
97	Spectrogram 1	2	3.481474739	3.482472471	3041.400	6662.935	4478.906	4478.906
98	Spectrogram 1	2	3.482472471	3.483470204	3041.400	6662.935	4478.906	4478.906
99	Spectrogram 1	2	3.483470204	3.484467936	3041.400	6662.935	4478.906	4478.906
100	Spectrogram 1	2	3.484467936	3.485465669	3041.400	6662.935	4478.906	4478.906
101	Spectrogram 1	2	3.485465669	3.486463401	3041.400	6662.935	4478.906	4478.906
102	Spectrogram 1	2	3.486463401	3.487461133	3041.400	6662.935	4478.906	4478.906
103	Spectrogram 1	2	3.487461133	3.488458866	3041.400	6662.935	4478.906	4478.906
104	Spectrogram 1	2	3.488458866	3.489456598	3041.400	6662.935	4478.906	4478.906
105	Spectrogram 1	2	3.489456598	3.490454331	3041.400	6662.935	4478.906	4478.906
106	Spectrogram 1	2	3.490454331	3.491452063	3041.400	6662.935	4478.906	4478.906
107	Spectrogram 1	2	3.491452063	3.492449796	3041.400	6662.935	4392.773	4392.773
108	Spectrogram 1	2	3.492449796	3.493447528	3041.400	6662.935	4392.773	4392.773
109	Spectrogram 1	2	3.493447528	3.494445260	3041.400	6662.935	4392.773	4392.773
110	Spectrogram 1	2	3.494445260	3.495442993	3041.400	6662.935	4392.773	4392.773
111	Spectrogram 1	2	3.495442993	3.496440725	3041.400	6662.935	4392.773	4392.773
112	Spectrogram 1	2	3.496440725	3.497438458	3041.400	6662.935	4392.773	4392.773
113	Spectrogram 1	2	3.497438458	3.498436190	3041.400	6662.935	4220.508	4220.508
114	Spectrogram 1	2	3.498436190	3.499433923	3041.400	6662.935	4220.508	4220.508
115	Spectrogram 1	2	3.499433923	3.500431655	3041.400	6662.935	4220.508	4220.508
116	Spectrogram 1	2	3.500431655	3.501429387	3041.400	6662.935	4220.508	4220.508
117	Spectrogram 1	2	3.501429387	3.502427120	3041.400	6662.935	4220.508	4220.508
118	Spectrogram 1	2	3.502427120	3.503424852	3041.400	6662.935	4220.508	4220.508
119	Spectrogram 1	2	3.503424852	3.504422585	3041.400	6662.935	3445.312	3445.312
120	Spectrogram 1	2	3.504422585	3.505420317	3041.400	6662.935	3445.312	3445.312
121	Spectrogram 1	2	3.505420317	3.506418050	3041.400	6662.935	3445.312	3445.312
122	Spectrogram 1	2	3.506418050	3.507415782	3041.400	6662.935	3445.312	3445.312
123	Spectrogram 1	2	3.507415782	3.508413514	3041.400	6662.935	3445.312	3445.312
124	Spectrogram 1	2	3.508413514	3.509411247	3041.400	6662.935	3445.312	3445.312
125	Spectrogram 1	2	3.509411247	3.510408979	3041.400	6662.935	3445.312	3445.312
126	Spectrogram 1	2	3.510408979	3.511406712	3041.400	6662.935	3445.312	3445.312
127	Spectrogram 1	2	3.511406712	3.512404444	3041.400	6662.935	3445.312	3445.312
128	Spectrogram 1	2	3.512404444	3.513402177	3041.400	6662.935	3445.312	3445.312
129	Spectrogram 1	2	3.513402177	3.514399909	3041.400	6662.935	3445.312	3445.312
130	Spectrogram 1	2	3.514399909	3.515397641	3041.400	6662.935	3445.312	3445.312
131	Spectrogram 1	2	3.515397641	3.516395374	3041.400	6662.935	3359.180	3359.180
132	Spectrogram 1	2	3.516395374	3.517393106	3041.400	6662.935	3359.180	3359.180
133	Spectrogram 1	2	3.517393106	3.518390839	3041.400	6662.935	3359.180	3359.180
134	Spectrogram 1	2	3.518390839	3.519388571	3041.400	6662.935	3359.180	3359.180
135	Spectrogram 1	2	3.519388571	3.520386304	3041.400	6662.935	3359.180	3359.180
136	Spectrogram 1	2	3.520386304	3.521384036	3041.400	6662.935	3273.047	3273.047
137	Spectrogram 1	2	3.521384036	3.522381768	3041.400	6662.935	3273.047	3273.047
138	Spectrogram 1	2	3.522381768	3.523379501	3041.400	6662.935	3273.047	3273.047
139	Spectrogram 1	2	3.523379501	3.524377233	3041.400	6662.935	3273.047	3273.047
140	Spectrogram 1	2	3.524377233	3.525374966	3041.400	6662.935	3273.047	3273.047
141	Spectrogram 1	2	3.525374966	3.526372698	3041.400	6662.935	3273.047	3273.047
142	Spectrogram 1	2	3.526372698	3.527370431	3041.400	6662.935	3359.180	3359.180
143	Spectrogram 1	2	3.527370431	3.528368163	3041.400	6662.935	3359.180	3359.180
144	Spectrogram 1	2	3.528368163	3.529365895	3041.400	6662.935	3359.180	3359.180
145	Spectrogram 1	2	3.529365895	3.530363628	3041.400	6662.935	3359.180	3359.180
146	Spectrogram 1	2	3.530363628	3.531361360	3041.400	6662.935	3359.180	3359.180
147	Spectrogram 1	2	3.531361360	3.532359093	3041.400	6662.935	3359.180	3359.180
148	Spectrogram 1	2	3.532359093	3.533356825	3041.400	6662.935	3445.312	3445.312
149	Spectrogram 1	2	3.533356825	3.534354558	3041.400	6662.935	3445.312	3445.312
150	Spectrogram 1	2	3.534354558	3.535352290	3041.400	6662.935	3445.312	3445.312
151	Spectrogram 1	2	3.535352290	3.536350022	3041.400	6662.935	3445.312	3445.312
152	Spectrogram 1	2	3.536350022	3.537347755	3041.400	6662.935	3445.312	3445.312
153	Spectrogram 1	2	3.537347755	3.538345487	3041.400	6662.935	3445.312	3445.312
154	Spectrogram 1	2	3.538345487	3.539343220	3041.400	6662.935	3875.977	3789.844
155	Spectrogram 1	2	3.539343220	3.540340952	3041.400	6662.935	3875.977	3789.844
156	Spectrogram 1	2	3.540340952	3.541338685	3041.400	6662.935	3875.977	3789.844
157	Spectrogram 1	2	3.541338685	3.542336417	3041.400	6662.935	3875.977	3789.844
158	Spectrogram 1	2	3.542336417	3.543334149	3041.400	6662.935	3875.977	3789.844
159	Spectrogram 1	2	3.543334149	3.544331882	3041.400	6662.935	3875.977	3789.844
160	Spectrogram 1	2	3.544331882	3.545329614	3041.400	6662.935	4392.773	4392.773
161	Spectrogram 1	2	3.545329614	3.546327347	3041.400	6662.935	4392.773	4392.773
162	Spectrogram 1	2	3.546327347	3.547325079	3041.400	6662.935	4392.773	4392.773
163	Spectrogram 1	2	3.547325079	3.548322811	3041.400	6662.935	4392.773	4392.773
164	Spectrogram 1	2	3.548322811	3.549320544	3041.400	6662.935	4392.773	4392.773
165	Spectrogram 1	2	3.549320544	3.550318276	3041.400	6662.935	4565.039	4565.039
166	Spectrogram 1	2	3.550318276	3.551316009	3041.400	6662.935	4565.039	4565.039
167	Spectrogram 1	2	3.551316009	3.552313741	3041.400	6662.935	4565.039	4565.039
168	Spectrogram 1	2	3.552313741	3.553311474	3041.400	6662.935	4565.039	4565.039
169	Spectrogram 1	2	3.553311474	3.554309206	3041.400	6662.935	4565.039	4565.039
170	Spectrogram 1	2	3.554309206	3.555306938	3041.400	6662.935	4565.039	4565.039
171	Spectrogram 1	2	3.555306938	3.556304671	3041.400	6662.935	4737.305	4737.305
172	Spectrogram 1	2	3.556304671	3.557302403	3041.400	6662.935	4737.305	4737.305
173	Spectrogram 1	2	3.557302403	3.558300136	3041.400	6662.935	4737.305	4737.305
174	Spectrogram 1	2	3.558300136	3.559297868	3041.400	6662.935	4737.305	4737.305
175	Spectrogram 1	2	3.559297868	3.560295601	3041.400	6662.935	4737.305	4737.305
176	Spectrogram 1	2	3.560295601	3.561293333	3041.400	6662.935	4737.305	4737.305
177	Spectrogram 1	2	3.561293333	3.562291065	3041.400	6662.935	4909.570	4909.570
178	Spectrogram 1	2	3.562291065	3.563288798	3041.400	6662.935	4909.570	4909.570
179	Spectrogram 1	2	3.563288798	3.564286530	3041.400	6662.935	4909.570	4909.570
180	Spectrogram 1	2	3.564286530	3.565284263	3041.400	6662.935	4909.570	4909.570
181	Spectrogram 1	2	3.565284263	3.566281995	3041.400	6662.935	4909.570	4909.570
182	Spectrogram 1	2	3.566281995	3.567279728	3041.400	6662.935	4909.570	4909.570
183	Spectrogram 1	2	3.567279728	3.568277460	3041.400	6662.935	4909.570	4909.570
184	Spectrogram 1	2	3.568277460	3.569275192	3041.400	6662.935	4909.570	4909.570
185	Spectrogram 1	2	3.569275192	3.570272925	3041.400	6662.935	4909.570	4909.570
186	Spectrogram 1	2	3.570272925	3.571270657	3041.400	6662.935	4909.570	4909.570
187	Spectrogram 1	2	3.571270657	3.572268390	3041.400	6662.935	4909.570	4909.570
188	Spectrogram 1	2	3.572268390	3.573266122	3041.400	6662.935	4909.570	4909.570
189	Spectrogram 1	2	3.573266122	3.574263855	3041.400	6662.935	5167.969	5167.969
190	Spectrogram 1	2	3.574263855	3.575261587	3041.400	6662.935	5167.969	5167.969
191	Spectrogram 1	2	3.575261587	3.576259319	3041.400	6662.935	5167.969	5167.969
192	Spectrogram 1	2	3.576259319	3.577257052	3041.400	6662.935	5167.969	5167.969
193	Spectrogram 1	2	3.577257052	3.578254784	3041.400	6662.935	5167.969	5167.969
194	Spectrogram 1	2	3.578254784	3.579252517	3041.400	6662.935	5167.969	5167.969
195	Spectrogram 1	2	3.579252517	3.580250249	3041.400	6662.935	5340.234	5340.234
196	Spectrogram 1	2	3.580250249	3.581247982	3041.400	6662.935	5340.234	5340.234
197	Spectrogram 1	2	3.581247982	3.582245714	3041.400	6662.935	5340.234	5340.234
198	Spectrogram 1	2	3.582245714	3.583243446	3041.400	6662.935	5340.234	5340.234
199	Spectrogram 1	2	3.583243446	3.584241179	3041.400	6662.935	5340.234	5340.234
200	Spectrogram 1	2	3.584241179	3.585238911	3041.400	6662.935	5512.500	5512.500
201	Spectrogram 1	2	3.585238911	3.586236644	3041.400	6662.935	5512.500	5512.500
202	Spectrogram 1	2	3.586236644	3.587234376	3041.400	6662.935	5512.500	5512.500
203	Spectrogram 1	2	3.587234376	3.588232109	3041.400	6662.935	5512.500	5512.500
204	Spectrogram 1	2	3.588232109	3.589229841	3041.400	6662.935	5512.500	5512.500
205	Spectrogram 1	2	3.589229841	3.590227573	3041.400	6662.935	5512.500	5512.500
206	Spectrogram 1	2	3.590227573	3.591225306	3041.400	6662.935	6029.297	6115.430
207	Spectrogram 1	2	3.591225306	3.592223038	3041.400	6662.935	6029.297	6115.430
208	Spectrogram 1	2	3.592223038	3.593220771	3041.400	6662.935	6029.297	6115.430
209	Spectrogram 1	2	3.593220771	3.594218503	3041.400	6662.935	6029.297	6115.430
210	Spectrogram 1	2	3.594218503	3.595216236	3041.400	6662.935	6029.297	6115.430
211	Spectrogram 1	2	3.595216236	3.596213968	3041.400	6662.935	6029.297	6115.430
212	Spectrogram 1	2	3.596213968	3.597211700	3041.400	6662.935	6287.695	6373.828
213	Spectrogram 1	2	3.597211700	3.598209433	3041.400	6662.935	6287.695	6373.828
214	Spectrogram 1	2	3.598209433	3.599207165	3041.400	6662.935	6287.695	6373.828
215	Spectrogram 1	2	3.599207165	3.600204898	3041.400	6662.935	6287.695	6373.828
216	Spectrogram 1	2	3.600204898	3.601202630	3041.400	6662.935	6287.695	6373.828
217	Spectrogram 1	2	3.601202630	3.602200363	3041.400	6662.935	6287.695	6373.828
218	Spectrogram 1	2	3.602200363	3.603198095	3041.400	6662.935	5426.367	5426.367
219	Spectrogram 1	2	3.603198095	3.604195827	3041.400	6662.935	5426.367	5426.367
220	Spectrogram 1	2	3.604195827	3.605193560	3041.400	6662.935	5426.367	5426.367
221	Spectrogram 1	2	3.605193560	3.606191292	3041.400	6662.935	5426.367	5426.367
222	Spectrogram 1	2	3.606191292	3.607189025	3041.400	6662.935	5426.367	5426.367
223	Spectrogram 1	2	3.607189025	3.608186757	3041.400	6662.935	5426.367	5426.367
224	Spectrogram 1	2	3.608186757	3.609184489	3041.400	6662.935	4565.039	4478.906
225	Spectrogram 1	2	3.609184489	3.610182222	3041.400	6662.935	4565.039	4478.906
226	Spectrogram 1	2	3.610182222	3.611179954	3041.400	6662.935	4565.039	4478.906
227	Spectrogram 1	2	3.611179954	3.612177687	3041.400	6662.935	4565.039	4478.906
228	Spectrogram 1	2	3.612177687	3.613175419	3041.400	6662.935	4565.039	4478.906
229	Spectrogram 1	2	3.613175419	3.614173152	3041.400	6662.935	4306.641	4220.508
230	Spectrogram 1	2	3.614173152	3.615170884	3041.400	6662.935	4306.641	4220.508
231	Spectrogram 1	2	3.615170884	3.616168616	3041.400	6662.935	4306.641	4220.508
232	Spectrogram 1	2	3.616168616	3.617166349	3041.400	6662.935	4306.641	4220.508
233	Spectrogram 1	2	3.617166349	3.618164081	3041.400	6662.935	4306.641	4220.508
234	Spectrogram 1	2	3.618164081	3.619161814	3041.400	6662.935	4306.641	4220.508
235	Spectrogram 1	2	3.619161814	3.620159546	3041.400	6662.935	4823.438	4478.906
236	Spectrogram 1	2	3.620159546	3.621157279	3041.400	6662.935	4823.438	4478.906
237	Spectrogram 1	2	3.621157279	3.621459131	3041.400	6662.935	4823.438	4478.906
