Selection	View	Channel	Begin Time (s)	End Time (s)	Low Freq (Hz)	High Freq (Hz)	Center Freq (Hz)	Peak Freq (Hz)
1	Spectrogram 1	1	49.370788296	49.371786028	3167.182	6214.900	3962.109	3875.977
2	Spectrogram 1	1	49.371786028	49.372783761	3167.182	6214.900	3962.109	3875.977
3	Spectrogram 1	1	49.372783761	49.373781493	3167.182	6214.900	3962.109	3875.977
4	Spectrogram 1	1	49.373781493	49.374779226	3167.182	6214.900	3962.109	3875.977
5	Spectrogram 1	1	49.374779226	49.375776958	3167.182	6214.900	4478.906	4392.773
6	Spectrogram 1	1	49.375776958	49.376774691	3167.182	6214.900	4478.906	4392.773
7	Spectrogram 1	1	49.376774691	49.377772423	3167.182	6214.900	4478.906	4392.773
8	Spectrogram 1	1	49.377772423	49.378770155	3167.182	6214.900	4478.906	4392.773
9	Spectrogram 1	1	49.378770155	49.379767888	3167.182	6214.900	4478.906	4392.773
10	Spectrogram 1	1	49.379767888	49.380765620	3167.182	6214.900	4651.172	4651.172
11	Spectrogram 1	1	49.380765620	49.381763353	3167.182	6214.900	4651.172	4651.172
12	Spectrogram 1	1	49.381763353	49.382761085	3167.182	6214.900	4651.172	4651.172
13	Spectrogram 1	1	49.382761085	49.383758818	3167.182	6214.900	4651.172	4651.172
14	Spectrogram 1	1	49.383758818	49.384756550	3167.182	6214.900	4651.172	4651.172
15	Spectrogram 1	1	49.384756550	49.385754282	3167.182	6214.900	4651.172	4651.172
16	Spectrogram 1	1	49.385754282	49.386752015	3167.182	6214.900	4651.172	4651.172
17	Spectrogram 1	1	49.386752015	49.387749747	3167.182	6214.900	4651.172	4651.172
18	Spectrogram 1	1	49.387749747	49.388747480	3167.182	6214.900	4651.172	4651.172
19	Spectrogram 1	1	49.388747480	49.389745212	3167.182	6214.900	4651.172	4651.172
20	Spectrogram 1	1	49.389745212	49.390742945	3167.182	6214.900	4651.172	4651.172
21	Spectrogram 1	1	49.390742945	49.391740677	3167.182	6214.900	4651.172	4651.172
22	Spectrogram 1	1	49.391740677	49.392738409	3167.182	6214.900	5081.836	5081.836
23	Spectrogram 1	1	49.392738409	49.393736142	3167.182	6214.900	5081.836	5081.836
24	Spectrogram 1	1	49.393736142	49.394733874	3167.182	6214.900	5081.836	5081.836
25	Spectrogram 1	1	49.394733874	49.395731607	3167.182	6214.900	5081.836	5081.836
26	Spectrogram 1	1	49.395731607	49.396729339	3167.182	6214.900	5081.836	5081.836
27	Spectrogram 1	1	49.396729339	49.397727072	3167.182	6214.900	5081.836	5081.836
28	Spectrogram 1	1	49.397727072	49.398724804	3167.182	6214.900	5081.836	5081.836
29	Spectrogram 1	1	49.398724804	49.399722536	3167.182	6214.900	5081.836	5081.836
30	Spectrogram 1	1	49.399722536	49.400720269	3167.182	6214.900	5081.836	5081.836
31	Spectrogram 1	1	49.400720269	49.401718001	3167.182	6214.900	5081.836	5081.836
32	Spectrogram 1	1	49.401718001	49.402715734	3167.182	6214.900	5081.836	5081.836
33	Spectrogram 1	1	49.402715734	49.403713466	3167.182	6214.900	5081.836	5081.836
34	Spectrogram 1	1	49.403713466	49.404711198	3167.182	6214.900	5081.836	5081.836
35	Spectrogram 1	1	49.404711198	49.405708931	3167.182	6214.900	5081.836	5081.836
36	Spectrogram 1	1	49.405708931	49.406706663	3167.182	6214.900	5081.836	5081.836
37	Spectrogram 1	1	49.406706663	49.407704396	3167.182	6214.900	5081.836	5081.836
38	Spectrogram 1	1	49.407704396	49.408702128	3167.182	6214.900	5081.836	5081.836
39	Spectrogram 1	1	49.408702128	49.409699861	3167.182	6214.900	4651.172	4565.039
40	Spectrogram 1	1	49.409699861	49.410697593	3167.182	6214.900	4651.172	4565.039
41	Spectrogram 1	1	49.410697593	49.411695325	3167.182	6214.900	4651.172	4565.039
42	Spectrogram 1	1	49.411695325	49.412693058	3167.182	6214.900	4651.172	4565.039
43	Spectrogram 1	1	49.412693058	49.413690790	3167.182	6214.900	4651.172	4565.039
44	Spectrogram 1	1	49.413690790	49.414688523	3167.182	6214.900	4651.172	4565.039
45	Spectrogram 1	1	49.414688523	49.415686255	3167.182	6214.900	4565.039	4392.773
46	Spectrogram 1	1	49.415686255	49.416683988	3167.182	6214.900	4565.039	4392.773
47	Spectrogram 1	1	49.416683988	49.417681720	3167.182	6214.900	4565.039	4392.773
48	Spectrogram 1	1	49.417681720	49.418679452	3167.182	6214.900	4565.039	4392.773
49	Spectrogram 1	1	49.418679452	49.419677185	3167.182	6214.900	4565.039	4392.773
50	Spectrogram 1	1	49.419677185	49.420674917	3167.182	6214.900	4565.039	4392.773
51	Spectrogram 1	1	49.420674917	49.421672650	3167.182	6214.900	4306.641	4306.641
52	Spectrogram 1	1	49.421672650	49.422670382	3167.182	6214.900	4306.641	4306.641
53	Spectrogram 1	1	49.422670382	49.423668115	3167.182	6214.900	4306.641	4306.641
54	Spectrogram 1	1	49.423668115	49.424665847	3167.182	6214.900	4306.641	4306.641
55	Spectrogram 1	1	49.424665847	49.425663579	3167.182	6214.900	4306.641	4306.641
56	Spectrogram 1	1	49.425663579	49.426661312	3167.182	6214.900	4306.641	4306.641
57	Spectrogram 1	1	49.426661312	49.427659044	3167.182	6214.900	4134.375	4134.375
58	Spectrogram 1	1	49.427659044	49.428656777	3167.182	6214.900	4134.375	4134.375
59	Spectrogram 1	1	49.428656777	49.429654509	3167.182	6214.900	4134.375	4134.375
60	Spectrogram 1	1	49.429654509	49.430652242	3167.182	6214.900	4134.375	4134.375
61	Spectrogram 1	1	49.430652242	49.431649974	3167.182	6214.900	4134.375	4134.375
62	Spectrogram 1	1	49.431649974	49.432647706	3167.182	6214.900	4134.375	4134.375
63	Spectrogram 1	1	49.432647706	49.433645439	3167.182	6214.900	3962.109	3962.109
64	Spectrogram 1	1	49.433645439	49.434643171	3167.182	6214.900	3962.109	3962.109
65	Spectrogram 1	1	49.434643171	49.435640904	3167.182	6214.900	3962.109	3962.109
66	Spectrogram 1	1	49.435640904	49.436638636	3167.182	6214.900	3962.109	3962.109
67	Spectrogram 1	1	49.436638636	49.437636369	3167.182	6214.900	3962.109	3962.109
68	Spectrogram 1	1	49.437636369	49.438634101	3167.182	6214.900	3962.109	3962.109
69	Spectrogram 1	1	49.438634101	49.439631833	3167.182	6214.900	3875.977	3875.977
70	Spectrogram 1	1	49.439631833	49.440629566	3167.182	6214.900	3875.977	3875.977
71	Spectrogram 1	1	49.440629566	49.441627298	3167.182	6214.900	3875.977	3875.977
72	Spectrogram 1	1	49.441627298	49.442625031	3167.182	6214.900	3875.977	3875.977
73	Spectrogram 1	1	49.442625031	49.443622763	3167.182	6214.900	3875.977	3875.977
74	Spectrogram 1	1	49.443622763	49.444620496	3167.182	6214.900	3789.844	3789.844
75	Spectrogram 1	1	49.444620496	49.445618228	3167.182	6214.900	3789.844	3789.844
76	Spectrogram 1	1	49.445618228	49.446615960	3167.182	6214.900	3789.844	3789.844
77	Spectrogram 1	1	49.446615960	49.447613693	3167.182	6214.900	3789.844	3789.844
78	Spectrogram 1	1	49.447613693	49.448611425	3167.182	6214.900	3789.844	3789.844
79	Spectrogram 1	1	49.448611425	49.449609158	3167.182	6214.900	3789.844	3789.844
80	Spectrogram 1	1	49.449609158	49.450606890	3167.182	6214.900	3875.977	3875.977
81	Spectrogram 1	1	49.450606890	49.451604623	3167.182	6214.900	3875.977	3875.977
82	Spectrogram 1	1	49.451604623	49.452602355	3167.182	6214.900	3875.977	3875.977
83	Spectrogram 1	1	49.452602355	49.453600087	3167.182	6214.900	3875.977	3875.977
84	Spectrogram 1	1	49.453600087	49.454597820	3167.182	6214.900	3875.977	3875.977
85	Spectrogram 1	1	49.454597820	49.455595552	3167.182	6214.900	3875.977	3875.977
86	Spectrogram 1	1	49.455595552	49.456593285	3167.182	6214.900	4048.242	4048.242
87	Spectrogram 1	1	49.456593285	49.457591017	3167.182	6214.900	4048.242	4048.242
88	Spectrogram 1	1	49.457591017	49.458588750	3167.182	6214.900	4048.242	4048.242
89	Spectrogram 1	1	49.458588750	49.459586482	3167.182	6214.900	4048.242	4048.242
90	Spectrogram 1	1	49.459586482	49.460584214	3167.182	6214.900	4048.242	4048.242
91	Spectrogram 1	1	49.460584214	49.461581947	3167.182	6214.900	4048.242	4048.242
92	Spectrogram 1	1	49.461581947	49.462579679	3167.182	6214.900	4048.242	4048.242
93	Spectrogram 1	1	49.462579679	49.463577412	3167.182	6214.900	4048.242	4048.242
94	Spectrogram 1	1	49.463577412	49.464575144	3167.182	6214.900	4048.242	4048.242
95	Spectrogram 1	1	49.464575144	49.465572876	3167.182	6214.900	4048.242	4048.242
96	Spectrogram 1	1	49.465572876	49.466570609	3167.182	6214.900	4048.242	4048.242
97	Spectrogram 1	1	49.466570609	49.467568341	3167.182	6214.900	4048.242	4048.242
98	Spectrogram 1	1	49.467568341	49.468566074	3167.182	6214.900	4134.375	4134.375
99	Spectrogram 1	1	49.468566074	49.469563806	3167.182	6214.900	4134.375	4134.375
100	Spectrogram 1	1	49.469563806	49.470561539	3167.182	6214.900	4134.375	4134.375
101	Spectrogram 1	1	49.470561539	49.471559271	3167.182	6214.900	4134.375	4134.375
102	Spectrogram 1	1	49.471559271	49.472557003	3167.182	6214.900	4134.375	4134.375
103	Spectrogram 1	1	49.472557003	49.473554736	3167.182	6214.900	3962.109	3962.109
104	Spectrogram 1	1	49.473554736	49.474552468	3167.182	6214.900	3962.109	3962.109
105	Spectrogram 1	1	49.474552468	49.475550201	3167.182	6214.900	3962.109	3962.109
106	Spectrogram 1	1	49.475550201	49.476547933	3167.182	6214.900	3962.109	3962.109
107	Spectrogram 1	1	49.476547933	49.477545666	3167.182	6214.900	3962.109	3962.109
108	Spectrogram 1	1	49.477545666	49.478543398	3167.182	6214.900	3962.109	3962.109
109	Spectrogram 1	1	49.478543398	49.479541130	3167.182	6214.900	3789.844	3789.844
110	Spectrogram 1	1	49.479541130	49.480538863	3167.182	6214.900	3789.844	3789.844
111	Spectrogram 1	1	49.480538863	49.481536595	3167.182	6214.900	3789.844	3789.844
112	Spectrogram 1	1	49.481536595	49.482534328	3167.182	6214.900	3789.844	3789.844
113	Spectrogram 1	1	49.482534328	49.483532060	3167.182	6214.900	3789.844	3789.844
114	Spectrogram 1	1	49.483532060	49.484529793	3167.182	6214.900	3789.844	3789.844
115	Spectrogram 1	1	49.484529793	49.485527525	3167.182	6214.900	3617.578	3617.578
116	Spectrogram 1	1	49.485527525	49.486525257	3167.182	6214.900	3617.578	3617.578
117	Spectrogram 1	1	49.486525257	49.487522990	3167.182	6214.900	3617.578	3617.578
118	Spectrogram 1	1	49.487522990	49.488520722	3167.182	6214.900	3617.578	3617.578
119	Spectrogram 1	1	49.488520722	49.489518455	3167.182	6214.900	3617.578	3617.578
120	Spectrogram 1	1	49.489518455	49.490516187	3167.182	6214.900	3617.578	3617.578
121	Spectrogram 1	1	49.490516187	49.491513920	3167.182	6214.900	3531.445	3531.445
122	Spectrogram 1	1	49.491513920	49.492511652	3167.182	6214.900	3531.445	3531.445
123	Spectrogram 1	1	49.492511652	49.493509384	3167.182	6214.900	3531.445	3531.445
124	Spectrogram 1	1	49.493509384	49.494507117	3167.182	6214.900	3531.445	3531.445
125	Spectrogram 1	1	49.494507117	49.495504849	3167.182	6214.900	3531.445	3531.445
126	Spectrogram 1	1	49.495504849	49.496502582	3167.182	6214.900	3531.445	3531.445
127	Spectrogram 1	1	49.496502582	49.497500314	3167.182	6214.900	3445.312	3445.312
128	Spectrogram 1	1	49.497500314	49.498498047	3167.182	6214.900	3445.312	3445.312
129	Spectrogram 1	1	49.498498047	49.499495779	3167.182	6214.900	3445.312	3445.312
130	Spectrogram 1	1	49.499495779	49.500493511	3167.182	6214.900	3445.312	3445.312
131	Spectrogram 1	1	49.500493511	49.501491244	3167.182	6214.900	3445.312	3445.312
132	Spectrogram 1	1	49.501491244	49.502488976	3167.182	6214.900	3445.312	3445.312
133	Spectrogram 1	1	49.502488976	49.503486709	3167.182	6214.900	3445.312	3445.312
134	Spectrogram 1	1	49.503486709	49.504484441	3167.182	6214.900	3445.312	3445.312
135	Spectrogram 1	1	49.504484441	49.505482174	3167.182	6214.900	3445.312	3445.312
136	Spectrogram 1	1	49.505482174	49.506479906	3167.182	6214.900	3445.312	3445.312
137	Spectrogram 1	1	49.506479906	49.507477638	3167.182	6214.900	3445.312	3445.312
138	Spectrogram 1	1	49.507477638	49.508475371	3167.182	6214.900	3359.180	3273.047
139	Spectrogram 1	1	49.508475371	49.509473103	3167.182	6214.900	3359.180	3273.047
140	Spectrogram 1	1	49.509473103	49.510470836	3167.182	6214.900	3359.180	3273.047
141	Spectrogram 1	1	49.510470836	49.511468568	3167.182	6214.900	3359.180	3273.047
142	Spectrogram 1	1	49.511468568	49.512466301	3167.182	6214.900	3359.180	3273.047
143	Spectrogram 1	1	49.512466301	49.513464033	3167.182	6214.900	3359.180	3273.047
144	Spectrogram 1	1	49.513464033	49.514461765	3167.182	6214.900	3273.047	3273.047
145	Spectrogram 1	1	49.514461765	49.515459498	3167.182	6214.900	3273.047	3273.047
146	Spectrogram 1	1	49.515459498	49.516457230	3167.182	6214.900	3273.047	3273.047
147	Spectrogram 1	1	49.516457230	49.517454963	3167.182	6214.900	3273.047	3273.047
148	Spectrogram 1	1	49.517454963	49.518452695	3167.182	6214.900	3273.047	3273.047
149	Spectrogram 1	1	49.518452695	49.519450428	3167.182	6214.900	3273.047	3273.047
150	Spectrogram 1	1	49.519450428	49.520448160	3167.182	6214.900	3359.180	3359.180
151	Spectrogram 1	1	49.520448160	49.521445892	3167.182	6214.900	3359.180	3359.180
152	Spectrogram 1	1	49.521445892	49.522443625	3167.182	6214.900	3359.180	3359.180
153	Spectrogram 1	1	49.522443625	49.523441357	3167.182	6214.900	3359.180	3359.180
154	Spectrogram 1	1	49.523441357	49.524439090	3167.182	6214.900	3359.180	3359.180
155	Spectrogram 1	1	49.524439090	49.525436822	3167.182	6214.900	3359.180	3359.180
156	Spectrogram 1	1	49.525436822	49.526434555	3167.182	6214.900	3789.844	3789.844
157	Spectrogram 1	1	49.526434555	49.527432287	3167.182	6214.900	3789.844	3789.844
158	Spectrogram 1	1	49.527432287	49.528430019	3167.182	6214.900	3789.844	3789.844
159	Spectrogram 1	1	49.528430019	49.529427752	3167.182	6214.900	3789.844	3789.844
160	Spectrogram 1	1	49.529427752	49.530425484	3167.182	6214.900	3789.844	3789.844
161	Spectrogram 1	1	49.530425484	49.531423217	3167.182	6214.900	3789.844	3789.844
162	Spectrogram 1	1	49.531423217	49.532420949	3167.182	6214.900	4048.242	4048.242
163	Spectrogram 1	1	49.532420949	49.533418681	3167.182	6214.900	4048.242	4048.242
164	Spectrogram 1	1	49.533418681	49.534416414	3167.182	6214.900	4048.242	4048.242
165	Spectrogram 1	1	49.534416414	49.535414146	3167.182	6214.900	4048.242	4048.242
166	Spectrogram 1	1	49.535414146	49.536411879	3167.182	6214.900	4048.242	4048.242
167	Spectrogram 1	1	49.536411879	49.537409611	3167.182	6214.900	4220.508	4306.641
168	Spectrogram 1	1	49.537409611	49.538407344	3167.182	6214.900	4220.508	4306.641
169	Spectrogram 1	1	49.538407344	49.539405076	3167.182	6214.900	4220.508	4306.641
170	Spectrogram 1	1	49.539405076	49.540402808	3167.182	6214.900	4220.508	4306.641
171	Spectrogram 1	1	49.540402808	49.541400541	3167.182	6214.900	4220.508	4306.641
172	Spectrogram 1	1	49.541400541	49.542398273	3167.182	6214.900	4220.508	4306.641
173	Spectrogram 1	1	49.542398273	49.543396006	3167.182	6214.900	4478.906	4478.906
174	Spectrogram 1	1	49.543396006	49.544393738	3167.182	6214.900	4478.906	4478.906
175	Spectrogram 1	1	49.544393738	49.545391471	3167.182	6214.900	4478.906	4478.906
176	Spectrogram 1	1	49.545391471	49.546389203	3167.182	6214.900	4478.906	4478.906
177	Spectrogram 1	1	49.546389203	49.547386935	3167.182	6214.900	4478.906	4478.906
178	Spectrogram 1	1	49.547386935	49.548384668	3167.182	6214.900	4478.906	4478.906
179	Spectrogram 1	1	49.548384668	49.549382400	3167.182	6214.900	4306.641	4306.641
180	Spectrogram 1	1	49.549382400	49.550380133	3167.182	6214.900	4306.641	4306.641
181	Spectrogram 1	1	49.550380133	49.551377865	3167.182	6214.900	4306.641	4306.641
182	Spectrogram 1	1	49.551377865	49.552375598	3167.182	6214.900	4306.641	4306.641
183	Spectrogram 1	1	49.552375598	49.553373330	3167.182	6214.900	4306.641	4306.641
184	Spectrogram 1	1	49.553373330	49.554371062	3167.182	6214.900	4306.641	4306.641
185	Spectrogram 1	1	49.554371062	49.555368795	3167.182	6214.900	4306.641	4306.641
186	Spectrogram 1	1	49.555368795	49.556366527	3167.182	6214.900	4306.641	4306.641
187	Spectrogram 1	1	49.556366527	49.557364260	3167.182	6214.900	4306.641	4306.641
188	Spectrogram 1	1	49.557364260	49.558361992	3167.182	6214.900	4306.641	4306.641
189	Spectrogram 1	1	49.558361992	49.559359725	3167.182	6214.900	4306.641	4306.641
190	Spectrogram 1	1	49.559359725	49.560357457	3167.182	6214.900	4306.641	4306.641
191	Spectrogram 1	1	49.560357457	49.561355189	3167.182	6214.900	4565.039	4565.039
192	Spectrogram 1	1	49.561355189	49.562352922	3167.182	6214.900	4565.039	4565.039
193	Spectrogram 1	1	49.562352922	49.563350654	3167.182	6214.900	4565.039	4565.039
194	Spectrogram 1	1	49.563350654	49.564348387	3167.182	6214.900	4565.039	4565.039
195	Spectrogram 1	1	49.564348387	49.565346119	3167.182	6214.900	4565.039	4565.039
196	Spectrogram 1	1	49.565346119	49.566343852	3167.182	6214.900	4565.039	4565.039
197	Spectrogram 1	1	49.566343852	49.567341584	3167.182	6214.900	4995.703	4995.703
198	Spectrogram 1	1	49.567341584	49.568339316	3167.182	6214.900	4995.703	4995.703
199	Spectrogram 1	1	49.568339316	49.569337049	3167.182	6214.900	4995.703	4995.703
200	Spectrogram 1	1	49.569337049	49.570334781	3167.182	6214.900	4995.703	4995.703
201	Spectrogram 1	1	49.570334781	49.571332514	3167.182	6214.900	4995.703	4995.703
202	Spectrogram 1	1	49.571332514	49.572330246	3167.182	6214.900	5167.969	5254.102
203	Spectrogram 1	1	49.572330246	49.573327979	3167.182	6214.900	5167.969	5254.102
204	Spectrogram 1	1	49.573327979	49.574325711	3167.182	6214.900	5167.969	5254.102
205	Spectrogram 1	1	49.574325711	49.575323443	3167.182	6214.900	5167.969	5254.102
206	Spectrogram 1	1	49.575323443	49.576321176	3167.182	6214.900	5167.969	5254.102
207	Spectrogram 1	1	49.576321176	49.577318908	3167.182	6214.900	5167.969	5254.102
208	Spectrogram 1	1	49.577318908	49.578316641	3167.182	6214.900	5254.102	5340.234
209	Spectrogram 1	1	49.578316641	49.579314373	3167.182	6214.900	5254.102	5340.234
210	Spectrogram 1	1	49.579314373	49.580312106	3167.182	6214.900	5254.102	5340.234
211	Spectrogram 1	1	49.580312106	49.581309838	3167.182	6214.900	5254.102	5340.234
212	Spectrogram 1	1	49.581309838	49.582307570	3167.182	6214.900	5254.102	5340.234
213	Spectrogram 1	1	49.582307570	49.583305303	3167.182	6214.900	5254.102	5340.234
214	Spectrogram 1	1	49.583305303	49.584303035	3167.182	6214.900	5598.633	5684.766
215	Spectrogram 1	1	49.584303035	49.585300768	3167.182	6214.900	5598.633	5684.766
216	Spectrogram 1	1	49.585300768	49.586298500	3167.182	6214.900	5598.633	5684.766
217	Spectrogram 1	1	49.586298500	49.587296233	3167.182	6214.900	5598.633	5684.766
218	Spectrogram 1	1	49.587296233	49.588293965	3167.182	6214.900	5598.633	5684.766
219	Spectrogram 1	1	49.588293965	49.589291697	3167.182	6214.900	5598.633	5684.766
220	Spectrogram 1	1	49.589291697	49.590289430	3167.182	6214.900	5943.164	6029.297
221	Spectrogram 1	1	49.590289430	49.591287162	3167.182	6214.900	5943.164	6029.297
222	Spectrogram 1	1	49.591287162	49.592284895	3167.182	6214.900	5943.164	6029.297
223	Spectrogram 1	1	49.592284895	49.593282627	3167.182	6214.900	5943.164	6029.297
224	Spectrogram 1	1	49.593282627	49.594280359	3167.182	6214.900	5943.164	6029.297
225	Spectrogram 1	1	49.594280359	49.595278092	3167.182	6214.900	5943.164	6029.297
226	Spectrogram 1	1	49.595278092	49.596275824	3167.182	6214.900	5857.031	5943.164
227	Spectrogram 1	1	49.596275824	49.597273557	3167.182	6214.900	5857.031	5943.164
228	Spectrogram 1	1	49.597273557	49.598271289	3167.182	6214.900	5857.031	5943.164
229	Spectrogram 1	1	49.598271289	49.599269022	3167.182	6214.900	5857.031	5943.164
230	Spectrogram 1	1	49.599269022	49.600266754	3167.182	6214.900	5857.031	5943.164
231	Spectrogram 1	1	49.600266754	49.601264486	3167.182	6214.900	5684.766	5684.766
232	Spectrogram 1	1	49.601264486	49.602262219	3167.182	6214.900	5684.766	5684.766
233	Spectrogram 1	1	49.602262219	49.603259951	3167.182	6214.900	5684.766	5684.766
234	Spectrogram 1	1	49.603259951	49.604257684	3167.182	6214.900	5684.766	5684.766
235	Spectrogram 1	1	49.604257684	49.605255416	3167.182	6214.900	5684.766	5684.766
236	Spectrogram 1	1	49.605255416	49.606253149	3167.182	6214.900	5684.766	5684.766
237	Spectrogram 1	1	49.606253149	49.607250881	3167.182	6214.900	4651.172	4565.039
238	Spectrogram 1	1	49.607250881	49.608248613	3167.182	6214.900	4651.172	4565.039
239	Spectrogram 1	1	49.608248613	49.609246346	3167.182	6214.900	4651.172	4565.039
240	Spectrogram 1	1	49.609246346	49.610244078	3167.182	6214.900	4651.172	4565.039
241	Spectrogram 1	1	49.610244078	49.611241811	3167.182	6214.900	4651.172	4565.039
242	Spectrogram 1	1	49.611241811	49.612239543	3167.182	6214.900	4651.172	4565.039
243	Spectrogram 1	1	49.612239543	49.613237276	3167.182	6214.900	3962.109	3875.977
244	Spectrogram 1	1	49.613237276	49.614235008	3167.182	6214.900	3962.109	3875.977
245	Spectrogram 1	1	49.614235008	49.615232740	3167.182	6214.900	3962.109	3875.977
246	Spectrogram 1	1	49.615232740	49.616230473	3167.182	6214.900	3962.109	3875.977
247	Spectrogram 1	1	49.616230473	49.617228205	3167.182	6214.900	3962.109	3875.977
248	Spectrogram 1	1	49.617228205	49.618225938	3167.182	6214.900	3962.109	3875.977
249	Spectrogram 1	1	49.618225938	49.619000000	3167.182	6214.900	5598.633	5770.898
