Selection	View	Channel	Begin Time (s)	End Time (s)	Low Freq (Hz)	High Freq (Hz)	Center Freq (Hz)	Peak Freq (Hz)
1	Spectrogram 1	1	5.864802206	5.865802206	3441.500	6650.200	5718.750	5625.000
2	Spectrogram 1	1	5.865802206	5.866802206	3441.500	6650.200	5718.750	5625.000
3	Spectrogram 1	1	5.866802206	5.867802206	3441.500	6650.200	5718.750	5625.000
4	Spectrogram 1	1	5.867802206	5.868802206	3441.500	6650.200	5718.750	5625.000
5	Spectrogram 1	1	5.868802206	5.869802206	3441.500	6650.200	5718.750	5625.000
6	Spectrogram 1	1	5.869802206	5.870802206	3441.500	6650.200	5718.750	5625.000
7	Spectrogram 1	1	5.870802206	5.871802206	3441.500	6650.200	5718.750	5625.000
8	Spectrogram 1	1	5.871802206	5.872802206	3441.500	6650.200	5718.750	5625.000
9	Spectrogram 1	1	5.872802206	5.873802206	3441.500	6650.200	5718.750	5625.000
10	Spectrogram 1	1	5.873802206	5.874802206	3441.500	6650.200	5718.750	5625.000
11	Spectrogram 1	1	5.874802206	5.875802206	3441.500	6650.200	5250.000	5250.000
12	Spectrogram 1	1	5.875802206	5.876802206	3441.500	6650.200	5250.000	5250.000
13	Spectrogram 1	1	5.876802206	5.877802206	3441.500	6650.200	5250.000	5250.000
14	Spectrogram 1	1	5.877802206	5.878802206	3441.500	6650.200	5250.000	5250.000
15	Spectrogram 1	1	5.878802206	5.879802206	3441.500	6650.200	5250.000	5250.000
16	Spectrogram 1	1	5.879802206	5.880802206	3441.500	6650.200	4781.250	4781.250
17	Spectrogram 1	1	5.880802206	5.881802206	3441.500	6650.200	4781.250	4781.250
18	Spectrogram 1	1	5.881802206	5.882802206	3441.500	6650.200	4781.250	4781.250
19	Spectrogram 1	1	5.882802206	5.883802206	3441.500	6650.200	4781.250	4781.250
20	Spectrogram 1	1	5.883802206	5.884802206	3441.500	6650.200	4781.250	4781.250
21	Spectrogram 1	1	5.884802206	5.885802206	3441.500	6650.200	4781.250	4781.250
22	Spectrogram 1	1	5.885802206	5.886802206	3441.500	6650.200	4781.250	4781.250
23	Spectrogram 1	1	5.886802206	5.887802206	3441.500	6650.200	4781.250	4781.250
24	Spectrogram 1	1	5.887802206	5.888802206	3441.500	6650.200	4781.250	4781.250
25	Spectrogram 1	1	5.888802206	5.889802206	3441.500	6650.200	4781.250	4781.250
26	Spectrogram 1	1	5.889802206	5.890802206	3441.500	6650.200	4781.250	4781.250
27	Spectrogram 1	1	5.890802206	5.891802206	3441.500	6650.200	4687.500	4687.500
28	Spectrogram 1	1	5.891802206	5.892802206	3441.500	6650.200	4687.500	4687.500
29	Spectrogram 1	1	5.892802206	5.893802206	3441.500	6650.200	4687.500	4687.500
30	Spectrogram 1	1	5.893802206	5.894802206	3441.500	6650.200	4687.500	4687.500
31	Spectrogram 1	1	5.894802206	5.895802206	3441.500	6650.200	4687.500	4687.500
32	Spectrogram 1	1	5.895802206	5.896802206	3441.500	6650.200	4593.750	4593.750
33	Spectrogram 1	1	5.896802206	5.897802206	3441.500	6650.200	4593.750	4593.750
34	Spectrogram 1	1	5.897802206	5.898802206	3441.500	6650.200	4593.750	4593.750
35	Spectrogram 1	1	5.898802206	5.899802206	3441.500	6650.200	4593.750	4593.750
36	Spectrogram 1	1	5.899802206	5.900802206	3441.500	6650.200	4593.750	4593.750
37	Spectrogram 1	1	5.900802206	5.901802206	3441.500	6650.200	4593.750	4593.750
38	Spectrogram 1	1	5.901802206	5.902802206	3441.500	6650.200	4500.000	4500.000
39	Spectrogram 1	1	5.902802206	5.903802206	3441.500	6650.200	4500.000	4500.000
40	Spectrogram 1	1	5.903802206	5.904802206	3441.500	6650.200	4500.000	4500.000
41	Spectrogram 1	1	5.904802206	5.905802206	3441.500	6650.200	4500.000	4500.000
42	Spectrogram 1	1	5.905802206	5.906802206	3441.500	6650.200	4500.000	4500.000
43	Spectrogram 1	1	5.906802206	5.907802206	3441.500	6650.200	4500.000	4500.000
44	Spectrogram 1	1	5.907802206	5.908802206	3441.500	6650.200	4500.000	4500.000
45	Spectrogram 1	1	5.908802206	5.909802206	3441.500	6650.200	4500.000	4500.000
46	Spectrogram 1	1	5.909802206	5.910802206	3441.500	6650.200	4500.000	4500.000
47	Spectrogram 1	1	5.910802206	5.911802206	3441.500	6650.200	4500.000	4500.000
48	Spectrogram 1	1	5.911802206	5.912802206	3441.500	6650.200	4406.250	4406.250
49	Spectrogram 1	1	5.912802206	5.913802206	3441.500	6650.200	4406.250	4406.250
50	Spectrogram 1	1	5.913802206	5.914802206	3441.500	6650.200	4406.250	4406.250
51	Spectrogram 1	1	5.914802206	5.915802206	3441.500	6650.200	4406.250	4406.250
52	Spectrogram 1	1	5.915802206	5.916802206	3441.500	6650.200	4406.250	4406.250
53	Spectrogram 1	1	5.916802206	5.917802206	3441.500	6650.200	4406.250	4406.250
54	Spectrogram 1	1	5.917802206	5.918802206	3441.500	6650.200	4312.500	4312.500
55	Spectrogram 1	1	5.918802206	5.919802206	3441.500	6650.200	4312.500	4312.500
56	Spectrogram 1	1	5.919802206	5.920802206	3441.500	6650.200	4312.500	4312.500
57	Spectrogram 1	1	5.920802206	5.921802206	3441.500	6650.200	4312.500	4312.500
58	Spectrogram 1	1	5.921802206	5.922802206	3441.500	6650.200	4312.500	4312.500
59	Spectrogram 1	1	5.922802206	5.923802206	3441.500	6650.200	4500.000	4500.000
60	Spectrogram 1	1	5.923802206	5.924802206	3441.500	6650.200	4500.000	4500.000
61	Spectrogram 1	1	5.924802206	5.925802206	3441.500	6650.200	4500.000	4500.000
62	Spectrogram 1	1	5.925802206	5.926802206	3441.500	6650.200	4500.000	4500.000
63	Spectrogram 1	1	5.926802206	5.927802206	3441.500	6650.200	4500.000	4500.000
64	Spectrogram 1	1	5.927802206	5.928802206	3441.500	6650.200	4593.750	4593.750
65	Spectrogram 1	1	5.928802206	5.929802206	3441.500	6650.200	4593.750	4593.750
66	Spectrogram 1	1	5.929802206	5.930802206	3441.500	6650.200	4593.750	4593.750
67	Spectrogram 1	1	5.930802206	5.931802206	3441.500	6650.200	4593.750	4593.750
68	Spectrogram 1	1	5.931802206	5.932802206	3441.500	6650.200	4593.750	4593.750
69	Spectrogram 1	1	5.932802206	5.933802206	3441.500	6650.200	4593.750	4593.750
70	Spectrogram 1	1	5.933802206	5.934802206	3441.500	6650.200	4781.250	4781.250
71	Spectrogram 1	1	5.934802206	5.935802206	3441.500	6650.200	4781.250	4781.250
72	Spectrogram 1	1	5.935802206	5.936802206	3441.500	6650.200	4781.250	4781.250
73	Spectrogram 1	1	5.936802206	5.937802206	3441.500	6650.200	4781.250	4781.250
74	Spectrogram 1	1	5.937802206	5.938802206	3441.500	6650.200	4781.250	4781.250
75	Spectrogram 1	1	5.938802206	5.939802206	3441.500	6650.200	4781.250	4781.250
76	Spectrogram 1	1	5.939802206	5.940802206	3441.500	6650.200	4781.250	4781.250
77	Spectrogram 1	1	5.940802206	5.941802206	3441.500	6650.200	4781.250	4781.250
78	Spectrogram 1	1	5.941802206	5.942802206	3441.500	6650.200	4781.250	4781.250
79	Spectrogram 1	1	5.942802206	5.943802206	3441.500	6650.200	4781.250	4781.250
80	Spectrogram 1	1	5.943802206	5.944802206	3441.500	6650.200	4968.750	4968.750
81	Spectrogram 1	1	5.944802206	5.945802206	3441.500	6650.200	4968.750	4968.750
82	Spectrogram 1	1	5.945802206	5.946802206	3441.500	6650.200	4968.750	4968.750
83	Spectrogram 1	1	5.946802206	5.947802206	3441.500	6650.200	4968.750	4968.750
84	Spectrogram 1	1	5.947802206	5.948802206	3441.500	6650.200	4968.750	4968.750
85	Spectrogram 1	1	5.948802206	5.949802206	3441.500	6650.200	4968.750	4968.750
86	Spectrogram 1	1	5.949802206	5.950802206	3441.500	6650.200	5062.500	5062.500
87	Spectrogram 1	1	5.950802206	5.951802206	3441.500	6650.200	5062.500	5062.500
88	Spectrogram 1	1	5.951802206	5.952802206	3441.500	6650.200	5062.500	5062.500
89	Spectrogram 1	1	5.952802206	5.953802206	3441.500	6650.200	5062.500	5062.500
90	Spectrogram 1	1	5.953802206	5.954802206	3441.500	6650.200	5062.500	5062.500
91	Spectrogram 1	1	5.954802206	5.955802206	3441.500	6650.200	5250.000	5250.000
92	Spectrogram 1	1	5.955802206	5.956802206	3441.500	6650.200	5250.000	5250.000
93	Spectrogram 1	1	5.956802206	5.957802206	3441.500	6650.200	5250.000	5250.000
94	Spectrogram 1	1	5.957802206	5.958802206	3441.500	6650.200	5250.000	5250.000
95	Spectrogram 1	1	5.958802206	5.959802206	3441.500	6650.200	5250.000	5250.000
96	Spectrogram 1	1	5.959802206	5.960802206	3441.500	6650.200	5343.750	5343.750
97	Spectrogram 1	1	5.960802206	5.961802206	3441.500	6650.200	5343.750	5343.750
98	Spectrogram 1	1	5.961802206	5.962802206	3441.500	6650.200	5343.750	5343.750
99	Spectrogram 1	1	5.962802206	5.963802206	3441.500	6650.200	5343.750	5343.750
100	Spectrogram 1	1	5.963802206	5.964802206	3441.500	6650.200	5343.750	5343.750
101	Spectrogram 1	1	5.964802206	5.965802206	3441.500	6650.200	5343.750	5343.750
102	Spectrogram 1	1	5.965802206	5.966802206	3441.500	6650.200	5343.750	5343.750
103	Spectrogram 1	1	5.966802206	5.967802206	3441.500	6650.200	5343.750	5343.750
104	Spectrogram 1	1	5.967802206	5.968802206	3441.500	6650.200	5343.750	5343.750
105	Spectrogram 1	1	5.968802206	5.969802206	3441.500	6650.200	5343.750	5343.750
106	Spectrogram 1	1	5.969802206	5.970802206	3441.500	6650.200	5343.750	5343.750
107	Spectrogram 1	1	5.970802206	5.971802206	3441.500	6650.200	5250.000	5250.000
108	Spectrogram 1	1	5.971802206	5.972802206	3441.500	6650.200	5250.000	5250.000
109	Spectrogram 1	1	5.972802206	5.973802206	3441.500	6650.200	5250.000	5250.000
110	Spectrogram 1	1	5.973802206	5.974802206	3441.500	6650.200	5250.000	5250.000
111	Spectrogram 1	1	5.974802206	5.975802206	3441.500	6650.200	5250.000	5250.000
112	Spectrogram 1	1	5.975802206	5.976802206	3441.500	6650.200	4687.500	4781.250
113	Spectrogram 1	1	5.976802206	5.977802206	3441.500	6650.200	4687.500	4781.250
114	Spectrogram 1	1	5.977802206	5.978802206	3441.500	6650.200	4687.500	4781.250
115	Spectrogram 1	1	5.978802206	5.979802206	3441.500	6650.200	4687.500	4781.250
116	Spectrogram 1	1	5.979802206	5.980802206	3441.500	6650.200	4687.500	4781.250
117	Spectrogram 1	1	5.980802206	5.981802206	3441.500	6650.200	4687.500	4781.250
118	Spectrogram 1	1	5.981802206	5.982802206	3441.500	6650.200	5156.250	5625.000
119	Spectrogram 1	1	5.982802206	5.983802206	3441.500	6650.200	5156.250	5625.000
120	Spectrogram 1	1	5.983802206	5.984802206	3441.500	6650.200	5156.250	5625.000
121	Spectrogram 1	1	5.984802206	5.985802206	3441.500	6650.200	5156.250	5625.000
122	Spectrogram 1	1	5.985802206	5.986802206	3441.500	6650.200	5156.250	5625.000
123	Spectrogram 1	1	5.986802206	5.987802206	3441.500	6650.200	4687.500	3937.500
124	Spectrogram 1	1	5.987802206	5.988802206	3441.500	6650.200	4687.500	3937.500
125	Spectrogram 1	1	5.988802206	5.989802206	3441.500	6650.200	4687.500	3937.500
126	Spectrogram 1	1	5.989802206	5.990802206	3441.500	6650.200	4687.500	3937.500
127	Spectrogram 1	1	5.990802206	5.991802206	3441.500	6650.200	4687.500	3937.500
128	Spectrogram 1	1	5.991802206	5.992802206	3441.500	6650.200	3750.000	3750.000
129	Spectrogram 1	1	5.992802206	5.993802206	3441.500	6650.200	3750.000	3750.000
130	Spectrogram 1	1	5.993802206	5.994802206	3441.500	6650.200	3750.000	3750.000
131	Spectrogram 1	1	5.994802206	5.995802206	3441.500	6650.200	3750.000	3750.000
132	Spectrogram 1	1	5.995802206	5.996802206	3441.500	6650.200	3750.000	3750.000
133	Spectrogram 1	1	5.996802206	5.997802206	3441.500	6650.200	3750.000	3750.000
134	Spectrogram 1	1	5.997802206	5.998802206	3441.500	6650.200	3656.250	3656.250
135	Spectrogram 1	1	5.998802206	5.999802206	3441.500	6650.200	3656.250	3656.250
136	Spectrogram 1	1	5.999802206	6.000802206	3441.500	6650.200	3656.250	3656.250
137	Spectrogram 1	1	6.000802206	6.001802206	3441.500	6650.200	3656.250	3656.250
138	Spectrogram 1	1	6.001802206	6.002802206	3441.500	6650.200	3656.250	3656.250
139	Spectrogram 1	1	6.002802206	6.003802206	3441.500	6650.200	3750.000	3750.000
140	Spectrogram 1	1	6.003802206	6.004802206	3441.500	6650.200	3750.000	3750.000
141	Spectrogram 1	1	6.004802206	6.005802206	3441.500	6650.200	3750.000	3750.000
142	Spectrogram 1	1	6.005802206	6.006802206	3441.500	6650.200	3750.000	3750.000
143	Spectrogram 1	1	6.006802206	6.007802206	3441.500	6650.200	3750.000	3750.000
144	Spectrogram 1	1	6.007802206	6.008802206	3441.500	6650.200	3656.250	3656.250
145	Spectrogram 1	1	6.008802206	6.009802206	3441.500	6650.200	3656.250	3656.250
146	Spectrogram 1	1	6.009802206	6.010802206	3441.500	6650.200	3656.250	3656.250
147	Spectrogram 1	1	6.010802206	6.011802206	3441.500	6650.200	3656.250	3656.250
148	Spectrogram 1	1	6.011802206	6.012802206	3441.500	6650.200	3656.250	3656.250
149	Spectrogram 1	1	6.012802206	6.013802206	3441.500	6650.200	3656.250	3656.250
150	Spectrogram 1	1	6.013802206	6.014802206	3441.500	6650.200	3843.750	3750.000
151	Spectrogram 1	1	6.014802206	6.015802206	3441.500	6650.200	3843.750	3750.000
152	Spectrogram 1	1	6.015802206	6.016802206	3441.500	6650.200	3843.750	3750.000
153	Spectrogram 1	1	6.016802206	6.017802206	3441.500	6650.200	3843.750	3750.000
154	Spectrogram 1	1	6.017802206	6.018802206	3441.500	6650.200	3843.750	3750.000
155	Spectrogram 1	1	6.018802206	6.019802206	3441.500	6650.200	3750.000	3468.750
156	Spectrogram 1	1	6.019802206	6.020802206	3441.500	6650.200	3750.000	3468.750
157	Spectrogram 1	1	6.020802206	6.021802206	3441.500	6650.200	3750.000	3468.750
158	Spectrogram 1	1	6.021802206	6.022802206	3441.500	6650.200	3750.000	3468.750
159	Spectrogram 1	1	6.022802206	6.023802206	3441.500	6650.200	3750.000	3468.750
160	Spectrogram 1	1	6.023802206	6.024802206	3441.500	6650.200	3562.500	3562.500
161	Spectrogram 1	1	6.024802206	6.025802206	3441.500	6650.200	3562.500	3562.500
162	Spectrogram 1	1	6.025802206	6.026802206	3441.500	6650.200	3562.500	3562.500
163	Spectrogram 1	1	6.026802206	6.027802206	3441.500	6650.200	3562.500	3562.500
164	Spectrogram 1	1	6.027802206	6.028802206	3441.500	6650.200	3562.500	3562.500
165	Spectrogram 1	1	6.028802206	6.029802206	3441.500	6650.200	3562.500	3562.500
166	Spectrogram 1	1	6.029802206	6.030802206	3441.500	6650.200	3656.250	3656.250
167	Spectrogram 1	1	6.030802206	6.031802206	3441.500	6650.200	3656.250	3656.250
168	Spectrogram 1	1	6.031802206	6.032802206	3441.500	6650.200	3656.250	3656.250
169	Spectrogram 1	1	6.032802206	6.033802206	3441.500	6650.200	3656.250	3656.250
170	Spectrogram 1	1	6.033802206	6.034802206	3441.500	6650.200	3656.250	3656.250
171	Spectrogram 1	1	6.034802206	6.035802206	3441.500	6650.200	3937.500	3937.500
172	Spectrogram 1	1	6.035802206	6.036802206	3441.500	6650.200	3937.500	3937.500
173	Spectrogram 1	1	6.036802206	6.037802206	3441.500	6650.200	3937.500	3937.500
174	Spectrogram 1	1	6.037802206	6.038802206	3441.500	6650.200	3937.500	3937.500
175	Spectrogram 1	1	6.038802206	6.039802206	3441.500	6650.200	3937.500	3937.500
176	Spectrogram 1	1	6.039802206	6.040802206	3441.500	6650.200	4312.500	4312.500
177	Spectrogram 1	1	6.040802206	6.041802206	3441.500	6650.200	4312.500	4312.500
178	Spectrogram 1	1	6.041802206	6.042802206	3441.500	6650.200	4312.500	4312.500
179	Spectrogram 1	1	6.042802206	6.043802206	3441.500	6650.200	4312.500	4312.500
180	Spectrogram 1	1	6.043802206	6.044802206	3441.500	6650.200	4312.500	4312.500
181	Spectrogram 1	1	6.044802206	6.045802206	3441.500	6650.200	4312.500	4312.500
182	Spectrogram 1	1	6.045802206	6.046802206	3441.500	6650.200	4593.750	4593.750
183	Spectrogram 1	1	6.046802206	6.047802206	3441.500	6650.200	4593.750	4593.750
184	Spectrogram 1	1	6.047802206	6.048802206	3441.500	6650.200	4593.750	4593.750
185	Spectrogram 1	1	6.048802206	6.049802206	3441.500	6650.200	4593.750	4593.750
186	Spectrogram 1	1	6.049802206	6.050802206	3441.500	6650.200	4593.750	4593.750
187	Spectrogram 1	1	6.050802206	6.051802206	3441.500	6650.200	4875.000	4875.000
188	Spectrogram 1	1	6.051802206	6.052802206	3441.500	6650.200	4875.000	4875.000
189	Spectrogram 1	1	6.052802206	6.053802206	3441.500	6650.200	4875.000	4875.000
190	Spectrogram 1	1	6.053802206	6.054802206	3441.500	6650.200	4875.000	4875.000
191	Spectrogram 1	1	6.054802206	6.055802206	3441.500	6650.200	4875.000	4875.000
192	Spectrogram 1	1	6.055802206	6.056802206	3441.500	6650.200	5062.500	5062.500
193	Spectrogram 1	1	6.056802206	6.057802206	3441.500	6650.200	5062.500	5062.500
194	Spectrogram 1	1	6.057802206	6.058802206	3441.500	6650.200	5062.500	5062.500
195	Spectrogram 1	1	6.058802206	6.059802206	3441.500	6650.200	5062.500	5062.500
196	Spectrogram 1	1	6.059802206	6.060802206	3441.500	6650.200	5062.500	5062.500
197	Spectrogram 1	1	6.060802206	6.061802206	3441.500	6650.200	5062.500	5062.500
198	Spectrogram 1	1	6.061802206	6.062802206	3441.500	6650.200	5343.750	5343.750
199	Spectrogram 1	1	6.062802206	6.063802206	3441.500	6650.200	5343.750	5343.750
200	Spectrogram 1	1	6.063802206	6.064802206	3441.500	6650.200	5343.750	5343.750
201	Spectrogram 1	1	6.064802206	6.065802206	3441.500	6650.200	5343.750	5343.750
202	Spectrogram 1	1	6.065802206	6.066802206	3441.500	6650.200	5343.750	5343.750
203	Spectrogram 1	1	6.066802206	6.067802206	3441.500	6650.200	5625.000	5531.250
204	Spectrogram 1	1	6.067802206	6.068802206	3441.500	6650.200	5625.000	5531.250
205	Spectrogram 1	1	6.068802206	6.069802206	3441.500	6650.200	5625.000	5531.250
206	Spectrogram 1	1	6.069802206	6.070802206	3441.500	6650.200	5625.000	5531.250
207	Spectrogram 1	1	6.070802206	6.071802206	3441.500	6650.200	5625.000	5531.250
208	Spectrogram 1	1	6.071802206	6.072802206	3441.500	6650.200	6000.000	6000.000
209	Spectrogram 1	1	6.072802206	6.073802206	3441.500	6650.200	6000.000	6000.000
210	Spectrogram 1	1	6.073802206	6.074802206	3441.500	6650.200	6000.000	6000.000
211	Spectrogram 1	1	6.074802206	6.075802206	3441.500	6650.200	6000.000	6000.000
212	Spectrogram 1	1	6.075802206	6.076802206	3441.500	6650.200	6000.000	6000.000
213	Spectrogram 1	1	6.076802206	6.077802206	3441.500	6650.200	6000.000	6000.000
214	Spectrogram 1	1	6.077802206	6.078802206	3441.500	6650.200	6187.500	6187.500
215	Spectrogram 1	1	6.078802206	6.079802206	3441.500	6650.200	6187.500	6187.500
216	Spectrogram 1	1	6.079802206	6.080802206	3441.500	6650.200	6187.500	6187.500
217	Spectrogram 1	1	6.080802206	6.081802206	3441.500	6650.200	6187.500	6187.500
218	Spectrogram 1	1	6.081802206	6.082802206	3441.500	6650.200	6187.500	6187.500
219	Spectrogram 1	1	6.082802206	6.083802206	3441.500	6650.200	6093.750	6093.750
220	Spectrogram 1	1	6.083802206	6.084802206	3441.500	6650.200	6093.750	6093.750
221	Spectrogram 1	1	6.084802206	6.085802206	3441.500	6650.200	6093.750	6093.750
222	Spectrogram 1	1	6.085802206	6.086802206	3441.500	6650.200	6093.750	6093.750
223	Spectrogram 1	1	6.086802206	6.087802206	3441.500	6650.200	6093.750	6093.750
224	Spectrogram 1	1	6.087802206	6.088802206	3441.500	6650.200	5343.750	6000.000
225	Spectrogram 1	1	6.088802206	6.089802206	3441.500	6650.200	5343.750	6000.000
226	Spectrogram 1	1	6.089802206	6.090802206	3441.500	6650.200	5343.750	6000.000
227	Spectrogram 1	1	6.090802206	6.091802206	3441.500	6650.200	5343.750	6000.000
228	Spectrogram 1	1	6.091802206	6.092802206	3441.500	6650.200	5343.750	6000.000
229	Spectrogram 1	1	6.092802206	6.093802206	3441.500	6650.200	5343.750	6000.000
230	Spectrogram 1	1	6.093802206	6.094802206	3441.500	6650.200	4781.250	4781.250
231	Spectrogram 1	1	6.094802206	6.095802206	3441.500	6650.200	4781.250	4781.250
232	Spectrogram 1	1	6.095802206	6.096802206	3441.500	6650.200	4781.250	4781.250
233	Spectrogram 1	1	6.096802206	6.097802206	3441.500	6650.200	4781.250	4781.250
234	Spectrogram 1	1	6.097802206	6.098802206	3441.500	6650.200	4781.250	4781.250
235	Spectrogram 1	1	6.098802206	6.099802206	3441.500	6650.200	4875.000	4781.250
236	Spectrogram 1	1	6.099802206	6.100802206	3441.500	6650.200	4875.000	4781.250
237	Spectrogram 1	1	6.100802206	6.101802206	3441.500	6650.200	4875.000	4781.250
238	Spectrogram 1	1	6.101802206	6.102802206	3441.500	6650.200	4875.000	4781.250
239	Spectrogram 1	1	6.102802206	6.103710204	3441.500	6650.200	4875.000	4781.250
