Selection	View	Channel	Begin Time (s)	End Time (s)	Low Freq (Hz)	High Freq (Hz)	Center Freq (Hz)	Peak Freq (Hz)
1	Spectrogram 1	1	4.585667592	4.586667592	2655.738	6579.200	4312.500	4312.500
2	Spectrogram 1	1	4.586667592	4.587667592	2655.738	6579.200	4312.500	4312.500
3	Spectrogram 1	1	4.587667592	4.588667592	2655.738	6579.200	4312.500	4312.500
4	Spectrogram 1	1	4.588667592	4.589667592	2655.738	6579.200	4312.500	4312.500
5	Spectrogram 1	1	4.589667592	4.590667592	2655.738	6579.200	4312.500	4312.500
6	Spectrogram 1	1	4.590667592	4.591667592	2655.738	6579.200	4875.000	4875.000
7	Spectrogram 1	1	4.591667592	4.592667592	2655.738	6579.200	4875.000	4875.000
8	Spectrogram 1	1	4.592667592	4.593667592	2655.738	6579.200	4875.000	4875.000
9	Spectrogram 1	1	4.593667592	4.594667592	2655.738	6579.200	5062.500	5062.500
10	Spectrogram 1	1	4.594667592	4.595667592	2655.738	6579.200	5062.500	5062.500
11	Spectrogram 1	1	4.595667592	4.596667592	2655.738	6579.200	5250.000	5250.000
12	Spectrogram 1	1	4.596667592	4.597667592	2655.738	6579.200	5250.000	5250.000
13	Spectrogram 1	1	4.597667592	4.598667592	2655.738	6579.200	5250.000	5250.000
14	Spectrogram 1	1	4.598667592	4.599667592	2655.738	6579.200	5437.500	5437.500
15	Spectrogram 1	1	4.599667592	4.600667592	2655.738	6579.200	5437.500	5437.500
16	Spectrogram 1	1	4.600667592	4.601667592	2655.738	6579.200	5437.500	5437.500
17	Spectrogram 1	1	4.601667592	4.602667592	2655.738	6579.200	5437.500	5437.500
18	Spectrogram 1	1	4.602667592	4.603667592	2655.738	6579.200	5437.500	5437.500
19	Spectrogram 1	1	4.603667592	4.604667592	2655.738	6579.200	5250.000	5250.000
20	Spectrogram 1	1	4.604667592	4.605667592	2655.738	6579.200	5250.000	5250.000
21	Spectrogram 1	1	4.605667592	4.606667592	2655.738	6579.200	5250.000	5250.000
22	Spectrogram 1	1	4.606667592	4.607667592	2655.738	6579.200	5250.000	5250.000
23	Spectrogram 1	1	4.607667592	4.608667592	2655.738	6579.200	5250.000	5250.000
24	Spectrogram 1	1	4.608667592	4.609667592	2655.738	6579.200	5250.000	5250.000
25	Spectrogram 1	1	4.609667592	4.610667592	2655.738	6579.200	5062.500	5062.500
26	Spectrogram 1	1	4.610667592	4.611667592	2655.738	6579.200	5062.500	5062.500
27	Spectrogram 1	1	4.611667592	4.612667592	2655.738	6579.200	4875.000	4875.000
28	Spectrogram 1	1	4.612667592	4.613667592	2655.738	6579.200	4875.000	4875.000
29	Spectrogram 1	1	4.613667592	4.614667592	2655.738	6579.200	4875.000	4875.000
30	Spectrogram 1	1	4.614667592	4.615667592	2655.738	6579.200	4687.500	4500.000
31	Spectrogram 1	1	4.615667592	4.616667592	2655.738	6579.200	4687.500	4500.000
32	Spectrogram 1	1	4.616667592	4.617667592	2655.738	6579.200	4687.500	4500.000
33	Spectrogram 1	1	4.617667592	4.618667592	2655.738	6579.200	4500.000	4500.000
34	Spectrogram 1	1	4.618667592	4.619667592	2655.738	6579.200	4500.000	4500.000
35	Spectrogram 1	1	4.619667592	4.620667592	2655.738	6579.200	4312.500	4312.500
36	Spectrogram 1	1	4.620667592	4.621667592	2655.738	6579.200	4312.500	4312.500
37	Spectrogram 1	1	4.621667592	4.622667592	2655.738	6579.200	4312.500	4312.500
38	Spectrogram 1	1	4.622667592	4.623667592	2655.738	6579.200	4125.000	4125.000
39	Spectrogram 1	1	4.623667592	4.624667592	2655.738	6579.200	4125.000	4125.000
40	Spectrogram 1	1	4.624667592	4.625667592	2655.738	6579.200	4125.000	4125.000
41	Spectrogram 1	1	4.625667592	4.626667592	2655.738	6579.200	4125.000	4125.000
42	Spectrogram 1	1	4.626667592	4.627667592	2655.738	6579.200	4125.000	4125.000
43	Spectrogram 1	1	4.627667592	4.628667592	2655.738	6579.200	3937.500	3937.500
44	Spectrogram 1	1	4.628667592	4.629667592	2655.738	6579.200	3937.500	3937.500
45	Spectrogram 1	1	4.629667592	4.630667592	2655.738	6579.200	3937.500	3937.500
46	Spectrogram 1	1	4.630667592	4.631667592	2655.738	6579.200	3937.500	3937.500
47	Spectrogram 1	1	4.631667592	4.632667592	2655.738	6579.200	3937.500	3937.500
48	Spectrogram 1	1	4.632667592	4.633667592	2655.738	6579.200	3937.500	3937.500
49	Spectrogram 1	1	4.633667592	4.634667592	2655.738	6579.200	3750.000	3750.000
50	Spectrogram 1	1	4.634667592	4.635667592	2655.738	6579.200	3750.000	3750.000
51	Spectrogram 1	1	4.635667592	4.636667592	2655.738	6579.200	3750.000	3750.000
52	Spectrogram 1	1	4.636667592	4.637667592	2655.738	6579.200	3750.000	3750.000
53	Spectrogram 1	1	4.637667592	4.638667592	2655.738	6579.200	3750.000	3750.000
54	Spectrogram 1	1	4.638667592	4.639667592	2655.738	6579.200	3562.500	3562.500
55	Spectrogram 1	1	4.639667592	4.640667592	2655.738	6579.200	3562.500	3562.500
56	Spectrogram 1	1	4.640667592	4.641667592	2655.738	6579.200	3562.500	3562.500
57	Spectrogram 1	1	4.641667592	4.642667592	2655.738	6579.200	3562.500	3562.500
58	Spectrogram 1	1	4.642667592	4.643667592	2655.738	6579.200	3562.500	3562.500
59	Spectrogram 1	1	4.643667592	4.644667592	2655.738	6579.200	3562.500	3562.500
60	Spectrogram 1	1	4.644667592	4.645667592	2655.738	6579.200	3562.500	3562.500
61	Spectrogram 1	1	4.645667592	4.646667592	2655.738	6579.200	3562.500	3562.500
62	Spectrogram 1	1	4.646667592	4.647667592	2655.738	6579.200	3562.500	3562.500
63	Spectrogram 1	1	4.647667592	4.648667592	2655.738	6579.200	3562.500	3562.500
64	Spectrogram 1	1	4.648667592	4.649667592	2655.738	6579.200	3562.500	3562.500
65	Spectrogram 1	1	4.649667592	4.650667592	2655.738	6579.200	3562.500	3562.500
66	Spectrogram 1	1	4.650667592	4.651667592	2655.738	6579.200	3562.500	3562.500
67	Spectrogram 1	1	4.651667592	4.652667592	2655.738	6579.200	3562.500	3562.500
68	Spectrogram 1	1	4.652667592	4.653667592	2655.738	6579.200	3562.500	3562.500
69	Spectrogram 1	1	4.653667592	4.654667592	2655.738	6579.200	3562.500	3562.500
70	Spectrogram 1	1	4.654667592	4.655667592	2655.738	6579.200	3562.500	3562.500
71	Spectrogram 1	1	4.655667592	4.656667592	2655.738	6579.200	3562.500	3562.500
72	Spectrogram 1	1	4.656667592	4.657667592	2655.738	6579.200	3562.500	3562.500
73	Spectrogram 1	1	4.657667592	4.658667592	2655.738	6579.200	3562.500	3562.500
74	Spectrogram 1	1	4.658667592	4.659667592	2655.738	6579.200	3562.500	3562.500
75	Spectrogram 1	1	4.659667592	4.660667592	2655.738	6579.200	3562.500	3562.500
76	Spectrogram 1	1	4.660667592	4.661667592	2655.738	6579.200	3562.500	3562.500
77	Spectrogram 1	1	4.661667592	4.662667592	2655.738	6579.200	3562.500	3562.500
78	Spectrogram 1	1	4.662667592	4.663667592	2655.738	6579.200	3562.500	3562.500
79	Spectrogram 1	1	4.663667592	4.664667592	2655.738	6579.200	3562.500	3562.500
80	Spectrogram 1	1	4.664667592	4.665667592	2655.738	6579.200	3562.500	3562.500
81	Spectrogram 1	1	4.665667592	4.666667592	2655.738	6579.200	3562.500	3562.500
82	Spectrogram 1	1	4.666667592	4.667667592	2655.738	6579.200	3562.500	3562.500
83	Spectrogram 1	1	4.667667592	4.668667592	2655.738	6579.200	3562.500	3562.500
84	Spectrogram 1	1	4.668667592	4.669667592	2655.738	6579.200	3562.500	3562.500
85	Spectrogram 1	1	4.669667592	4.670667592	2655.738	6579.200	3562.500	3562.500
86	Spectrogram 1	1	4.670667592	4.671667592	2655.738	6579.200	3562.500	3562.500
87	Spectrogram 1	1	4.671667592	4.672667592	2655.738	6579.200	3562.500	3562.500
88	Spectrogram 1	1	4.672667592	4.673667592	2655.738	6579.200	3562.500	3562.500
89	Spectrogram 1	1	4.673667592	4.674667592	2655.738	6579.200	3750.000	3750.000
90	Spectrogram 1	1	4.674667592	4.675667592	2655.738	6579.200	3750.000	3750.000
91	Spectrogram 1	1	4.675667592	4.676667592	2655.738	6579.200	3750.000	3750.000
92	Spectrogram 1	1	4.676667592	4.677667592	2655.738	6579.200	3750.000	3750.000
93	Spectrogram 1	1	4.677667592	4.678667592	2655.738	6579.200	3750.000	3750.000
94	Spectrogram 1	1	4.678667592	4.679667592	2655.738	6579.200	3750.000	3750.000
95	Spectrogram 1	1	4.679667592	4.680667592	2655.738	6579.200	3750.000	3750.000
96	Spectrogram 1	1	4.680667592	4.681667592	2655.738	6579.200	3750.000	3750.000
97	Spectrogram 1	1	4.681667592	4.682667592	2655.738	6579.200	3937.500	3937.500
98	Spectrogram 1	1	4.682667592	4.683667592	2655.738	6579.200	3937.500	3937.500
99	Spectrogram 1	1	4.683667592	4.684667592	2655.738	6579.200	3937.500	3937.500
100	Spectrogram 1	1	4.684667592	4.685667592	2655.738	6579.200	3937.500	3937.500
101	Spectrogram 1	1	4.685667592	4.686667592	2655.738	6579.200	3937.500	3937.500
102	Spectrogram 1	1	4.686667592	4.687667592	2655.738	6579.200	3937.500	3937.500
103	Spectrogram 1	1	4.687667592	4.688667592	2655.738	6579.200	3937.500	3937.500
104	Spectrogram 1	1	4.688667592	4.689667592	2655.738	6579.200	3937.500	3937.500
105	Spectrogram 1	1	4.689667592	4.690667592	2655.738	6579.200	3937.500	3937.500
106	Spectrogram 1	1	4.690667592	4.691667592	2655.738	6579.200	3937.500	3937.500
107	Spectrogram 1	1	4.691667592	4.692667592	2655.738	6579.200	3937.500	3937.500
108	Spectrogram 1	1	4.692667592	4.693667592	2655.738	6579.200	3937.500	3937.500
109	Spectrogram 1	1	4.693667592	4.694667592	2655.738	6579.200	3937.500	3937.500
110	Spectrogram 1	1	4.694667592	4.695667592	2655.738	6579.200	3937.500	3937.500
111	Spectrogram 1	1	4.695667592	4.696667592	2655.738	6579.200	3937.500	3937.500
112	Spectrogram 1	1	4.696667592	4.697667592	2655.738	6579.200	3937.500	3937.500
113	Spectrogram 1	1	4.697667592	4.698667592	2655.738	6579.200	3187.500	3187.500
114	Spectrogram 1	1	4.698667592	4.699667592	2655.738	6579.200	3187.500	3187.500
115	Spectrogram 1	1	4.699667592	4.700667592	2655.738	6579.200	3000.000	3000.000
116	Spectrogram 1	1	4.700667592	4.701667592	2655.738	6579.200	3000.000	3000.000
117	Spectrogram 1	1	4.701667592	4.702667592	2655.738	6579.200	3000.000	3000.000
118	Spectrogram 1	1	4.702667592	4.703667592	2655.738	6579.200	3000.000	3000.000
119	Spectrogram 1	1	4.703667592	4.704667592	2655.738	6579.200	3000.000	3000.000
120	Spectrogram 1	1	4.704667592	4.705667592	2655.738	6579.200	3000.000	3000.000
121	Spectrogram 1	1	4.705667592	4.706667592	2655.738	6579.200	3187.500	3187.500
122	Spectrogram 1	1	4.706667592	4.707667592	2655.738	6579.200	3187.500	3187.500
123	Spectrogram 1	1	4.707667592	4.708667592	2655.738	6579.200	3187.500	3187.500
124	Spectrogram 1	1	4.708667592	4.709667592	2655.738	6579.200	3187.500	3187.500
125	Spectrogram 1	1	4.709667592	4.710667592	2655.738	6579.200	3187.500	3187.500
126	Spectrogram 1	1	4.710667592	4.711667592	2655.738	6579.200	3187.500	3187.500
127	Spectrogram 1	1	4.711667592	4.712667592	2655.738	6579.200	3187.500	3187.500
128	Spectrogram 1	1	4.712667592	4.713667592	2655.738	6579.200	3187.500	3187.500
129	Spectrogram 1	1	4.713667592	4.714667592	2655.738	6579.200	3187.500	3187.500
130	Spectrogram 1	1	4.714667592	4.715667592	2655.738	6579.200	3187.500	3187.500
131	Spectrogram 1	1	4.715667592	4.716667592	2655.738	6579.200	3187.500	3187.500
132	Spectrogram 1	1	4.716667592	4.717667592	2655.738	6579.200	3187.500	3187.500
133	Spectrogram 1	1	4.717667592	4.718667592	2655.738	6579.200	3187.500	3187.500
134	Spectrogram 1	1	4.718667592	4.719667592	2655.738	6579.200	3187.500	3187.500
135	Spectrogram 1	1	4.719667592	4.720667592	2655.738	6579.200	3187.500	3187.500
136	Spectrogram 1	1	4.720667592	4.721667592	2655.738	6579.200	3187.500	3187.500
137	Spectrogram 1	1	4.721667592	4.722667592	2655.738	6579.200	3000.000	3000.000
138	Spectrogram 1	1	4.722667592	4.723667592	2655.738	6579.200	3000.000	3000.000
139	Spectrogram 1	1	4.723667592	4.724667592	2655.738	6579.200	3000.000	3000.000
140	Spectrogram 1	1	4.724667592	4.725667592	2655.738	6579.200	3000.000	3000.000
141	Spectrogram 1	1	4.725667592	4.726667592	2655.738	6579.200	3000.000	3000.000
142	Spectrogram 1	1	4.726667592	4.727667592	2655.738	6579.200	3187.500	3000.000
143	Spectrogram 1	1	4.727667592	4.728667592	2655.738	6579.200	3187.500	3000.000
144	Spectrogram 1	1	4.728667592	4.729667592	2655.738	6579.200	3187.500	3000.000
145	Spectrogram 1	1	4.729667592	4.730667592	2655.738	6579.200	3750.000	3187.500
146	Spectrogram 1	1	4.730667592	4.731667592	2655.738	6579.200	3750.000	3187.500
147	Spectrogram 1	1	4.731667592	4.732667592	2655.738	6579.200	3375.000	3187.500
148	Spectrogram 1	1	4.732667592	4.733667592	2655.738	6579.200	3375.000	3187.500
149	Spectrogram 1	1	4.733667592	4.734667592	2655.738	6579.200	3375.000	3187.500
150	Spectrogram 1	1	4.734667592	4.735667592	2655.738	6579.200	3562.500	3187.500
151	Spectrogram 1	1	4.735667592	4.736667592	2655.738	6579.200	3562.500	3187.500
152	Spectrogram 1	1	4.736667592	4.737667592	2655.738	6579.200	3562.500	3187.500
153	Spectrogram 1	1	4.737667592	4.738667592	2655.738	6579.200	3187.500	3187.500
154	Spectrogram 1	1	4.738667592	4.739667592	2655.738	6579.200	3187.500	3187.500
155	Spectrogram 1	1	4.739667592	4.740667592	2655.738	6579.200	3562.500	3187.500
156	Spectrogram 1	1	4.740667592	4.741667592	2655.738	6579.200	3562.500	3187.500
157	Spectrogram 1	1	4.741667592	4.742667592	2655.738	6579.200	3562.500	3187.500
158	Spectrogram 1	1	4.742667592	4.743667592	2655.738	6579.200	3750.000	3562.500
159	Spectrogram 1	1	4.743667592	4.744667592	2655.738	6579.200	3750.000	3562.500
160	Spectrogram 1	1	4.744667592	4.745667592	2655.738	6579.200	3750.000	3562.500
161	Spectrogram 1	1	4.745667592	4.746667592	2655.738	6579.200	3750.000	3750.000
162	Spectrogram 1	1	4.746667592	4.747667592	2655.738	6579.200	3750.000	3750.000
163	Spectrogram 1	1	4.747667592	4.748667592	2655.738	6579.200	3937.500	3937.500
164	Spectrogram 1	1	4.748667592	4.749667592	2655.738	6579.200	3937.500	3937.500
165	Spectrogram 1	1	4.749667592	4.750667592	2655.738	6579.200	3937.500	3937.500
166	Spectrogram 1	1	4.750667592	4.751667592	2655.738	6579.200	4125.000	4125.000
167	Spectrogram 1	1	4.751667592	4.752667592	2655.738	6579.200	4125.000	4125.000
168	Spectrogram 1	1	4.752667592	4.753667592	2655.738	6579.200	4125.000	4125.000
169	Spectrogram 1	1	4.753667592	4.754667592	2655.738	6579.200	4500.000	4500.000
170	Spectrogram 1	1	4.754667592	4.755667592	2655.738	6579.200	4500.000	4500.000
171	Spectrogram 1	1	4.755667592	4.756667592	2655.738	6579.200	4687.500	4687.500
172	Spectrogram 1	1	4.756667592	4.757667592	2655.738	6579.200	4687.500	4687.500
173	Spectrogram 1	1	4.757667592	4.758667592	2655.738	6579.200	4687.500	4687.500
174	Spectrogram 1	1	4.758667592	4.759667592	2655.738	6579.200	4875.000	4875.000
175	Spectrogram 1	1	4.759667592	4.760667592	2655.738	6579.200	4875.000	4875.000
176	Spectrogram 1	1	4.760667592	4.761667592	2655.738	6579.200	4875.000	4875.000
177	Spectrogram 1	1	4.761667592	4.762667592	2655.738	6579.200	4875.000	4875.000
178	Spectrogram 1	1	4.762667592	4.763667592	2655.738	6579.200	4875.000	4875.000
179	Spectrogram 1	1	4.763667592	4.764667592	2655.738	6579.200	4687.500	4687.500
180	Spectrogram 1	1	4.764667592	4.765667592	2655.738	6579.200	4687.500	4687.500
181	Spectrogram 1	1	4.765667592	4.766667592	2655.738	6579.200	4687.500	4687.500
182	Spectrogram 1	1	4.766667592	4.767667592	2655.738	6579.200	4875.000	4875.000
183	Spectrogram 1	1	4.767667592	4.768667592	2655.738	6579.200	4875.000	4875.000
184	Spectrogram 1	1	4.768667592	4.769667592	2655.738	6579.200	4875.000	4875.000
185	Spectrogram 1	1	4.769667592	4.770667592	2655.738	6579.200	4687.500	4687.500
186	Spectrogram 1	1	4.770667592	4.771667592	2655.738	6579.200	4687.500	4687.500
187	Spectrogram 1	1	4.771667592	4.772667592	2655.738	6579.200	4687.500	4687.500
188	Spectrogram 1	1	4.772667592	4.773667592	2655.738	6579.200	4687.500	4687.500
189	Spectrogram 1	1	4.773667592	4.774667592	2655.738	6579.200	4687.500	4687.500
190	Spectrogram 1	1	4.774667592	4.775667592	2655.738	6579.200	4687.500	4687.500
191	Spectrogram 1	1	4.775667592	4.776667592	2655.738	6579.200	4687.500	4687.500
192	Spectrogram 1	1	4.776667592	4.777667592	2655.738	6579.200	4687.500	4687.500
193	Spectrogram 1	1	4.777667592	4.778667592	2655.738	6579.200	4875.000	4875.000
194	Spectrogram 1	1	4.778667592	4.779667592	2655.738	6579.200	4875.000	4875.000
195	Spectrogram 1	1	4.779667592	4.780667592	2655.738	6579.200	4875.000	4875.000
196	Spectrogram 1	1	4.780667592	4.781667592	2655.738	6579.200	4875.000	4875.000
197	Spectrogram 1	1	4.781667592	4.782667592	2655.738	6579.200	4875.000	4875.000
198	Spectrogram 1	1	4.782667592	4.783667592	2655.738	6579.200	4875.000	4875.000
199	Spectrogram 1	1	4.783667592	4.784667592	2655.738	6579.200	4875.000	4875.000
200	Spectrogram 1	1	4.784667592	4.785667592	2655.738	6579.200	4875.000	4875.000
201	Spectrogram 1	1	4.785667592	4.786667592	2655.738	6579.200	4875.000	4875.000
202	Spectrogram 1	1	4.786667592	4.787667592	2655.738	6579.200	4875.000	4875.000
203	Spectrogram 1	1	4.787667592	4.788667592	2655.738	6579.200	4875.000	4875.000
204	Spectrogram 1	1	4.788667592	4.789667592	2655.738	6579.200	4875.000	4875.000
205	Spectrogram 1	1	4.789667592	4.790667592	2655.738	6579.200	4875.000	4875.000
206	Spectrogram 1	1	4.790667592	4.791667592	2655.738	6579.200	4875.000	4875.000
207	Spectrogram 1	1	4.791667592	4.792667592	2655.738	6579.200	4875.000	4875.000
208	Spectrogram 1	1	4.792667592	4.793667592	2655.738	6579.200	4875.000	4875.000
209	Spectrogram 1	1	4.793667592	4.794667592	2655.738	6579.200	5062.500	5062.500
210	Spectrogram 1	1	4.794667592	4.795667592	2655.738	6579.200	5062.500	5062.500
211	Spectrogram 1	1	4.795667592	4.796667592	2655.738	6579.200	5062.500	5062.500
212	Spectrogram 1	1	4.796667592	4.797667592	2655.738	6579.200	5062.500	5062.500
213	Spectrogram 1	1	4.797667592	4.798667592	2655.738	6579.200	5062.500	5062.500
214	Spectrogram 1	1	4.798667592	4.799667592	2655.738	6579.200	5062.500	5062.500
215	Spectrogram 1	1	4.799667592	4.800667592	2655.738	6579.200	5062.500	5062.500
216	Spectrogram 1	1	4.800667592	4.801667592	2655.738	6579.200	5062.500	5062.500
217	Spectrogram 1	1	4.801667592	4.802667592	2655.738	6579.200	5250.000	5250.000
218	Spectrogram 1	1	4.802667592	4.803667592	2655.738	6579.200	5250.000	5250.000
219	Spectrogram 1	1	4.803667592	4.804667592	2655.738	6579.200	5437.500	5437.500
220	Spectrogram 1	1	4.804667592	4.805667592	2655.738	6579.200	5437.500	5437.500
221	Spectrogram 1	1	4.805667592	4.806667592	2655.738	6579.200	5437.500	5437.500
222	Spectrogram 1	1	4.806667592	4.807667592	2655.738	6579.200	5625.000	5625.000
223	Spectrogram 1	1	4.807667592	4.808667592	2655.738	6579.200	5625.000	5625.000
224	Spectrogram 1	1	4.808667592	4.809667592	2655.738	6579.200	5625.000	5625.000
225	Spectrogram 1	1	4.809667592	4.810667592	2655.738	6579.200	6000.000	6000.000
226	Spectrogram 1	1	4.810667592	4.811667592	2655.738	6579.200	6000.000	6000.000
227	Spectrogram 1	1	4.811667592	4.812667592	2655.738	6579.200	6000.000	6000.000
228	Spectrogram 1	1	4.812667592	4.813667592	2655.738	6579.200	6000.000	6000.000
229	Spectrogram 1	1	4.813667592	4.814667592	2655.738	6579.200	6000.000	6000.000
230	Spectrogram 1	1	4.814667592	4.815667592	2655.738	6579.200	5812.500	5812.500
231	Spectrogram 1	1	4.815667592	4.816667592	2655.738	6579.200	5812.500	5812.500
232	Spectrogram 1	1	4.816667592	4.817667592	2655.738	6579.200	5812.500	5812.500
233	Spectrogram 1	1	4.817667592	4.818667592	2655.738	6579.200	5625.000	5625.000
234	Spectrogram 1	1	4.818667592	4.819667592	2655.738	6579.200	5625.000	5625.000
235	Spectrogram 1	1	4.819667592	4.820667592	2655.738	6579.200	5250.000	5250.000
236	Spectrogram 1	1	4.820667592	4.821667592	2655.738	6579.200	5250.000	5250.000
237	Spectrogram 1	1	4.821667592	4.822667592	2655.738	6579.200	5250.000	5250.000
238	Spectrogram 1	1	4.822667592	4.823667592	2655.738	6579.200	5062.500	5062.500
239	Spectrogram 1	1	4.823667592	4.824667592	2655.738	6579.200	5062.500	5062.500
240	Spectrogram 1	1	4.824667592	4.825667592	2655.738	6579.200	5062.500	5062.500
241	Spectrogram 1	1	4.825667592	4.826667592	2655.738	6579.200	5062.500	5062.500
242	Spectrogram 1	1	4.826667592	4.827667592	2655.738	6579.200	5062.500	5062.500
243	Spectrogram 1	1	4.827667592	4.828667592	2655.738	6579.200	4500.000	4500.000
244	Spectrogram 1	1	4.828667592	4.829667592	2655.738	6579.200	4500.000	4500.000
245	Spectrogram 1	1	4.829667592	4.830667592	2655.738	6579.200	4500.000	4500.000
246	Spectrogram 1	1	4.830667592	4.831667592	2655.738	6579.200	4312.500	4312.500
247	Spectrogram 1	1	4.831667592	4.832667592	2655.738	6579.200	4312.500	4312.500
248	Spectrogram 1	1	4.832667592	4.833667592	2655.738	6579.200	4312.500	4312.500
249	Spectrogram 1	1	4.833667592	4.834667592	2655.738	6579.200	4125.000	4125.000
250	Spectrogram 1	1	4.834667592	4.835667592	2655.738	6579.200	4125.000	4125.000
251	Spectrogram 1	1	4.835667592	4.836667592	2655.738	6579.200	4125.000	4125.000
252	Spectrogram 1	1	4.836667592	4.837667592	2655.738	6579.200	4125.000	4125.000
253	Spectrogram 1	1	4.837667592	4.838667592	2655.738	6579.200	4125.000	4125.000
254	Spectrogram 1	1	4.838667592	4.839667592	2655.738	6579.200	3937.500	3750.000
255	Spectrogram 1	1	4.839667592	4.840667592	2655.738	6579.200	3937.500	3750.000
256	Spectrogram 1	1	4.840667592	4.841667592	2655.738	6579.200	3937.500	3750.000
257	Spectrogram 1	1	4.841667592	4.842667592	2655.738	6579.200	3937.500	3750.000
258	Spectrogram 1	1	4.842667592	4.843667592	2655.738	6579.200	3937.500	3750.000
259	Spectrogram 1	1	4.843667592	4.844667592	2655.738	6579.200	4875.000	3562.500
260	Spectrogram 1	1	4.844667592	4.845667592	2655.738	6579.200	4875.000	3562.500
261	Spectrogram 1	1	4.845667592	4.846667592	2655.738	6579.200	4875.000	3562.500
262	Spectrogram 1	1	4.846667592	4.847667592	2655.738	6579.200	5437.500	5812.500
263	Spectrogram 1	1	4.847667592	4.848138474	2655.738	6579.200	5437.500	5812.500
