Selection	View	Channel	Begin Time (s)	End Time (s)	Low Freq (Hz)	High Freq (Hz)	Center Freq (Hz)	Peak Freq (Hz)
1	Spectrogram 1	2	62.742081941	62.743079673	3230.300	6460.700	4737.305	3445.312
2	Spectrogram 1	2	62.743079673	62.744077406	3230.300	6460.700	6029.297	6029.297
3	Spectrogram 1	2	62.744077406	62.745075138	3230.300	6460.700	6029.297	6029.297
4	Spectrogram 1	2	62.745075138	62.746072871	3230.300	6460.700	6029.297	6029.297
5	Spectrogram 1	2	62.746072871	62.747070603	3230.300	6460.700	6029.297	6029.297
6	Spectrogram 1	2	62.747070603	62.748068336	3230.300	6460.700	6029.297	6029.297
7	Spectrogram 1	2	62.748068336	62.749066068	3230.300	6460.700	6029.297	6029.297
8	Spectrogram 1	2	62.749066068	62.750063800	3230.300	6460.700	5770.898	5684.766
9	Spectrogram 1	2	62.750063800	62.751061533	3230.300	6460.700	5770.898	5684.766
10	Spectrogram 1	2	62.751061533	62.752059265	3230.300	6460.700	5770.898	5684.766
11	Spectrogram 1	2	62.752059265	62.753056998	3230.300	6460.700	5770.898	5684.766
12	Spectrogram 1	2	62.753056998	62.754054730	3230.300	6460.700	5770.898	5684.766
13	Spectrogram 1	2	62.754054730	62.755052463	3230.300	6460.700	5770.898	5684.766
14	Spectrogram 1	2	62.755052463	62.756050195	3230.300	6460.700	5081.836	5081.836
15	Spectrogram 1	2	62.756050195	62.757047927	3230.300	6460.700	5081.836	5081.836
16	Spectrogram 1	2	62.757047927	62.758045660	3230.300	6460.700	5081.836	5081.836
17	Spectrogram 1	2	62.758045660	62.759043392	3230.300	6460.700	5081.836	5081.836
18	Spectrogram 1	2	62.759043392	62.760041125	3230.300	6460.700	5081.836	5081.836
19	Spectrogram 1	2	62.760041125	62.761038857	3230.300	6460.700	5081.836	5081.836
20	Spectrogram 1	2	62.761038857	62.762036590	3230.300	6460.700	4651.172	4478.906
21	Spectrogram 1	2	62.762036590	62.763034322	3230.300	6460.700	4651.172	4478.906
22	Spectrogram 1	2	62.763034322	62.764032054	3230.300	6460.700	4651.172	4478.906
23	Spectrogram 1	2	62.764032054	62.765029787	3230.300	6460.700	4651.172	4478.906
24	Spectrogram 1	2	62.765029787	62.766027519	3230.300	6460.700	4651.172	4478.906
25	Spectrogram 1	2	62.766027519	62.767025252	3230.300	6460.700	4995.703	5081.836
26	Spectrogram 1	2	62.767025252	62.768022984	3230.300	6460.700	4995.703	5081.836
27	Spectrogram 1	2	62.768022984	62.769020717	3230.300	6460.700	4995.703	5081.836
28	Spectrogram 1	2	62.769020717	62.770018449	3230.300	6460.700	4995.703	5081.836
29	Spectrogram 1	2	62.770018449	62.771016181	3230.300	6460.700	4995.703	5081.836
30	Spectrogram 1	2	62.771016181	62.772013914	3230.300	6460.700	4995.703	5081.836
31	Spectrogram 1	2	62.772013914	62.773011646	3230.300	6460.700	5340.234	5426.367
32	Spectrogram 1	2	62.773011646	62.774009379	3230.300	6460.700	5340.234	5426.367
33	Spectrogram 1	2	62.774009379	62.775007111	3230.300	6460.700	5340.234	5426.367
34	Spectrogram 1	2	62.775007111	62.776004843	3230.300	6460.700	5340.234	5426.367
35	Spectrogram 1	2	62.776004843	62.777002576	3230.300	6460.700	5340.234	5426.367
36	Spectrogram 1	2	62.777002576	62.778000308	3230.300	6460.700	5340.234	5426.367
37	Spectrogram 1	2	62.778000308	62.778998041	3230.300	6460.700	5081.836	5081.836
38	Spectrogram 1	2	62.778998041	62.779995773	3230.300	6460.700	5081.836	5081.836
39	Spectrogram 1	2	62.779995773	62.780993506	3230.300	6460.700	5081.836	5081.836
40	Spectrogram 1	2	62.780993506	62.781991238	3230.300	6460.700	5081.836	5081.836
41	Spectrogram 1	2	62.781991238	62.782988970	3230.300	6460.700	5081.836	5081.836
42	Spectrogram 1	2	62.782988970	62.783986703	3230.300	6460.700	5081.836	5081.836
43	Spectrogram 1	2	62.783986703	62.784984435	3230.300	6460.700	4995.703	4995.703
44	Spectrogram 1	2	62.784984435	62.785982168	3230.300	6460.700	4995.703	4995.703
45	Spectrogram 1	2	62.785982168	62.786979900	3230.300	6460.700	4995.703	4995.703
46	Spectrogram 1	2	62.786979900	62.787977633	3230.300	6460.700	4995.703	4995.703
47	Spectrogram 1	2	62.787977633	62.788975365	3230.300	6460.700	4995.703	4995.703
48	Spectrogram 1	2	62.788975365	62.789973097	3230.300	6460.700	4995.703	4995.703
49	Spectrogram 1	2	62.789973097	62.790970830	3230.300	6460.700	4651.172	4565.039
50	Spectrogram 1	2	62.790970830	62.791968562	3230.300	6460.700	4651.172	4565.039
51	Spectrogram 1	2	62.791968562	62.792966295	3230.300	6460.700	4651.172	4565.039
52	Spectrogram 1	2	62.792966295	62.793964027	3230.300	6460.700	4651.172	4565.039
53	Spectrogram 1	2	62.793964027	62.794961760	3230.300	6460.700	4651.172	4565.039
54	Spectrogram 1	2	62.794961760	62.795959492	3230.300	6460.700	4306.641	4048.242
55	Spectrogram 1	2	62.795959492	62.796957224	3230.300	6460.700	4306.641	4048.242
56	Spectrogram 1	2	62.796957224	62.797954957	3230.300	6460.700	4306.641	4048.242
57	Spectrogram 1	2	62.797954957	62.798952689	3230.300	6460.700	4306.641	4048.242
58	Spectrogram 1	2	62.798952689	62.799950422	3230.300	6460.700	4306.641	4048.242
59	Spectrogram 1	2	62.799950422	62.800948154	3230.300	6460.700	4306.641	4048.242
60	Spectrogram 1	2	62.800948154	62.801945887	3230.300	6460.700	3962.109	3789.844
61	Spectrogram 1	2	62.801945887	62.802943619	3230.300	6460.700	3962.109	3789.844
62	Spectrogram 1	2	62.802943619	62.803941351	3230.300	6460.700	3962.109	3789.844
63	Spectrogram 1	2	62.803941351	62.804939084	3230.300	6460.700	3962.109	3789.844
64	Spectrogram 1	2	62.804939084	62.805936816	3230.300	6460.700	3962.109	3789.844
65	Spectrogram 1	2	62.805936816	62.806934549	3230.300	6460.700	3962.109	3789.844
66	Spectrogram 1	2	62.806934549	62.807932281	3230.300	6460.700	3962.109	3789.844
67	Spectrogram 1	2	62.807932281	62.808930014	3230.300	6460.700	3962.109	3789.844
68	Spectrogram 1	2	62.808930014	62.809927746	3230.300	6460.700	3962.109	3789.844
69	Spectrogram 1	2	62.809927746	62.810925478	3230.300	6460.700	3962.109	3789.844
70	Spectrogram 1	2	62.810925478	62.811923211	3230.300	6460.700	3962.109	3789.844
71	Spectrogram 1	2	62.811923211	62.812920943	3230.300	6460.700	3962.109	3789.844
72	Spectrogram 1	2	62.812920943	62.813918676	3230.300	6460.700	3703.711	3617.578
73	Spectrogram 1	2	62.813918676	62.814916408	3230.300	6460.700	3703.711	3617.578
74	Spectrogram 1	2	62.814916408	62.815914141	3230.300	6460.700	3703.711	3617.578
75	Spectrogram 1	2	62.815914141	62.816911873	3230.300	6460.700	3703.711	3617.578
76	Spectrogram 1	2	62.816911873	62.817909605	3230.300	6460.700	3703.711	3617.578
77	Spectrogram 1	2	62.817909605	62.818907338	3230.300	6460.700	3703.711	3617.578
78	Spectrogram 1	2	62.818907338	62.819905070	3230.300	6460.700	3962.109	3617.578
79	Spectrogram 1	2	62.819905070	62.820902803	3230.300	6460.700	3962.109	3617.578
80	Spectrogram 1	2	62.820902803	62.821900535	3230.300	6460.700	3962.109	3617.578
81	Spectrogram 1	2	62.821900535	62.822898268	3230.300	6460.700	3962.109	3617.578
82	Spectrogram 1	2	62.822898268	62.823896000	3230.300	6460.700	3962.109	3617.578
83	Spectrogram 1	2	62.823896000	62.824893732	3230.300	6460.700	3962.109	3617.578
84	Spectrogram 1	2	62.824893732	62.825891465	3230.300	6460.700	3875.977	3617.578
85	Spectrogram 1	2	62.825891465	62.826889197	3230.300	6460.700	3875.977	3617.578
86	Spectrogram 1	2	62.826889197	62.827886930	3230.300	6460.700	3875.977	3617.578
87	Spectrogram 1	2	62.827886930	62.828884662	3230.300	6460.700	3875.977	3617.578
88	Spectrogram 1	2	62.828884662	62.829882395	3230.300	6460.700	3875.977	3617.578
89	Spectrogram 1	2	62.829882395	62.830880127	3230.300	6460.700	4823.438	3789.844
90	Spectrogram 1	2	62.830880127	62.831877859	3230.300	6460.700	4823.438	3789.844
91	Spectrogram 1	2	62.831877859	62.832875592	3230.300	6460.700	4823.438	3789.844
92	Spectrogram 1	2	62.832875592	62.833873324	3230.300	6460.700	4823.438	3789.844
93	Spectrogram 1	2	62.833873324	62.834871057	3230.300	6460.700	4823.438	3789.844
94	Spectrogram 1	2	62.834871057	62.835868789	3230.300	6460.700	4823.438	3789.844
95	Spectrogram 1	2	62.835868789	62.836866521	3230.300	6460.700	4220.508	3875.977
96	Spectrogram 1	2	62.836866521	62.837864254	3230.300	6460.700	4220.508	3875.977
97	Spectrogram 1	2	62.837864254	62.838861986	3230.300	6460.700	4220.508	3875.977
98	Spectrogram 1	2	62.838861986	62.839859719	3230.300	6460.700	4220.508	3875.977
99	Spectrogram 1	2	62.839859719	62.840857451	3230.300	6460.700	4220.508	3875.977
100	Spectrogram 1	2	62.840857451	62.841855184	3230.300	6460.700	4220.508	3875.977
101	Spectrogram 1	2	62.841855184	62.842852916	3230.300	6460.700	3789.844	3789.844
102	Spectrogram 1	2	62.842852916	62.843850648	3230.300	6460.700	3789.844	3789.844
103	Spectrogram 1	2	62.843850648	62.844848381	3230.300	6460.700	3789.844	3789.844
104	Spectrogram 1	2	62.844848381	62.845846113	3230.300	6460.700	3789.844	3789.844
105	Spectrogram 1	2	62.845846113	62.846843846	3230.300	6460.700	3789.844	3789.844
106	Spectrogram 1	2	62.846843846	62.847841578	3230.300	6460.700	3789.844	3789.844
107	Spectrogram 1	2	62.847841578	62.848839311	3230.300	6460.700	3789.844	3789.844
108	Spectrogram 1	2	62.848839311	62.849837043	3230.300	6460.700	3789.844	3789.844
109	Spectrogram 1	2	62.849837043	62.850834775	3230.300	6460.700	3789.844	3789.844
110	Spectrogram 1	2	62.850834775	62.851832508	3230.300	6460.700	3789.844	3789.844
111	Spectrogram 1	2	62.851832508	62.852830240	3230.300	6460.700	3789.844	3789.844
112	Spectrogram 1	2	62.852830240	62.853827973	3230.300	6460.700	3789.844	3789.844
113	Spectrogram 1	2	62.853827973	62.854825705	3230.300	6460.700	3531.445	3531.445
114	Spectrogram 1	2	62.854825705	62.855823438	3230.300	6460.700	3531.445	3531.445
115	Spectrogram 1	2	62.855823438	62.856821170	3230.300	6460.700	3531.445	3531.445
116	Spectrogram 1	2	62.856821170	62.857818902	3230.300	6460.700	3531.445	3531.445
117	Spectrogram 1	2	62.857818902	62.858816635	3230.300	6460.700	3531.445	3531.445
118	Spectrogram 1	2	62.858816635	62.859814367	3230.300	6460.700	3617.578	3531.445
119	Spectrogram 1	2	62.859814367	62.860812100	3230.300	6460.700	3617.578	3531.445
120	Spectrogram 1	2	62.860812100	62.861809832	3230.300	6460.700	3617.578	3531.445
121	Spectrogram 1	2	62.861809832	62.862807565	3230.300	6460.700	3617.578	3531.445
122	Spectrogram 1	2	62.862807565	62.863805297	3230.300	6460.700	3617.578	3531.445
123	Spectrogram 1	2	62.863805297	62.864803029	3230.300	6460.700	3617.578	3531.445
124	Spectrogram 1	2	62.864803029	62.865800762	3230.300	6460.700	3703.711	3703.711
125	Spectrogram 1	2	62.865800762	62.866798494	3230.300	6460.700	3703.711	3703.711
126	Spectrogram 1	2	62.866798494	62.867796227	3230.300	6460.700	3703.711	3703.711
127	Spectrogram 1	2	62.867796227	62.868793959	3230.300	6460.700	3703.711	3703.711
128	Spectrogram 1	2	62.868793959	62.869791692	3230.300	6460.700	3703.711	3703.711
129	Spectrogram 1	2	62.869791692	62.870789424	3230.300	6460.700	3703.711	3703.711
130	Spectrogram 1	2	62.870789424	62.871787156	3230.300	6460.700	3789.844	3531.445
131	Spectrogram 1	2	62.871787156	62.872784889	3230.300	6460.700	3789.844	3531.445
132	Spectrogram 1	2	62.872784889	62.873782621	3230.300	6460.700	3789.844	3531.445
133	Spectrogram 1	2	62.873782621	62.874780354	3230.300	6460.700	3789.844	3531.445
134	Spectrogram 1	2	62.874780354	62.875778086	3230.300	6460.700	3789.844	3531.445
135	Spectrogram 1	2	62.875778086	62.876775819	3230.300	6460.700	3789.844	3531.445
136	Spectrogram 1	2	62.876775819	62.877773551	3230.300	6460.700	3875.977	3531.445
137	Spectrogram 1	2	62.877773551	62.878771283	3230.300	6460.700	3875.977	3531.445
138	Spectrogram 1	2	62.878771283	62.879769016	3230.300	6460.700	3875.977	3531.445
139	Spectrogram 1	2	62.879769016	62.880766748	3230.300	6460.700	3875.977	3531.445
140	Spectrogram 1	2	62.880766748	62.881764481	3230.300	6460.700	3875.977	3531.445
141	Spectrogram 1	2	62.881764481	62.882762213	3230.300	6460.700	3875.977	3531.445
142	Spectrogram 1	2	62.882762213	62.883759946	3230.300	6460.700	3531.445	3359.180
143	Spectrogram 1	2	62.883759946	62.884757678	3230.300	6460.700	3531.445	3359.180
144	Spectrogram 1	2	62.884757678	62.885755410	3230.300	6460.700	3531.445	3359.180
145	Spectrogram 1	2	62.885755410	62.886753143	3230.300	6460.700	3531.445	3359.180
146	Spectrogram 1	2	62.886753143	62.887750875	3230.300	6460.700	3531.445	3359.180
147	Spectrogram 1	2	62.887750875	62.888748608	3230.300	6460.700	3531.445	3359.180
148	Spectrogram 1	2	62.888748608	62.889746340	3230.300	6460.700	3531.445	3445.312
149	Spectrogram 1	2	62.889746340	62.890744073	3230.300	6460.700	3531.445	3445.312
150	Spectrogram 1	2	62.890744073	62.891741805	3230.300	6460.700	3531.445	3445.312
151	Spectrogram 1	2	62.891741805	62.892739537	3230.300	6460.700	3531.445	3445.312
152	Spectrogram 1	2	62.892739537	62.893737270	3230.300	6460.700	3531.445	3445.312
153	Spectrogram 1	2	62.893737270	62.894735002	3230.300	6460.700	4306.641	3789.844
154	Spectrogram 1	2	62.894735002	62.895732735	3230.300	6460.700	4306.641	3789.844
155	Spectrogram 1	2	62.895732735	62.896730467	3230.300	6460.700	4306.641	3789.844
156	Spectrogram 1	2	62.896730467	62.897728200	3230.300	6460.700	4306.641	3789.844
157	Spectrogram 1	2	62.897728200	62.898725932	3230.300	6460.700	4306.641	3789.844
158	Spectrogram 1	2	62.898725932	62.899723664	3230.300	6460.700	4306.641	3789.844
159	Spectrogram 1	2	62.899723664	62.900721397	3230.300	6460.700	4565.039	4478.906
160	Spectrogram 1	2	62.900721397	62.901719129	3230.300	6460.700	4565.039	4478.906
161	Spectrogram 1	2	62.901719129	62.902716862	3230.300	6460.700	4565.039	4478.906
162	Spectrogram 1	2	62.902716862	62.903714594	3230.300	6460.700	4565.039	4478.906
163	Spectrogram 1	2	62.903714594	62.904712326	3230.300	6460.700	4565.039	4478.906
164	Spectrogram 1	2	62.904712326	62.905710059	3230.300	6460.700	4565.039	4478.906
165	Spectrogram 1	2	62.905710059	62.906707791	3230.300	6460.700	4995.703	4995.703
166	Spectrogram 1	2	62.906707791	62.907705524	3230.300	6460.700	4995.703	4995.703
167	Spectrogram 1	2	62.907705524	62.908703256	3230.300	6460.700	4995.703	4995.703
168	Spectrogram 1	2	62.908703256	62.909700989	3230.300	6460.700	4995.703	4995.703
169	Spectrogram 1	2	62.909700989	62.910698721	3230.300	6460.700	4995.703	4995.703
170	Spectrogram 1	2	62.910698721	62.911696453	3230.300	6460.700	4995.703	4995.703
171	Spectrogram 1	2	62.911696453	62.912694186	3230.300	6460.700	4909.570	4823.438
172	Spectrogram 1	2	62.912694186	62.913691918	3230.300	6460.700	4909.570	4823.438
173	Spectrogram 1	2	62.913691918	62.914689651	3230.300	6460.700	4909.570	4823.438
174	Spectrogram 1	2	62.914689651	62.915687383	3230.300	6460.700	4909.570	4823.438
175	Spectrogram 1	2	62.915687383	62.916685116	3230.300	6460.700	4909.570	4823.438
176	Spectrogram 1	2	62.916685116	62.917682848	3230.300	6460.700	4909.570	4823.438
177	Spectrogram 1	2	62.917682848	62.918680580	3230.300	6460.700	4909.570	4909.570
178	Spectrogram 1	2	62.918680580	62.919678313	3230.300	6460.700	4909.570	4909.570
179	Spectrogram 1	2	62.919678313	62.920676045	3230.300	6460.700	4909.570	4909.570
180	Spectrogram 1	2	62.920676045	62.921673778	3230.300	6460.700	4909.570	4909.570
181	Spectrogram 1	2	62.921673778	62.922671510	3230.300	6460.700	4909.570	4909.570
182	Spectrogram 1	2	62.922671510	62.923669243	3230.300	6460.700	4909.570	4995.703
183	Spectrogram 1	2	62.923669243	62.924666975	3230.300	6460.700	4909.570	4995.703
184	Spectrogram 1	2	62.924666975	62.925664707	3230.300	6460.700	4909.570	4995.703
185	Spectrogram 1	2	62.925664707	62.926662440	3230.300	6460.700	4909.570	4995.703
186	Spectrogram 1	2	62.926662440	62.927660172	3230.300	6460.700	4909.570	4995.703
187	Spectrogram 1	2	62.927660172	62.928657905	3230.300	6460.700	4909.570	4995.703
188	Spectrogram 1	2	62.928657905	62.929655637	3230.300	6460.700	5081.836	5081.836
189	Spectrogram 1	2	62.929655637	62.930653370	3230.300	6460.700	5081.836	5081.836
190	Spectrogram 1	2	62.930653370	62.931651102	3230.300	6460.700	5081.836	5081.836
191	Spectrogram 1	2	62.931651102	62.932648834	3230.300	6460.700	5081.836	5081.836
192	Spectrogram 1	2	62.932648834	62.933646567	3230.300	6460.700	5081.836	5081.836
193	Spectrogram 1	2	62.933646567	62.934644299	3230.300	6460.700	5081.836	5081.836
194	Spectrogram 1	2	62.934644299	62.935642032	3230.300	6460.700	5081.836	5081.836
195	Spectrogram 1	2	62.935642032	62.936639764	3230.300	6460.700	5081.836	5081.836
196	Spectrogram 1	2	62.936639764	62.937637497	3230.300	6460.700	5081.836	5081.836
197	Spectrogram 1	2	62.937637497	62.938635229	3230.300	6460.700	5081.836	5081.836
198	Spectrogram 1	2	62.938635229	62.939632961	3230.300	6460.700	5081.836	5081.836
199	Spectrogram 1	2	62.939632961	62.940630694	3230.300	6460.700	5081.836	5081.836
200	Spectrogram 1	2	62.940630694	62.941628426	3230.300	6460.700	5340.234	5426.367
201	Spectrogram 1	2	62.941628426	62.942626159	3230.300	6460.700	5340.234	5426.367
202	Spectrogram 1	2	62.942626159	62.943623891	3230.300	6460.700	5340.234	5426.367
203	Spectrogram 1	2	62.943623891	62.944621624	3230.300	6460.700	5340.234	5426.367
204	Spectrogram 1	2	62.944621624	62.945619356	3230.300	6460.700	5340.234	5426.367
205	Spectrogram 1	2	62.945619356	62.946617088	3230.300	6460.700	5340.234	5426.367
206	Spectrogram 1	2	62.946617088	62.947614821	3230.300	6460.700	5598.633	5426.367
207	Spectrogram 1	2	62.947614821	62.948612553	3230.300	6460.700	5598.633	5426.367
208	Spectrogram 1	2	62.948612553	62.949610286	3230.300	6460.700	5598.633	5426.367
209	Spectrogram 1	2	62.949610286	62.950608018	3230.300	6460.700	5598.633	5426.367
210	Spectrogram 1	2	62.950608018	62.951605751	3230.300	6460.700	5598.633	5426.367
211	Spectrogram 1	2	62.951605751	62.952603483	3230.300	6460.700	5598.633	5426.367
212	Spectrogram 1	2	62.952603483	62.953601215	3230.300	6460.700	5857.031	6287.695
213	Spectrogram 1	2	62.953601215	62.954598948	3230.300	6460.700	5857.031	6287.695
214	Spectrogram 1	2	62.954598948	62.955596680	3230.300	6460.700	5857.031	6287.695
215	Spectrogram 1	2	62.955596680	62.956594413	3230.300	6460.700	5857.031	6287.695
216	Spectrogram 1	2	62.956594413	62.957592145	3230.300	6460.700	5857.031	6287.695
217	Spectrogram 1	2	62.957592145	62.958589878	3230.300	6460.700	5684.766	4995.703
218	Spectrogram 1	2	62.958589878	62.959587610	3230.300	6460.700	5684.766	4995.703
219	Spectrogram 1	2	62.959587610	62.960585342	3230.300	6460.700	5684.766	4995.703
220	Spectrogram 1	2	62.960585342	62.961583075	3230.300	6460.700	5684.766	4995.703
221	Spectrogram 1	2	62.961583075	62.962580807	3230.300	6460.700	5684.766	4995.703
222	Spectrogram 1	2	62.962580807	62.963578540	3230.300	6460.700	5684.766	4995.703
223	Spectrogram 1	2	62.963578540	62.964576272	3230.300	6460.700	5426.367	5081.836
224	Spectrogram 1	2	62.964576272	62.965574004	3230.300	6460.700	5426.367	5081.836
225	Spectrogram 1	2	62.965574004	62.966571737	3230.300	6460.700	5426.367	5081.836
226	Spectrogram 1	2	62.966571737	62.967569469	3230.300	6460.700	5426.367	5081.836
227	Spectrogram 1	2	62.967569469	62.968567202	3230.300	6460.700	5426.367	5081.836
228	Spectrogram 1	2	62.968567202	62.969564934	3230.300	6460.700	5426.367	5081.836
229	Spectrogram 1	2	62.969564934	62.970562667	3230.300	6460.700	5426.367	5512.500
230	Spectrogram 1	2	62.970562667	62.971560399	3230.300	6460.700	5426.367	5512.500
231	Spectrogram 1	2	62.971560399	62.972558131	3230.300	6460.700	5426.367	5512.500
232	Spectrogram 1	2	62.972558131	62.973555864	3230.300	6460.700	5426.367	5512.500
233	Spectrogram 1	2	62.973555864	62.974553596	3230.300	6460.700	5426.367	5512.500
234	Spectrogram 1	2	62.974553596	62.975551329	3230.300	6460.700	5426.367	5512.500
235	Spectrogram 1	2	62.975551329	62.976549061	3230.300	6460.700	4823.438	4823.438
236	Spectrogram 1	2	62.976549061	62.977546794	3230.300	6460.700	4823.438	4823.438
237	Spectrogram 1	2	62.977546794	62.978544526	3230.300	6460.700	4823.438	4823.438
238	Spectrogram 1	2	62.978544526	62.979542258	3230.300	6460.700	4823.438	4823.438
239	Spectrogram 1	2	62.979542258	62.980539991	3230.300	6460.700	4823.438	4823.438
240	Spectrogram 1	2	62.980539991	62.981537723	3230.300	6460.700	4823.438	4823.438
241	Spectrogram 1	2	62.981537723	62.982535456	3230.300	6460.700	4909.570	4306.641
242	Spectrogram 1	2	62.982535456	62.983533188	3230.300	6460.700	4909.570	4306.641
243	Spectrogram 1	2	62.983533188	62.984530921	3230.300	6460.700	4909.570	4306.641
244	Spectrogram 1	2	62.984530921	62.985528653	3230.300	6460.700	4909.570	4306.641
245	Spectrogram 1	2	62.985528653	62.986526385	3230.300	6460.700	4909.570	4306.641
246	Spectrogram 1	2	62.986526385	62.986812672	3230.300	6460.700	4909.570	4306.641
