Selection	View	Channel	Begin Time (s)	End Time (s)	Low Freq (Hz)	High Freq (Hz)	Center Freq (Hz)	Peak Freq (Hz)
1	Spectrogram 1	1	33.879717350	33.880717350	2648.300	6626.866	6375.000	6375.000
2	Spectrogram 1	1	33.880717350	33.881717350	2648.300	6626.866	6375.000	6375.000
3	Spectrogram 1	1	33.881717350	33.882717350	2648.300	6626.866	6375.000	6375.000
4	Spectrogram 1	1	33.882717350	33.883717350	2648.300	6626.866	6375.000	6375.000
5	Spectrogram 1	1	33.883717350	33.884717350	2648.300	6626.866	6375.000	6375.000
6	Spectrogram 1	1	33.884717350	33.885717350	2648.300	6626.866	6375.000	6375.000
7	Spectrogram 1	1	33.885717350	33.886717350	2648.300	6626.866	6093.750	6281.250
8	Spectrogram 1	1	33.886717350	33.887717350	2648.300	6626.866	6093.750	6281.250
9	Spectrogram 1	1	33.887717350	33.888717350	2648.300	6626.866	6093.750	6281.250
10	Spectrogram 1	1	33.888717350	33.889717350	2648.300	6626.866	6093.750	6281.250
11	Spectrogram 1	1	33.889717350	33.890717350	2648.300	6626.866	6093.750	6281.250
12	Spectrogram 1	1	33.890717350	33.891717350	2648.300	6626.866	4875.000	4875.000
13	Spectrogram 1	1	33.891717350	33.892717350	2648.300	6626.866	4875.000	4875.000
14	Spectrogram 1	1	33.892717350	33.893717350	2648.300	6626.866	4875.000	4875.000
15	Spectrogram 1	1	33.893717350	33.894717350	2648.300	6626.866	4875.000	4875.000
16	Spectrogram 1	1	33.894717350	33.895717350	2648.300	6626.866	4875.000	4875.000
17	Spectrogram 1	1	33.895717350	33.896717350	2648.300	6626.866	4781.250	4687.500
18	Spectrogram 1	1	33.896717350	33.897717350	2648.300	6626.866	4781.250	4687.500
19	Spectrogram 1	1	33.897717350	33.898717350	2648.300	6626.866	4781.250	4687.500
20	Spectrogram 1	1	33.898717350	33.899717350	2648.300	6626.866	4781.250	4687.500
21	Spectrogram 1	1	33.899717350	33.900717350	2648.300	6626.866	4781.250	4687.500
22	Spectrogram 1	1	33.900717350	33.901717350	2648.300	6626.866	4781.250	4687.500
23	Spectrogram 1	1	33.901717350	33.902717350	2648.300	6626.866	4968.750	4968.750
24	Spectrogram 1	1	33.902717350	33.903717350	2648.300	6626.866	4968.750	4968.750
25	Spectrogram 1	1	33.903717350	33.904717350	2648.300	6626.866	4968.750	4968.750
26	Spectrogram 1	1	33.904717350	33.905717350	2648.300	6626.866	4968.750	4968.750
27	Spectrogram 1	1	33.905717350	33.906717350	2648.300	6626.866	4968.750	4968.750
28	Spectrogram 1	1	33.906717350	33.907717350	2648.300	6626.866	5343.750	5437.500
29	Spectrogram 1	1	33.907717350	33.908717350	2648.300	6626.866	5343.750	5437.500
30	Spectrogram 1	1	33.908717350	33.909717350	2648.300	6626.866	5343.750	5437.500
31	Spectrogram 1	1	33.909717350	33.910717350	2648.300	6626.866	5343.750	5437.500
32	Spectrogram 1	1	33.910717350	33.911717350	2648.300	6626.866	5343.750	5437.500
33	Spectrogram 1	1	33.911717350	33.912717350	2648.300	6626.866	5250.000	5250.000
34	Spectrogram 1	1	33.912717350	33.913717350	2648.300	6626.866	5250.000	5250.000
35	Spectrogram 1	1	33.913717350	33.914717350	2648.300	6626.866	5250.000	5250.000
36	Spectrogram 1	1	33.914717350	33.915717350	2648.300	6626.866	5250.000	5250.000
37	Spectrogram 1	1	33.915717350	33.916717350	2648.300	6626.866	5250.000	5250.000
38	Spectrogram 1	1	33.916717350	33.917717350	2648.300	6626.866	5250.000	5250.000
39	Spectrogram 1	1	33.917717350	33.918717350	2648.300	6626.866	4875.000	4968.750
40	Spectrogram 1	1	33.918717350	33.919717350	2648.300	6626.866	4875.000	4968.750
41	Spectrogram 1	1	33.919717350	33.920717350	2648.300	6626.866	4875.000	4968.750
42	Spectrogram 1	1	33.920717350	33.921717350	2648.300	6626.866	4875.000	4968.750
43	Spectrogram 1	1	33.921717350	33.922717350	2648.300	6626.866	4875.000	4968.750
44	Spectrogram 1	1	33.922717350	33.923717350	2648.300	6626.866	4968.750	5062.500
45	Spectrogram 1	1	33.923717350	33.924717350	2648.300	6626.866	4968.750	5062.500
46	Spectrogram 1	1	33.924717350	33.925717350	2648.300	6626.866	4968.750	5062.500
47	Spectrogram 1	1	33.925717350	33.926717350	2648.300	6626.866	4968.750	5062.500
48	Spectrogram 1	1	33.926717350	33.927717350	2648.300	6626.866	4968.750	5062.500
49	Spectrogram 1	1	33.927717350	33.928717350	2648.300	6626.866	4218.750	4218.750
50	Spectrogram 1	1	33.928717350	33.929717350	2648.300	6626.866	4218.750	4218.750
51	Spectrogram 1	1	33.929717350	33.930717350	2648.300	6626.866	4218.750	4218.750
52	Spectrogram 1	1	33.930717350	33.931717350	2648.300	6626.866	4218.750	4218.750
53	Spectrogram 1	1	33.931717350	33.932717350	2648.300	6626.866	4218.750	4218.750
54	Spectrogram 1	1	33.932717350	33.933717350	2648.300	6626.866	4218.750	4218.750
55	Spectrogram 1	1	33.933717350	33.934717350	2648.300	6626.866	4593.750	3937.500
56	Spectrogram 1	1	33.934717350	33.935717350	2648.300	6626.866	4593.750	3937.500
57	Spectrogram 1	1	33.935717350	33.936717350	2648.300	6626.866	4593.750	3937.500
58	Spectrogram 1	1	33.936717350	33.937717350	2648.300	6626.866	4593.750	3937.500
59	Spectrogram 1	1	33.937717350	33.938717350	2648.300	6626.866	4593.750	3937.500
60	Spectrogram 1	1	33.938717350	33.939717350	2648.300	6626.866	3843.750	3843.750
61	Spectrogram 1	1	33.939717350	33.940717350	2648.300	6626.866	3843.750	3843.750
62	Spectrogram 1	1	33.940717350	33.941717350	2648.300	6626.866	3843.750	3843.750
63	Spectrogram 1	1	33.941717350	33.942717350	2648.300	6626.866	3843.750	3843.750
64	Spectrogram 1	1	33.942717350	33.943717350	2648.300	6626.866	3843.750	3843.750
65	Spectrogram 1	1	33.943717350	33.944717350	2648.300	6626.866	4125.000	3562.500
66	Spectrogram 1	1	33.944717350	33.945717350	2648.300	6626.866	4125.000	3562.500
67	Spectrogram 1	1	33.945717350	33.946717350	2648.300	6626.866	4125.000	3562.500
68	Spectrogram 1	1	33.946717350	33.947717350	2648.300	6626.866	4125.000	3562.500
69	Spectrogram 1	1	33.947717350	33.948717350	2648.300	6626.866	4125.000	3562.500
70	Spectrogram 1	1	33.948717350	33.949717350	2648.300	6626.866	4125.000	3562.500
71	Spectrogram 1	1	33.949717350	33.950717350	2648.300	6626.866	3750.000	3562.500
72	Spectrogram 1	1	33.950717350	33.951717350	2648.300	6626.866	3750.000	3562.500
73	Spectrogram 1	1	33.951717350	33.952717350	2648.300	6626.866	3750.000	3562.500
74	Spectrogram 1	1	33.952717350	33.953717350	2648.300	6626.866	3750.000	3562.500
75	Spectrogram 1	1	33.953717350	33.954717350	2648.300	6626.866	3750.000	3562.500
76	Spectrogram 1	1	33.954717350	33.955717350	2648.300	6626.866	4031.250	3562.500
77	Spectrogram 1	1	33.955717350	33.956717350	2648.300	6626.866	4031.250	3562.500
78	Spectrogram 1	1	33.956717350	33.957717350	2648.300	6626.866	4031.250	3562.500
79	Spectrogram 1	1	33.957717350	33.958717350	2648.300	6626.866	4031.250	3562.500
80	Spectrogram 1	1	33.958717350	33.959717350	2648.300	6626.866	4031.250	3562.500
81	Spectrogram 1	1	33.959717350	33.960717350	2648.300	6626.866	3656.250	3656.250
82	Spectrogram 1	1	33.960717350	33.961717350	2648.300	6626.866	3656.250	3656.250
83	Spectrogram 1	1	33.961717350	33.962717350	2648.300	6626.866	3656.250	3656.250
84	Spectrogram 1	1	33.962717350	33.963717350	2648.300	6626.866	3656.250	3656.250
85	Spectrogram 1	1	33.963717350	33.964717350	2648.300	6626.866	3656.250	3656.250
86	Spectrogram 1	1	33.964717350	33.965717350	2648.300	6626.866	3656.250	3656.250
87	Spectrogram 1	1	33.965717350	33.966717350	2648.300	6626.866	3843.750	3656.250
88	Spectrogram 1	1	33.966717350	33.967717350	2648.300	6626.866	3843.750	3656.250
89	Spectrogram 1	1	33.967717350	33.968717350	2648.300	6626.866	3843.750	3656.250
90	Spectrogram 1	1	33.968717350	33.969717350	2648.300	6626.866	3843.750	3656.250
91	Spectrogram 1	1	33.969717350	33.970717350	2648.300	6626.866	3843.750	3656.250
92	Spectrogram 1	1	33.970717350	33.971717350	2648.300	6626.866	4125.000	4125.000
93	Spectrogram 1	1	33.971717350	33.972717350	2648.300	6626.866	4125.000	4125.000
94	Spectrogram 1	1	33.972717350	33.973717350	2648.300	6626.866	4125.000	4125.000
95	Spectrogram 1	1	33.973717350	33.974717350	2648.300	6626.866	4125.000	4125.000
96	Spectrogram 1	1	33.974717350	33.975717350	2648.300	6626.866	4125.000	4125.000
97	Spectrogram 1	1	33.975717350	33.976717350	2648.300	6626.866	4125.000	4125.000
98	Spectrogram 1	1	33.976717350	33.977717350	2648.300	6626.866	4125.000	4125.000
99	Spectrogram 1	1	33.977717350	33.978717350	2648.300	6626.866	4125.000	4125.000
100	Spectrogram 1	1	33.978717350	33.979717350	2648.300	6626.866	4125.000	4125.000
101	Spectrogram 1	1	33.979717350	33.980717350	2648.300	6626.866	4125.000	4125.000
102	Spectrogram 1	1	33.980717350	33.981717350	2648.300	6626.866	4125.000	4125.000
103	Spectrogram 1	1	33.981717350	33.982717350	2648.300	6626.866	3937.500	3843.750
104	Spectrogram 1	1	33.982717350	33.983717350	2648.300	6626.866	3937.500	3843.750
105	Spectrogram 1	1	33.983717350	33.984717350	2648.300	6626.866	3937.500	3843.750
106	Spectrogram 1	1	33.984717350	33.985717350	2648.300	6626.866	3937.500	3843.750
107	Spectrogram 1	1	33.985717350	33.986717350	2648.300	6626.866	3937.500	3843.750
108	Spectrogram 1	1	33.986717350	33.987717350	2648.300	6626.866	4218.750	4218.750
109	Spectrogram 1	1	33.987717350	33.988717350	2648.300	6626.866	4218.750	4218.750
110	Spectrogram 1	1	33.988717350	33.989717350	2648.300	6626.866	4218.750	4218.750
111	Spectrogram 1	1	33.989717350	33.990717350	2648.300	6626.866	4218.750	4218.750
112	Spectrogram 1	1	33.990717350	33.991717350	2648.300	6626.866	4218.750	4218.750
113	Spectrogram 1	1	33.991717350	33.992717350	2648.300	6626.866	4125.000	4031.250
114	Spectrogram 1	1	33.992717350	33.993717350	2648.300	6626.866	4125.000	4031.250
115	Spectrogram 1	1	33.993717350	33.994717350	2648.300	6626.866	4125.000	4031.250
116	Spectrogram 1	1	33.994717350	33.995717350	2648.300	6626.866	4125.000	4031.250
117	Spectrogram 1	1	33.995717350	33.996717350	2648.300	6626.866	4125.000	4031.250
118	Spectrogram 1	1	33.996717350	33.997717350	2648.300	6626.866	4125.000	4031.250
119	Spectrogram 1	1	33.997717350	33.998717350	2648.300	6626.866	4125.000	2906.250
120	Spectrogram 1	1	33.998717350	33.999717350	2648.300	6626.866	4125.000	2906.250
121	Spectrogram 1	1	33.999717350	34.000717350	2648.300	6626.866	4125.000	2906.250
122	Spectrogram 1	1	34.000717350	34.001717350	2648.300	6626.866	4125.000	2906.250
123	Spectrogram 1	1	34.001717350	34.002717350	2648.300	6626.866	4125.000	2906.250
124	Spectrogram 1	1	34.002717350	34.003717350	2648.300	6626.866	3843.750	3093.750
125	Spectrogram 1	1	34.003717350	34.004717350	2648.300	6626.866	3843.750	3093.750
126	Spectrogram 1	1	34.004717350	34.005717350	2648.300	6626.866	3843.750	3093.750
127	Spectrogram 1	1	34.005717350	34.006717350	2648.300	6626.866	3843.750	3093.750
128	Spectrogram 1	1	34.006717350	34.007717350	2648.300	6626.866	3843.750	3093.750
129	Spectrogram 1	1	34.007717350	34.008717350	2648.300	6626.866	3562.500	3093.750
130	Spectrogram 1	1	34.008717350	34.009717350	2648.300	6626.866	3562.500	3093.750
131	Spectrogram 1	1	34.009717350	34.010717350	2648.300	6626.866	3562.500	3093.750
132	Spectrogram 1	1	34.010717350	34.011717350	2648.300	6626.866	3562.500	3093.750
133	Spectrogram 1	1	34.011717350	34.012717350	2648.300	6626.866	3562.500	3093.750
134	Spectrogram 1	1	34.012717350	34.013717350	2648.300	6626.866	3562.500	3093.750
135	Spectrogram 1	1	34.013717350	34.014717350	2648.300	6626.866	4031.250	3000.000
136	Spectrogram 1	1	34.014717350	34.015717350	2648.300	6626.866	4031.250	3000.000
137	Spectrogram 1	1	34.015717350	34.016717350	2648.300	6626.866	4031.250	3000.000
138	Spectrogram 1	1	34.016717350	34.017717350	2648.300	6626.866	4031.250	3000.000
139	Spectrogram 1	1	34.017717350	34.018717350	2648.300	6626.866	4031.250	3000.000
140	Spectrogram 1	1	34.018717350	34.019717350	2648.300	6626.866	4218.750	4031.250
141	Spectrogram 1	1	34.019717350	34.020717350	2648.300	6626.866	4218.750	4031.250
142	Spectrogram 1	1	34.020717350	34.021717350	2648.300	6626.866	4218.750	4031.250
143	Spectrogram 1	1	34.021717350	34.022717350	2648.300	6626.866	4218.750	4031.250
144	Spectrogram 1	1	34.022717350	34.023717350	2648.300	6626.866	4218.750	4031.250
145	Spectrogram 1	1	34.023717350	34.024717350	2648.300	6626.866	4125.000	4125.000
146	Spectrogram 1	1	34.024717350	34.025717350	2648.300	6626.866	4125.000	4125.000
147	Spectrogram 1	1	34.025717350	34.026717350	2648.300	6626.866	4125.000	4125.000
148	Spectrogram 1	1	34.026717350	34.027717350	2648.300	6626.866	4125.000	4125.000
149	Spectrogram 1	1	34.027717350	34.028717350	2648.300	6626.866	4125.000	4125.000
150	Spectrogram 1	1	34.028717350	34.029717350	2648.300	6626.866	4125.000	4125.000
151	Spectrogram 1	1	34.029717350	34.030717350	2648.300	6626.866	4125.000	4125.000
152	Spectrogram 1	1	34.030717350	34.031717350	2648.300	6626.866	4125.000	4125.000
153	Spectrogram 1	1	34.031717350	34.032717350	2648.300	6626.866	4125.000	4125.000
154	Spectrogram 1	1	34.032717350	34.033717350	2648.300	6626.866	4125.000	4125.000
155	Spectrogram 1	1	34.033717350	34.034717350	2648.300	6626.866	4125.000	4125.000
156	Spectrogram 1	1	34.034717350	34.035717350	2648.300	6626.866	4125.000	3843.750
157	Spectrogram 1	1	34.035717350	34.036717350	2648.300	6626.866	4125.000	3843.750
158	Spectrogram 1	1	34.036717350	34.037717350	2648.300	6626.866	4125.000	3843.750
159	Spectrogram 1	1	34.037717350	34.038717350	2648.300	6626.866	4125.000	3843.750
160	Spectrogram 1	1	34.038717350	34.039717350	2648.300	6626.866	4125.000	3843.750
161	Spectrogram 1	1	34.039717350	34.040717350	2648.300	6626.866	4312.500	4500.000
162	Spectrogram 1	1	34.040717350	34.041717350	2648.300	6626.866	4312.500	4500.000
163	Spectrogram 1	1	34.041717350	34.042717350	2648.300	6626.866	4312.500	4500.000
164	Spectrogram 1	1	34.042717350	34.043717350	2648.300	6626.866	4312.500	4500.000
165	Spectrogram 1	1	34.043717350	34.044717350	2648.300	6626.866	4312.500	4500.000
166	Spectrogram 1	1	34.044717350	34.045717350	2648.300	6626.866	4312.500	4500.000
167	Spectrogram 1	1	34.045717350	34.046717350	2648.300	6626.866	4781.250	4781.250
168	Spectrogram 1	1	34.046717350	34.047717350	2648.300	6626.866	4781.250	4781.250
169	Spectrogram 1	1	34.047717350	34.048717350	2648.300	6626.866	4781.250	4781.250
170	Spectrogram 1	1	34.048717350	34.049717350	2648.300	6626.866	4781.250	4781.250
171	Spectrogram 1	1	34.049717350	34.050717350	2648.300	6626.866	4781.250	4781.250
172	Spectrogram 1	1	34.050717350	34.051717350	2648.300	6626.866	4968.750	4968.750
173	Spectrogram 1	1	34.051717350	34.052717350	2648.300	6626.866	4968.750	4968.750
174	Spectrogram 1	1	34.052717350	34.053717350	2648.300	6626.866	4968.750	4968.750
175	Spectrogram 1	1	34.053717350	34.054717350	2648.300	6626.866	4968.750	4968.750
176	Spectrogram 1	1	34.054717350	34.055717350	2648.300	6626.866	4968.750	4968.750
177	Spectrogram 1	1	34.055717350	34.056717350	2648.300	6626.866	5062.500	5062.500
178	Spectrogram 1	1	34.056717350	34.057717350	2648.300	6626.866	5062.500	5062.500
179	Spectrogram 1	1	34.057717350	34.058717350	2648.300	6626.866	5062.500	5062.500
180	Spectrogram 1	1	34.058717350	34.059717350	2648.300	6626.866	5062.500	5062.500
181	Spectrogram 1	1	34.059717350	34.060717350	2648.300	6626.866	5062.500	5062.500
182	Spectrogram 1	1	34.060717350	34.061717350	2648.300	6626.866	5062.500	5062.500
183	Spectrogram 1	1	34.061717350	34.062717350	2648.300	6626.866	5062.500	5062.500
184	Spectrogram 1	1	34.062717350	34.063717350	2648.300	6626.866	5062.500	5062.500
185	Spectrogram 1	1	34.063717350	34.064717350	2648.300	6626.866	5062.500	5062.500
186	Spectrogram 1	1	34.064717350	34.065717350	2648.300	6626.866	5062.500	5062.500
187	Spectrogram 1	1	34.065717350	34.066717350	2648.300	6626.866	5062.500	5062.500
188	Spectrogram 1	1	34.066717350	34.067717350	2648.300	6626.866	5062.500	5062.500
189	Spectrogram 1	1	34.067717350	34.068717350	2648.300	6626.866	5062.500	5062.500
190	Spectrogram 1	1	34.068717350	34.069717350	2648.300	6626.866	5062.500	5062.500
191	Spectrogram 1	1	34.069717350	34.070717350	2648.300	6626.866	5062.500	5062.500
192	Spectrogram 1	1	34.070717350	34.071717350	2648.300	6626.866	5062.500	5062.500
193	Spectrogram 1	1	34.071717350	34.072717350	2648.300	6626.866	5062.500	5062.500
194	Spectrogram 1	1	34.072717350	34.073717350	2648.300	6626.866	5062.500	5062.500
195	Spectrogram 1	1	34.073717350	34.074717350	2648.300	6626.866	5062.500	5062.500
196	Spectrogram 1	1	34.074717350	34.075717350	2648.300	6626.866	5062.500	5062.500
197	Spectrogram 1	1	34.075717350	34.076717350	2648.300	6626.866	5062.500	5062.500
198	Spectrogram 1	1	34.076717350	34.077717350	2648.300	6626.866	5062.500	5062.500
199	Spectrogram 1	1	34.077717350	34.078717350	2648.300	6626.866	5062.500	5062.500
200	Spectrogram 1	1	34.078717350	34.079717350	2648.300	6626.866	5062.500	5062.500
201	Spectrogram 1	1	34.079717350	34.080717350	2648.300	6626.866	5062.500	5062.500
202	Spectrogram 1	1	34.080717350	34.081717350	2648.300	6626.866	5062.500	5062.500
203	Spectrogram 1	1	34.081717350	34.082717350	2648.300	6626.866	5062.500	5062.500
204	Spectrogram 1	1	34.082717350	34.083717350	2648.300	6626.866	5156.250	5156.250
205	Spectrogram 1	1	34.083717350	34.084717350	2648.300	6626.866	5156.250	5156.250
206	Spectrogram 1	1	34.084717350	34.085717350	2648.300	6626.866	5156.250	5156.250
207	Spectrogram 1	1	34.085717350	34.086717350	2648.300	6626.866	5156.250	5156.250
208	Spectrogram 1	1	34.086717350	34.087717350	2648.300	6626.866	5156.250	5156.250
209	Spectrogram 1	1	34.087717350	34.088717350	2648.300	6626.866	5343.750	5437.500
210	Spectrogram 1	1	34.088717350	34.089717350	2648.300	6626.866	5343.750	5437.500
211	Spectrogram 1	1	34.089717350	34.090717350	2648.300	6626.866	5343.750	5437.500
212	Spectrogram 1	1	34.090717350	34.091717350	2648.300	6626.866	5343.750	5437.500
213	Spectrogram 1	1	34.091717350	34.092717350	2648.300	6626.866	5343.750	5437.500
214	Spectrogram 1	1	34.092717350	34.093717350	2648.300	6626.866	5343.750	5437.500
215	Spectrogram 1	1	34.093717350	34.094717350	2648.300	6626.866	5625.000	5625.000
216	Spectrogram 1	1	34.094717350	34.095717350	2648.300	6626.866	5625.000	5625.000
217	Spectrogram 1	1	34.095717350	34.096717350	2648.300	6626.866	5625.000	5625.000
218	Spectrogram 1	1	34.096717350	34.097717350	2648.300	6626.866	5625.000	5625.000
219	Spectrogram 1	1	34.097717350	34.098717350	2648.300	6626.866	5625.000	5625.000
220	Spectrogram 1	1	34.098717350	34.099717350	2648.300	6626.866	5531.250	5531.250
221	Spectrogram 1	1	34.099717350	34.100717350	2648.300	6626.866	5531.250	5531.250
222	Spectrogram 1	1	34.100717350	34.101717350	2648.300	6626.866	5531.250	5531.250
223	Spectrogram 1	1	34.101717350	34.102717350	2648.300	6626.866	5531.250	5531.250
224	Spectrogram 1	1	34.102717350	34.103717350	2648.300	6626.866	5531.250	5531.250
225	Spectrogram 1	1	34.103717350	34.104717350	2648.300	6626.866	5531.250	5531.250
226	Spectrogram 1	1	34.104717350	34.105717350	2648.300	6626.866	5531.250	5531.250
227	Spectrogram 1	1	34.105717350	34.106717350	2648.300	6626.866	5531.250	5531.250
228	Spectrogram 1	1	34.106717350	34.107717350	2648.300	6626.866	5531.250	5531.250
229	Spectrogram 1	1	34.107717350	34.108717350	2648.300	6626.866	5531.250	5531.250
230	Spectrogram 1	1	34.108717350	34.109717350	2648.300	6626.866	5531.250	5531.250
231	Spectrogram 1	1	34.109717350	34.110717350	2648.300	6626.866	4968.750	4968.750
232	Spectrogram 1	1	34.110717350	34.111717350	2648.300	6626.866	4968.750	4968.750
233	Spectrogram 1	1	34.111717350	34.112717350	2648.300	6626.866	4968.750	4968.750
234	Spectrogram 1	1	34.112717350	34.113717350	2648.300	6626.866	4968.750	4968.750
235	Spectrogram 1	1	34.113717350	34.114717350	2648.300	6626.866	4968.750	4968.750
236	Spectrogram 1	1	34.114717350	34.115717350	2648.300	6626.866	4875.000	4687.500
237	Spectrogram 1	1	34.115717350	34.116717350	2648.300	6626.866	4875.000	4687.500
238	Spectrogram 1	1	34.116717350	34.117717350	2648.300	6626.866	4875.000	4687.500
239	Spectrogram 1	1	34.117717350	34.118717350	2648.300	6626.866	4875.000	4687.500
240	Spectrogram 1	1	34.118717350	34.119717350	2648.300	6626.866	4875.000	4687.500
241	Spectrogram 1	1	34.119717350	34.120717350	2648.300	6626.866	4875.000	5156.250
242	Spectrogram 1	1	34.120717350	34.121717350	2648.300	6626.866	4875.000	5156.250
243	Spectrogram 1	1	34.121717350	34.122717350	2648.300	6626.866	4875.000	5156.250
244	Spectrogram 1	1	34.122717350	34.123717350	2648.300	6626.866	4875.000	5156.250
245	Spectrogram 1	1	34.123717350	34.124717350	2648.300	6626.866	4875.000	5156.250
246	Spectrogram 1	1	34.124717350	34.125717350	2648.300	6626.866	4875.000	5156.250
247	Spectrogram 1	1	34.125717350	34.126717350	2648.300	6626.866	4781.250	5906.250
248	Spectrogram 1	1	34.126717350	34.127717350	2648.300	6626.866	4781.250	5906.250
249	Spectrogram 1	1	34.127717350	34.128717350	2648.300	6626.866	4781.250	5906.250
250	Spectrogram 1	1	34.128717350	34.129717350	2648.300	6626.866	4781.250	5906.250
251	Spectrogram 1	1	34.129717350	34.130717350	2648.300	6626.866	4781.250	5906.250
252	Spectrogram 1	1	34.130717350	34.131717350	2648.300	6626.866	5250.000	4312.500
253	Spectrogram 1	1	34.131717350	34.132717350	2648.300	6626.866	5250.000	4312.500
254	Spectrogram 1	1	34.132717350	34.133717350	2648.300	6626.866	5250.000	4312.500
255	Spectrogram 1	1	34.133717350	34.134717350	2648.300	6626.866	5250.000	4312.500
256	Spectrogram 1	1	34.134717350	34.135497016	2648.300	6626.866	5250.000	4312.500
