Selection	View	Channel	Begin Time (s)	End Time (s)	Low Freq (Hz)	High Freq (Hz)	Center Freq (Hz)	Peak Freq (Hz)
1	Spectrogram 1	1	3.741285114	3.742282846	3033.900	6507.282	4995.703	4995.703
2	Spectrogram 1	1	3.742282846	3.743280579	3033.900	6507.282	4995.703	4995.703
3	Spectrogram 1	1	3.743280579	3.744278311	3033.900	6507.282	4995.703	4995.703
4	Spectrogram 1	1	3.744278311	3.745276044	3033.900	6507.282	4995.703	4995.703
5	Spectrogram 1	1	3.745276044	3.746273776	3033.900	6507.282	4995.703	4995.703
6	Spectrogram 1	1	3.746273776	3.747271509	3033.900	6507.282	4995.703	4995.703
7	Spectrogram 1	1	3.747271509	3.748269241	3033.900	6507.282	5426.367	5426.367
8	Spectrogram 1	1	3.748269241	3.749266973	3033.900	6507.282	5426.367	5426.367
9	Spectrogram 1	1	3.749266973	3.750264706	3033.900	6507.282	5426.367	5426.367
10	Spectrogram 1	1	3.750264706	3.751262438	3033.900	6507.282	5426.367	5426.367
11	Spectrogram 1	1	3.751262438	3.752260171	3033.900	6507.282	5426.367	5426.367
12	Spectrogram 1	1	3.752260171	3.753257903	3033.900	6507.282	5426.367	5426.367
13	Spectrogram 1	1	3.753257903	3.754255636	3033.900	6507.282	5598.633	5598.633
14	Spectrogram 1	1	3.754255636	3.755253368	3033.900	6507.282	5598.633	5598.633
15	Spectrogram 1	1	3.755253368	3.756251100	3033.900	6507.282	5598.633	5598.633
16	Spectrogram 1	1	3.756251100	3.757248833	3033.900	6507.282	5598.633	5598.633
17	Spectrogram 1	1	3.757248833	3.758246565	3033.900	6507.282	5598.633	5598.633
18	Spectrogram 1	1	3.758246565	3.759244298	3033.900	6507.282	5340.234	5340.234
19	Spectrogram 1	1	3.759244298	3.760242030	3033.900	6507.282	5340.234	5340.234
20	Spectrogram 1	1	3.760242030	3.761239763	3033.900	6507.282	5340.234	5340.234
21	Spectrogram 1	1	3.761239763	3.762237495	3033.900	6507.282	5340.234	5340.234
22	Spectrogram 1	1	3.762237495	3.763235227	3033.900	6507.282	5340.234	5340.234
23	Spectrogram 1	1	3.763235227	3.764232960	3033.900	6507.282	5340.234	5340.234
24	Spectrogram 1	1	3.764232960	3.765230692	3033.900	6507.282	5167.969	5167.969
25	Spectrogram 1	1	3.765230692	3.766228425	3033.900	6507.282	5167.969	5167.969
26	Spectrogram 1	1	3.766228425	3.767226157	3033.900	6507.282	5167.969	5167.969
27	Spectrogram 1	1	3.767226157	3.768223890	3033.900	6507.282	5167.969	5167.969
28	Spectrogram 1	1	3.768223890	3.769221622	3033.900	6507.282	5167.969	5167.969
29	Spectrogram 1	1	3.769221622	3.770219354	3033.900	6507.282	5167.969	5167.969
30	Spectrogram 1	1	3.770219354	3.771217087	3033.900	6507.282	4995.703	4909.570
31	Spectrogram 1	1	3.771217087	3.772214819	3033.900	6507.282	4995.703	4909.570
32	Spectrogram 1	1	3.772214819	3.773212552	3033.900	6507.282	4995.703	4909.570
33	Spectrogram 1	1	3.773212552	3.774210284	3033.900	6507.282	4995.703	4909.570
34	Spectrogram 1	1	3.774210284	3.775208016	3033.900	6507.282	4995.703	4909.570
35	Spectrogram 1	1	3.775208016	3.776205749	3033.900	6507.282	4995.703	4909.570
36	Spectrogram 1	1	3.776205749	3.777203481	3033.900	6507.282	4651.172	4651.172
37	Spectrogram 1	1	3.777203481	3.778201214	3033.900	6507.282	4651.172	4651.172
38	Spectrogram 1	1	3.778201214	3.779198946	3033.900	6507.282	4651.172	4651.172
39	Spectrogram 1	1	3.779198946	3.780196679	3033.900	6507.282	4651.172	4651.172
40	Spectrogram 1	1	3.780196679	3.781194411	3033.900	6507.282	4651.172	4651.172
41	Spectrogram 1	1	3.781194411	3.782192143	3033.900	6507.282	4651.172	4651.172
42	Spectrogram 1	1	3.782192143	3.783189876	3033.900	6507.282	4306.641	4306.641
43	Spectrogram 1	1	3.783189876	3.784187608	3033.900	6507.282	4306.641	4306.641
44	Spectrogram 1	1	3.784187608	3.785185341	3033.900	6507.282	4306.641	4306.641
45	Spectrogram 1	1	3.785185341	3.786183073	3033.900	6507.282	4306.641	4306.641
46	Spectrogram 1	1	3.786183073	3.787180806	3033.900	6507.282	4306.641	4306.641
47	Spectrogram 1	1	3.787180806	3.788178538	3033.900	6507.282	4306.641	4306.641
48	Spectrogram 1	1	3.788178538	3.789176270	3033.900	6507.282	4134.375	4134.375
49	Spectrogram 1	1	3.789176270	3.790174003	3033.900	6507.282	4134.375	4134.375
50	Spectrogram 1	1	3.790174003	3.791171735	3033.900	6507.282	4134.375	4134.375
51	Spectrogram 1	1	3.791171735	3.792169468	3033.900	6507.282	4134.375	4134.375
52	Spectrogram 1	1	3.792169468	3.793167200	3033.900	6507.282	4134.375	4134.375
53	Spectrogram 1	1	3.793167200	3.794164933	3033.900	6507.282	4220.508	3962.109
54	Spectrogram 1	1	3.794164933	3.795162665	3033.900	6507.282	4220.508	3962.109
55	Spectrogram 1	1	3.795162665	3.796160397	3033.900	6507.282	4220.508	3962.109
56	Spectrogram 1	1	3.796160397	3.797158130	3033.900	6507.282	4220.508	3962.109
57	Spectrogram 1	1	3.797158130	3.798155862	3033.900	6507.282	4220.508	3962.109
58	Spectrogram 1	1	3.798155862	3.799153595	3033.900	6507.282	4220.508	3962.109
59	Spectrogram 1	1	3.799153595	3.800151327	3033.900	6507.282	3962.109	3875.977
60	Spectrogram 1	1	3.800151327	3.801149060	3033.900	6507.282	3962.109	3875.977
61	Spectrogram 1	1	3.801149060	3.802146792	3033.900	6507.282	3962.109	3875.977
62	Spectrogram 1	1	3.802146792	3.803144524	3033.900	6507.282	3962.109	3875.977
63	Spectrogram 1	1	3.803144524	3.804142257	3033.900	6507.282	3962.109	3875.977
64	Spectrogram 1	1	3.804142257	3.805139989	3033.900	6507.282	3962.109	3875.977
65	Spectrogram 1	1	3.805139989	3.806137722	3033.900	6507.282	3962.109	3875.977
66	Spectrogram 1	1	3.806137722	3.807135454	3033.900	6507.282	3962.109	3875.977
67	Spectrogram 1	1	3.807135454	3.808133187	3033.900	6507.282	3962.109	3875.977
68	Spectrogram 1	1	3.808133187	3.809130919	3033.900	6507.282	3962.109	3875.977
69	Spectrogram 1	1	3.809130919	3.810128651	3033.900	6507.282	3962.109	3875.977
70	Spectrogram 1	1	3.810128651	3.811126384	3033.900	6507.282	3962.109	3875.977
71	Spectrogram 1	1	3.811126384	3.812124116	3033.900	6507.282	3962.109	3875.977
72	Spectrogram 1	1	3.812124116	3.813121849	3033.900	6507.282	3962.109	3875.977
73	Spectrogram 1	1	3.813121849	3.814119581	3033.900	6507.282	3962.109	3875.977
74	Spectrogram 1	1	3.814119581	3.815117314	3033.900	6507.282	3962.109	3875.977
75	Spectrogram 1	1	3.815117314	3.816115046	3033.900	6507.282	3962.109	3875.977
76	Spectrogram 1	1	3.816115046	3.817112778	3033.900	6507.282	3962.109	3875.977
77	Spectrogram 1	1	3.817112778	3.818110511	3033.900	6507.282	4048.242	4048.242
78	Spectrogram 1	1	3.818110511	3.819108243	3033.900	6507.282	4048.242	4048.242
79	Spectrogram 1	1	3.819108243	3.820105976	3033.900	6507.282	4048.242	4048.242
80	Spectrogram 1	1	3.820105976	3.821103708	3033.900	6507.282	4048.242	4048.242
81	Spectrogram 1	1	3.821103708	3.822101441	3033.900	6507.282	4048.242	4048.242
82	Spectrogram 1	1	3.822101441	3.823099173	3033.900	6507.282	4220.508	4306.641
83	Spectrogram 1	1	3.823099173	3.824096905	3033.900	6507.282	4220.508	4306.641
84	Spectrogram 1	1	3.824096905	3.825094638	3033.900	6507.282	4220.508	4306.641
85	Spectrogram 1	1	3.825094638	3.826092370	3033.900	6507.282	4220.508	4306.641
86	Spectrogram 1	1	3.826092370	3.827090103	3033.900	6507.282	4220.508	4306.641
87	Spectrogram 1	1	3.827090103	3.828087835	3033.900	6507.282	4220.508	4306.641
88	Spectrogram 1	1	3.828087835	3.829085568	3033.900	6507.282	4220.508	4220.508
89	Spectrogram 1	1	3.829085568	3.830083300	3033.900	6507.282	4220.508	4220.508
90	Spectrogram 1	1	3.830083300	3.831081032	3033.900	6507.282	4220.508	4220.508
91	Spectrogram 1	1	3.831081032	3.832078765	3033.900	6507.282	4220.508	4220.508
92	Spectrogram 1	1	3.832078765	3.833076497	3033.900	6507.282	4220.508	4220.508
93	Spectrogram 1	1	3.833076497	3.834074230	3033.900	6507.282	4220.508	4220.508
94	Spectrogram 1	1	3.834074230	3.835071962	3033.900	6507.282	4134.375	4048.242
95	Spectrogram 1	1	3.835071962	3.836069694	3033.900	6507.282	4134.375	4048.242
96	Spectrogram 1	1	3.836069694	3.837067427	3033.900	6507.282	4134.375	4048.242
97	Spectrogram 1	1	3.837067427	3.838065159	3033.900	6507.282	4134.375	4048.242
98	Spectrogram 1	1	3.838065159	3.839062892	3033.900	6507.282	4134.375	4048.242
99	Spectrogram 1	1	3.839062892	3.840060624	3033.900	6507.282	4134.375	4048.242
100	Spectrogram 1	1	3.840060624	3.841058357	3033.900	6507.282	3875.977	3875.977
101	Spectrogram 1	1	3.841058357	3.842056089	3033.900	6507.282	3875.977	3875.977
102	Spectrogram 1	1	3.842056089	3.843053821	3033.900	6507.282	3875.977	3875.977
103	Spectrogram 1	1	3.843053821	3.844051554	3033.900	6507.282	3875.977	3875.977
104	Spectrogram 1	1	3.844051554	3.845049286	3033.900	6507.282	3875.977	3875.977
105	Spectrogram 1	1	3.845049286	3.846047019	3033.900	6507.282	3875.977	3875.977
106	Spectrogram 1	1	3.846047019	3.847044751	3033.900	6507.282	3703.711	3703.711
107	Spectrogram 1	1	3.847044751	3.848042484	3033.900	6507.282	3703.711	3703.711
108	Spectrogram 1	1	3.848042484	3.849040216	3033.900	6507.282	3703.711	3703.711
109	Spectrogram 1	1	3.849040216	3.850037948	3033.900	6507.282	3703.711	3703.711
110	Spectrogram 1	1	3.850037948	3.851035681	3033.900	6507.282	3703.711	3703.711
111	Spectrogram 1	1	3.851035681	3.852033413	3033.900	6507.282	3703.711	3703.711
112	Spectrogram 1	1	3.852033413	3.853031146	3033.900	6507.282	3617.578	3531.445
113	Spectrogram 1	1	3.853031146	3.854028878	3033.900	6507.282	3617.578	3531.445
114	Spectrogram 1	1	3.854028878	3.855026611	3033.900	6507.282	3617.578	3531.445
115	Spectrogram 1	1	3.855026611	3.856024343	3033.900	6507.282	3617.578	3531.445
116	Spectrogram 1	1	3.856024343	3.857022075	3033.900	6507.282	3617.578	3531.445
117	Spectrogram 1	1	3.857022075	3.858019808	3033.900	6507.282	3445.312	3445.312
118	Spectrogram 1	1	3.858019808	3.859017540	3033.900	6507.282	3445.312	3445.312
119	Spectrogram 1	1	3.859017540	3.860015273	3033.900	6507.282	3445.312	3445.312
120	Spectrogram 1	1	3.860015273	3.861013005	3033.900	6507.282	3445.312	3445.312
121	Spectrogram 1	1	3.861013005	3.862010738	3033.900	6507.282	3445.312	3445.312
122	Spectrogram 1	1	3.862010738	3.863008470	3033.900	6507.282	3445.312	3445.312
123	Spectrogram 1	1	3.863008470	3.864006202	3033.900	6507.282	3703.711	3445.312
124	Spectrogram 1	1	3.864006202	3.865003935	3033.900	6507.282	3703.711	3445.312
125	Spectrogram 1	1	3.865003935	3.866001667	3033.900	6507.282	3703.711	3445.312
126	Spectrogram 1	1	3.866001667	3.866999400	3033.900	6507.282	3703.711	3445.312
127	Spectrogram 1	1	3.866999400	3.867997132	3033.900	6507.282	3703.711	3445.312
128	Spectrogram 1	1	3.867997132	3.868994865	3033.900	6507.282	3703.711	3445.312
129	Spectrogram 1	1	3.868994865	3.869992597	3033.900	6507.282	4048.242	4048.242
130	Spectrogram 1	1	3.869992597	3.870990329	3033.900	6507.282	4048.242	4048.242
131	Spectrogram 1	1	3.870990329	3.871988062	3033.900	6507.282	4048.242	4048.242
132	Spectrogram 1	1	3.871988062	3.872985794	3033.900	6507.282	4048.242	4048.242
133	Spectrogram 1	1	3.872985794	3.873983527	3033.900	6507.282	4048.242	4048.242
134	Spectrogram 1	1	3.873983527	3.874981259	3033.900	6507.282	4048.242	4048.242
135	Spectrogram 1	1	3.874981259	3.875978992	3033.900	6507.282	3703.711	3445.312
136	Spectrogram 1	1	3.875978992	3.876976724	3033.900	6507.282	3703.711	3445.312
137	Spectrogram 1	1	3.876976724	3.877974456	3033.900	6507.282	3703.711	3445.312
138	Spectrogram 1	1	3.877974456	3.878972189	3033.900	6507.282	3703.711	3445.312
139	Spectrogram 1	1	3.878972189	3.879969921	3033.900	6507.282	3703.711	3445.312
140	Spectrogram 1	1	3.879969921	3.880967654	3033.900	6507.282	3703.711	3445.312
141	Spectrogram 1	1	3.880967654	3.881965386	3033.900	6507.282	3962.109	4048.242
142	Spectrogram 1	1	3.881965386	3.882963119	3033.900	6507.282	3962.109	4048.242
143	Spectrogram 1	1	3.882963119	3.883960851	3033.900	6507.282	3962.109	4048.242
144	Spectrogram 1	1	3.883960851	3.884958583	3033.900	6507.282	3962.109	4048.242
145	Spectrogram 1	1	3.884958583	3.885956316	3033.900	6507.282	3962.109	4048.242
146	Spectrogram 1	1	3.885956316	3.886954048	3033.900	6507.282	4220.508	4220.508
147	Spectrogram 1	1	3.886954048	3.887951781	3033.900	6507.282	4220.508	4220.508
148	Spectrogram 1	1	3.887951781	3.888949513	3033.900	6507.282	4220.508	4220.508
149	Spectrogram 1	1	3.888949513	3.889947246	3033.900	6507.282	4220.508	4220.508
150	Spectrogram 1	1	3.889947246	3.890944978	3033.900	6507.282	4220.508	4220.508
151	Spectrogram 1	1	3.890944978	3.891942710	3033.900	6507.282	4220.508	4220.508
152	Spectrogram 1	1	3.891942710	3.892940443	3033.900	6507.282	4565.039	4565.039
153	Spectrogram 1	1	3.892940443	3.893938175	3033.900	6507.282	4565.039	4565.039
154	Spectrogram 1	1	3.893938175	3.894935908	3033.900	6507.282	4565.039	4565.039
155	Spectrogram 1	1	3.894935908	3.895933640	3033.900	6507.282	4565.039	4565.039
156	Spectrogram 1	1	3.895933640	3.896931373	3033.900	6507.282	4565.039	4565.039
157	Spectrogram 1	1	3.896931373	3.897929105	3033.900	6507.282	4565.039	4565.039
158	Spectrogram 1	1	3.897929105	3.898926837	3033.900	6507.282	4737.305	4737.305
159	Spectrogram 1	1	3.898926837	3.899924570	3033.900	6507.282	4737.305	4737.305
160	Spectrogram 1	1	3.899924570	3.900922302	3033.900	6507.282	4737.305	4737.305
161	Spectrogram 1	1	3.900922302	3.901920035	3033.900	6507.282	4737.305	4737.305
162	Spectrogram 1	1	3.901920035	3.902917767	3033.900	6507.282	4737.305	4737.305
163	Spectrogram 1	1	3.902917767	3.903915499	3033.900	6507.282	4737.305	4737.305
164	Spectrogram 1	1	3.903915499	3.904913232	3033.900	6507.282	4909.570	4909.570
165	Spectrogram 1	1	3.904913232	3.905910964	3033.900	6507.282	4909.570	4909.570
166	Spectrogram 1	1	3.905910964	3.906908697	3033.900	6507.282	4909.570	4909.570
167	Spectrogram 1	1	3.906908697	3.907906429	3033.900	6507.282	4909.570	4909.570
168	Spectrogram 1	1	3.907906429	3.908904162	3033.900	6507.282	4909.570	4909.570
169	Spectrogram 1	1	3.908904162	3.909901894	3033.900	6507.282	4909.570	4909.570
170	Spectrogram 1	1	3.909901894	3.910899626	3033.900	6507.282	4909.570	4995.703
171	Spectrogram 1	1	3.910899626	3.911897359	3033.900	6507.282	4909.570	4995.703
172	Spectrogram 1	1	3.911897359	3.912895091	3033.900	6507.282	4909.570	4995.703
173	Spectrogram 1	1	3.912895091	3.913892824	3033.900	6507.282	4909.570	4995.703
174	Spectrogram 1	1	3.913892824	3.914890556	3033.900	6507.282	4909.570	4995.703
175	Spectrogram 1	1	3.914890556	3.915888289	3033.900	6507.282	4909.570	4995.703
176	Spectrogram 1	1	3.915888289	3.916886021	3033.900	6507.282	4995.703	4995.703
177	Spectrogram 1	1	3.916886021	3.917883753	3033.900	6507.282	4995.703	4995.703
178	Spectrogram 1	1	3.917883753	3.918881486	3033.900	6507.282	4995.703	4995.703
179	Spectrogram 1	1	3.918881486	3.919879218	3033.900	6507.282	4995.703	4995.703
180	Spectrogram 1	1	3.919879218	3.920876951	3033.900	6507.282	4995.703	4995.703
181	Spectrogram 1	1	3.920876951	3.921874683	3033.900	6507.282	5254.102	5254.102
182	Spectrogram 1	1	3.921874683	3.922872416	3033.900	6507.282	5254.102	5254.102
183	Spectrogram 1	1	3.922872416	3.923870148	3033.900	6507.282	5254.102	5254.102
184	Spectrogram 1	1	3.923870148	3.924867880	3033.900	6507.282	5254.102	5254.102
185	Spectrogram 1	1	3.924867880	3.925865613	3033.900	6507.282	5254.102	5254.102
186	Spectrogram 1	1	3.925865613	3.926863345	3033.900	6507.282	5254.102	5254.102
187	Spectrogram 1	1	3.926863345	3.927861078	3033.900	6507.282	5426.367	5426.367
188	Spectrogram 1	1	3.927861078	3.928858810	3033.900	6507.282	5426.367	5426.367
189	Spectrogram 1	1	3.928858810	3.929856543	3033.900	6507.282	5426.367	5426.367
190	Spectrogram 1	1	3.929856543	3.930854275	3033.900	6507.282	5426.367	5426.367
191	Spectrogram 1	1	3.930854275	3.931852007	3033.900	6507.282	5426.367	5426.367
192	Spectrogram 1	1	3.931852007	3.932849740	3033.900	6507.282	5426.367	5426.367
193	Spectrogram 1	1	3.932849740	3.933847472	3033.900	6507.282	5770.898	5770.898
194	Spectrogram 1	1	3.933847472	3.934845205	3033.900	6507.282	5770.898	5770.898
195	Spectrogram 1	1	3.934845205	3.935842937	3033.900	6507.282	5770.898	5770.898
196	Spectrogram 1	1	3.935842937	3.936840670	3033.900	6507.282	5770.898	5770.898
197	Spectrogram 1	1	3.936840670	3.937838402	3033.900	6507.282	5770.898	5770.898
198	Spectrogram 1	1	3.937838402	3.938836134	3033.900	6507.282	5770.898	5770.898
199	Spectrogram 1	1	3.938836134	3.939833867	3033.900	6507.282	6115.430	6201.562
200	Spectrogram 1	1	3.939833867	3.940831599	3033.900	6507.282	6115.430	6201.562
201	Spectrogram 1	1	3.940831599	3.941829332	3033.900	6507.282	6115.430	6201.562
202	Spectrogram 1	1	3.941829332	3.942827064	3033.900	6507.282	6115.430	6201.562
203	Spectrogram 1	1	3.942827064	3.943824797	3033.900	6507.282	6115.430	6201.562
204	Spectrogram 1	1	3.943824797	3.944822529	3033.900	6507.282	6115.430	6201.562
205	Spectrogram 1	1	3.944822529	3.945820261	3033.900	6507.282	6287.695	6287.695
206	Spectrogram 1	1	3.945820261	3.946817994	3033.900	6507.282	6287.695	6287.695
207	Spectrogram 1	1	3.946817994	3.947815726	3033.900	6507.282	6287.695	6287.695
208	Spectrogram 1	1	3.947815726	3.948813459	3033.900	6507.282	6287.695	6287.695
209	Spectrogram 1	1	3.948813459	3.949811191	3033.900	6507.282	6287.695	6287.695
210	Spectrogram 1	1	3.949811191	3.950808924	3033.900	6507.282	6115.430	6115.430
211	Spectrogram 1	1	3.950808924	3.951806656	3033.900	6507.282	6115.430	6115.430
212	Spectrogram 1	1	3.951806656	3.952804388	3033.900	6507.282	6115.430	6115.430
213	Spectrogram 1	1	3.952804388	3.953802121	3033.900	6507.282	6115.430	6115.430
214	Spectrogram 1	1	3.953802121	3.954799853	3033.900	6507.282	6115.430	6115.430
215	Spectrogram 1	1	3.954799853	3.955797586	3033.900	6507.282	6115.430	6115.430
216	Spectrogram 1	1	3.955797586	3.956795318	3033.900	6507.282	5684.766	5426.367
217	Spectrogram 1	1	3.956795318	3.957793051	3033.900	6507.282	5684.766	5426.367
218	Spectrogram 1	1	3.957793051	3.958790783	3033.900	6507.282	5684.766	5426.367
219	Spectrogram 1	1	3.958790783	3.959788515	3033.900	6507.282	5684.766	5426.367
220	Spectrogram 1	1	3.959788515	3.960786248	3033.900	6507.282	5684.766	5426.367
221	Spectrogram 1	1	3.960786248	3.961783980	3033.900	6507.282	5684.766	5426.367
222	Spectrogram 1	1	3.961783980	3.962781713	3033.900	6507.282	5857.031	6115.430
223	Spectrogram 1	1	3.962781713	3.963779445	3033.900	6507.282	5857.031	6115.430
224	Spectrogram 1	1	3.963779445	3.964777177	3033.900	6507.282	5857.031	6115.430
225	Spectrogram 1	1	3.964777177	3.965020877	3033.900	6507.282	5857.031	6115.430
