Selection	View	Channel	Begin Time (s)	End Time (s)	Low Freq (Hz)	High Freq (Hz)	Center Freq (Hz)	Peak Freq (Hz)
1	Spectrogram 1	1	3.482297181	3.483294913	2823.900	6017.800	4737.305	4737.305
2	Spectrogram 1	1	3.483294913	3.484292646	2823.900	6017.800	4737.305	4737.305
3	Spectrogram 1	1	3.484292646	3.485290378	2823.900	6017.800	4737.305	4737.305
4	Spectrogram 1	1	3.485290378	3.486288111	2823.900	6017.800	4737.305	4737.305
5	Spectrogram 1	1	3.486288111	3.487285843	2823.900	6017.800	5340.234	5340.234
6	Spectrogram 1	1	3.487285843	3.488283576	2823.900	6017.800	5340.234	5340.234
7	Spectrogram 1	1	3.488283576	3.489281308	2823.900	6017.800	5340.234	5340.234
8	Spectrogram 1	1	3.489281308	3.490279040	2823.900	6017.800	5340.234	5340.234
9	Spectrogram 1	1	3.490279040	3.491276773	2823.900	6017.800	5340.234	5340.234
10	Spectrogram 1	1	3.491276773	3.492274505	2823.900	6017.800	5340.234	5340.234
11	Spectrogram 1	1	3.492274505	3.493272238	2823.900	6017.800	5340.234	5340.234
12	Spectrogram 1	1	3.493272238	3.494269970	2823.900	6017.800	5340.234	5340.234
13	Spectrogram 1	1	3.494269970	3.495267703	2823.900	6017.800	5340.234	5340.234
14	Spectrogram 1	1	3.495267703	3.496265435	2823.900	6017.800	5340.234	5340.234
15	Spectrogram 1	1	3.496265435	3.497263167	2823.900	6017.800	5340.234	5340.234
16	Spectrogram 1	1	3.497263167	3.498260900	2823.900	6017.800	5167.969	5167.969
17	Spectrogram 1	1	3.498260900	3.499258632	2823.900	6017.800	5167.969	5167.969
18	Spectrogram 1	1	3.499258632	3.500256365	2823.900	6017.800	5167.969	5167.969
19	Spectrogram 1	1	3.500256365	3.501254097	2823.900	6017.800	5167.969	5167.969
20	Spectrogram 1	1	3.501254097	3.502251830	2823.900	6017.800	5167.969	5167.969
21	Spectrogram 1	1	3.502251830	3.503249562	2823.900	6017.800	5167.969	5167.969
22	Spectrogram 1	1	3.503249562	3.504247294	2823.900	6017.800	4823.438	4823.438
23	Spectrogram 1	1	3.504247294	3.505245027	2823.900	6017.800	4823.438	4823.438
24	Spectrogram 1	1	3.505245027	3.506242759	2823.900	6017.800	4823.438	4823.438
25	Spectrogram 1	1	3.506242759	3.507240492	2823.900	6017.800	4823.438	4823.438
26	Spectrogram 1	1	3.507240492	3.508238224	2823.900	6017.800	4823.438	4823.438
27	Spectrogram 1	1	3.508238224	3.509235957	2823.900	6017.800	4823.438	4823.438
28	Spectrogram 1	1	3.509235957	3.510233689	2823.900	6017.800	4565.039	4565.039
29	Spectrogram 1	1	3.510233689	3.511231421	2823.900	6017.800	4565.039	4565.039
30	Spectrogram 1	1	3.511231421	3.512229154	2823.900	6017.800	4565.039	4565.039
31	Spectrogram 1	1	3.512229154	3.513226886	2823.900	6017.800	4565.039	4565.039
32	Spectrogram 1	1	3.513226886	3.514224619	2823.900	6017.800	4565.039	4565.039
33	Spectrogram 1	1	3.514224619	3.515222351	2823.900	6017.800	4565.039	4565.039
34	Spectrogram 1	1	3.515222351	3.516220083	2823.900	6017.800	4134.375	4134.375
35	Spectrogram 1	1	3.516220083	3.517217816	2823.900	6017.800	4134.375	4134.375
36	Spectrogram 1	1	3.517217816	3.518215548	2823.900	6017.800	4134.375	4134.375
37	Spectrogram 1	1	3.518215548	3.519213281	2823.900	6017.800	4134.375	4134.375
38	Spectrogram 1	1	3.519213281	3.520211013	2823.900	6017.800	4134.375	4134.375
39	Spectrogram 1	1	3.520211013	3.521208746	2823.900	6017.800	4134.375	4134.375
40	Spectrogram 1	1	3.521208746	3.522206478	2823.900	6017.800	3875.977	3875.977
41	Spectrogram 1	1	3.522206478	3.523204210	2823.900	6017.800	3875.977	3875.977
42	Spectrogram 1	1	3.523204210	3.524201943	2823.900	6017.800	3875.977	3875.977
43	Spectrogram 1	1	3.524201943	3.525199675	2823.900	6017.800	3875.977	3875.977
44	Spectrogram 1	1	3.525199675	3.526197408	2823.900	6017.800	3875.977	3875.977
45	Spectrogram 1	1	3.526197408	3.527195140	2823.900	6017.800	3703.711	3617.578
46	Spectrogram 1	1	3.527195140	3.528192873	2823.900	6017.800	3703.711	3617.578
47	Spectrogram 1	1	3.528192873	3.529190605	2823.900	6017.800	3703.711	3617.578
48	Spectrogram 1	1	3.529190605	3.530188337	2823.900	6017.800	3703.711	3617.578
49	Spectrogram 1	1	3.530188337	3.531186070	2823.900	6017.800	3703.711	3617.578
50	Spectrogram 1	1	3.531186070	3.532183802	2823.900	6017.800	3703.711	3617.578
51	Spectrogram 1	1	3.532183802	3.533181535	2823.900	6017.800	3531.445	3531.445
52	Spectrogram 1	1	3.533181535	3.534179267	2823.900	6017.800	3531.445	3531.445
53	Spectrogram 1	1	3.534179267	3.535177000	2823.900	6017.800	3531.445	3531.445
54	Spectrogram 1	1	3.535177000	3.536174732	2823.900	6017.800	3531.445	3531.445
55	Spectrogram 1	1	3.536174732	3.537172464	2823.900	6017.800	3531.445	3531.445
56	Spectrogram 1	1	3.537172464	3.538170197	2823.900	6017.800	3531.445	3531.445
57	Spectrogram 1	1	3.538170197	3.539167929	2823.900	6017.800	3531.445	3445.312
58	Spectrogram 1	1	3.539167929	3.540165662	2823.900	6017.800	3531.445	3445.312
59	Spectrogram 1	1	3.540165662	3.541163394	2823.900	6017.800	3531.445	3445.312
60	Spectrogram 1	1	3.541163394	3.542161127	2823.900	6017.800	3531.445	3445.312
61	Spectrogram 1	1	3.542161127	3.543158859	2823.900	6017.800	3531.445	3445.312
62	Spectrogram 1	1	3.543158859	3.544156591	2823.900	6017.800	3531.445	3445.312
63	Spectrogram 1	1	3.544156591	3.545154324	2823.900	6017.800	3531.445	3531.445
64	Spectrogram 1	1	3.545154324	3.546152056	2823.900	6017.800	3531.445	3531.445
65	Spectrogram 1	1	3.546152056	3.547149789	2823.900	6017.800	3531.445	3531.445
66	Spectrogram 1	1	3.547149789	3.548147521	2823.900	6017.800	3531.445	3531.445
67	Spectrogram 1	1	3.548147521	3.549145254	2823.900	6017.800	3531.445	3531.445
68	Spectrogram 1	1	3.549145254	3.550142986	2823.900	6017.800	3531.445	3531.445
69	Spectrogram 1	1	3.550142986	3.551140718	2823.900	6017.800	3531.445	3531.445
70	Spectrogram 1	1	3.551140718	3.552138451	2823.900	6017.800	3531.445	3531.445
71	Spectrogram 1	1	3.552138451	3.553136183	2823.900	6017.800	3531.445	3531.445
72	Spectrogram 1	1	3.553136183	3.554133916	2823.900	6017.800	3531.445	3531.445
73	Spectrogram 1	1	3.554133916	3.555131648	2823.900	6017.800	3531.445	3531.445
74	Spectrogram 1	1	3.555131648	3.556129381	2823.900	6017.800	3531.445	3531.445
75	Spectrogram 1	1	3.556129381	3.557127113	2823.900	6017.800	3531.445	3531.445
76	Spectrogram 1	1	3.557127113	3.558124845	2823.900	6017.800	3531.445	3531.445
77	Spectrogram 1	1	3.558124845	3.559122578	2823.900	6017.800	3531.445	3531.445
78	Spectrogram 1	1	3.559122578	3.560120310	2823.900	6017.800	3531.445	3531.445
79	Spectrogram 1	1	3.560120310	3.561118043	2823.900	6017.800	3531.445	3531.445
80	Spectrogram 1	1	3.561118043	3.562115775	2823.900	6017.800	3962.109	3962.109
81	Spectrogram 1	1	3.562115775	3.563113508	2823.900	6017.800	3962.109	3962.109
82	Spectrogram 1	1	3.563113508	3.564111240	2823.900	6017.800	3962.109	3962.109
83	Spectrogram 1	1	3.564111240	3.565108972	2823.900	6017.800	3962.109	3962.109
84	Spectrogram 1	1	3.565108972	3.566106705	2823.900	6017.800	3962.109	3962.109
85	Spectrogram 1	1	3.566106705	3.567104437	2823.900	6017.800	3962.109	3962.109
86	Spectrogram 1	1	3.567104437	3.568102170	2823.900	6017.800	4048.242	4048.242
87	Spectrogram 1	1	3.568102170	3.569099902	2823.900	6017.800	4048.242	4048.242
88	Spectrogram 1	1	3.569099902	3.570097635	2823.900	6017.800	4048.242	4048.242
89	Spectrogram 1	1	3.570097635	3.571095367	2823.900	6017.800	4048.242	4048.242
90	Spectrogram 1	1	3.571095367	3.572093099	2823.900	6017.800	4048.242	4048.242
91	Spectrogram 1	1	3.572093099	3.573090832	2823.900	6017.800	4048.242	4048.242
92	Spectrogram 1	1	3.573090832	3.574088564	2823.900	6017.800	4306.641	4220.508
93	Spectrogram 1	1	3.574088564	3.575086297	2823.900	6017.800	4306.641	4220.508
94	Spectrogram 1	1	3.575086297	3.576084029	2823.900	6017.800	4306.641	4220.508
95	Spectrogram 1	1	3.576084029	3.577081761	2823.900	6017.800	4306.641	4220.508
96	Spectrogram 1	1	3.577081761	3.578079494	2823.900	6017.800	4306.641	4220.508
97	Spectrogram 1	1	3.578079494	3.579077226	2823.900	6017.800	4306.641	4220.508
98	Spectrogram 1	1	3.579077226	3.580074959	2823.900	6017.800	3962.109	3186.914
99	Spectrogram 1	1	3.580074959	3.581072691	2823.900	6017.800	3962.109	3186.914
100	Spectrogram 1	1	3.581072691	3.582070424	2823.900	6017.800	3962.109	3186.914
101	Spectrogram 1	1	3.582070424	3.583068156	2823.900	6017.800	3962.109	3186.914
102	Spectrogram 1	1	3.583068156	3.584065888	2823.900	6017.800	3962.109	3186.914
103	Spectrogram 1	1	3.584065888	3.585063621	2823.900	6017.800	3962.109	3186.914
104	Spectrogram 1	1	3.585063621	3.586061353	2823.900	6017.800	3273.047	3186.914
105	Spectrogram 1	1	3.586061353	3.587059086	2823.900	6017.800	3273.047	3186.914
106	Spectrogram 1	1	3.587059086	3.588056818	2823.900	6017.800	3273.047	3186.914
107	Spectrogram 1	1	3.588056818	3.589054551	2823.900	6017.800	3273.047	3186.914
108	Spectrogram 1	1	3.589054551	3.590052283	2823.900	6017.800	3273.047	3186.914
109	Spectrogram 1	1	3.590052283	3.591050015	2823.900	6017.800	3186.914	3186.914
110	Spectrogram 1	1	3.591050015	3.592047748	2823.900	6017.800	3186.914	3186.914
111	Spectrogram 1	1	3.592047748	3.593045480	2823.900	6017.800	3186.914	3186.914
112	Spectrogram 1	1	3.593045480	3.594043213	2823.900	6017.800	3186.914	3186.914
113	Spectrogram 1	1	3.594043213	3.595040945	2823.900	6017.800	3186.914	3186.914
114	Spectrogram 1	1	3.595040945	3.596038678	2823.900	6017.800	3186.914	3186.914
115	Spectrogram 1	1	3.596038678	3.597036410	2823.900	6017.800	4048.242	2842.383
116	Spectrogram 1	1	3.597036410	3.598034142	2823.900	6017.800	4048.242	2842.383
117	Spectrogram 1	1	3.598034142	3.599031875	2823.900	6017.800	4048.242	2842.383
118	Spectrogram 1	1	3.599031875	3.600029607	2823.900	6017.800	4048.242	2842.383
119	Spectrogram 1	1	3.600029607	3.601027340	2823.900	6017.800	4048.242	2842.383
120	Spectrogram 1	1	3.601027340	3.602025072	2823.900	6017.800	4048.242	2842.383
121	Spectrogram 1	1	3.602025072	3.603022805	2823.900	6017.800	3789.844	3531.445
122	Spectrogram 1	1	3.603022805	3.604020537	2823.900	6017.800	3789.844	3531.445
123	Spectrogram 1	1	3.604020537	3.605018269	2823.900	6017.800	3789.844	3531.445
124	Spectrogram 1	1	3.605018269	3.606016002	2823.900	6017.800	3789.844	3531.445
125	Spectrogram 1	1	3.606016002	3.607013734	2823.900	6017.800	3789.844	3531.445
126	Spectrogram 1	1	3.607013734	3.608011467	2823.900	6017.800	3789.844	3531.445
127	Spectrogram 1	1	3.608011467	3.609009199	2823.900	6017.800	3875.977	3962.109
128	Spectrogram 1	1	3.609009199	3.610006932	2823.900	6017.800	3875.977	3962.109
129	Spectrogram 1	1	3.610006932	3.611004664	2823.900	6017.800	3875.977	3962.109
130	Spectrogram 1	1	3.611004664	3.612002396	2823.900	6017.800	3875.977	3962.109
131	Spectrogram 1	1	3.612002396	3.613000129	2823.900	6017.800	3875.977	3962.109
132	Spectrogram 1	1	3.613000129	3.613997861	2823.900	6017.800	3875.977	3962.109
133	Spectrogram 1	1	3.613997861	3.614995594	2823.900	6017.800	3359.180	3273.047
134	Spectrogram 1	1	3.614995594	3.615993326	2823.900	6017.800	3359.180	3273.047
135	Spectrogram 1	1	3.615993326	3.616991059	2823.900	6017.800	3359.180	3273.047
136	Spectrogram 1	1	3.616991059	3.617988791	2823.900	6017.800	3359.180	3273.047
137	Spectrogram 1	1	3.617988791	3.618986523	2823.900	6017.800	3359.180	3273.047
138	Spectrogram 1	1	3.618986523	3.619984256	2823.900	6017.800	3617.578	3617.578
139	Spectrogram 1	1	3.619984256	3.620981988	2823.900	6017.800	3617.578	3617.578
140	Spectrogram 1	1	3.620981988	3.621979721	2823.900	6017.800	3617.578	3617.578
141	Spectrogram 1	1	3.621979721	3.622977453	2823.900	6017.800	3617.578	3617.578
142	Spectrogram 1	1	3.622977453	3.623975186	2823.900	6017.800	3617.578	3617.578
143	Spectrogram 1	1	3.623975186	3.624972918	2823.900	6017.800	3617.578	3617.578
144	Spectrogram 1	1	3.624972918	3.625970650	2823.900	6017.800	4565.039	4565.039
145	Spectrogram 1	1	3.625970650	3.626968383	2823.900	6017.800	4565.039	4565.039
146	Spectrogram 1	1	3.626968383	3.627966115	2823.900	6017.800	4565.039	4565.039
147	Spectrogram 1	1	3.627966115	3.628963848	2823.900	6017.800	4565.039	4565.039
148	Spectrogram 1	1	3.628963848	3.629961580	2823.900	6017.800	4565.039	4565.039
149	Spectrogram 1	1	3.629961580	3.630959313	2823.900	6017.800	4565.039	4565.039
150	Spectrogram 1	1	3.630959313	3.631957045	2823.900	6017.800	4823.438	4823.438
151	Spectrogram 1	1	3.631957045	3.632954777	2823.900	6017.800	4823.438	4823.438
152	Spectrogram 1	1	3.632954777	3.633952510	2823.900	6017.800	4823.438	4823.438
153	Spectrogram 1	1	3.633952510	3.634950242	2823.900	6017.800	4823.438	4823.438
154	Spectrogram 1	1	3.634950242	3.635947975	2823.900	6017.800	4823.438	4823.438
155	Spectrogram 1	1	3.635947975	3.636945707	2823.900	6017.800	4823.438	4823.438
156	Spectrogram 1	1	3.636945707	3.637943440	2823.900	6017.800	4995.703	4995.703
157	Spectrogram 1	1	3.637943440	3.638941172	2823.900	6017.800	4995.703	4995.703
158	Spectrogram 1	1	3.638941172	3.639938904	2823.900	6017.800	4995.703	4995.703
159	Spectrogram 1	1	3.639938904	3.640936637	2823.900	6017.800	4995.703	4995.703
160	Spectrogram 1	1	3.640936637	3.641934369	2823.900	6017.800	4995.703	4995.703
161	Spectrogram 1	1	3.641934369	3.642932102	2823.900	6017.800	4995.703	4995.703
162	Spectrogram 1	1	3.642932102	3.643929834	2823.900	6017.800	4909.570	4909.570
163	Spectrogram 1	1	3.643929834	3.644927566	2823.900	6017.800	4909.570	4909.570
164	Spectrogram 1	1	3.644927566	3.645925299	2823.900	6017.800	4909.570	4909.570
165	Spectrogram 1	1	3.645925299	3.646923031	2823.900	6017.800	4909.570	4909.570
166	Spectrogram 1	1	3.646923031	3.647920764	2823.900	6017.800	4909.570	4909.570
167	Spectrogram 1	1	3.647920764	3.648918496	2823.900	6017.800	4909.570	4909.570
168	Spectrogram 1	1	3.648918496	3.649916229	2823.900	6017.800	4909.570	4909.570
169	Spectrogram 1	1	3.649916229	3.650913961	2823.900	6017.800	4909.570	4909.570
170	Spectrogram 1	1	3.650913961	3.651911693	2823.900	6017.800	4909.570	4909.570
171	Spectrogram 1	1	3.651911693	3.652909426	2823.900	6017.800	4909.570	4909.570
172	Spectrogram 1	1	3.652909426	3.653907158	2823.900	6017.800	4909.570	4909.570
173	Spectrogram 1	1	3.653907158	3.654904891	2823.900	6017.800	4995.703	4995.703
174	Spectrogram 1	1	3.654904891	3.655902623	2823.900	6017.800	4995.703	4995.703
175	Spectrogram 1	1	3.655902623	3.656900356	2823.900	6017.800	4995.703	4995.703
176	Spectrogram 1	1	3.656900356	3.657898088	2823.900	6017.800	4995.703	4995.703
177	Spectrogram 1	1	3.657898088	3.658895820	2823.900	6017.800	4995.703	4995.703
178	Spectrogram 1	1	3.658895820	3.659893553	2823.900	6017.800	4995.703	4995.703
179	Spectrogram 1	1	3.659893553	3.660891285	2823.900	6017.800	5081.836	5081.836
180	Spectrogram 1	1	3.660891285	3.661889018	2823.900	6017.800	5081.836	5081.836
181	Spectrogram 1	1	3.661889018	3.662886750	2823.900	6017.800	5081.836	5081.836
182	Spectrogram 1	1	3.662886750	3.663884483	2823.900	6017.800	5081.836	5081.836
183	Spectrogram 1	1	3.663884483	3.664882215	2823.900	6017.800	5081.836	5081.836
184	Spectrogram 1	1	3.664882215	3.665879947	2823.900	6017.800	5081.836	5081.836
185	Spectrogram 1	1	3.665879947	3.666877680	2823.900	6017.800	5167.969	5167.969
186	Spectrogram 1	1	3.666877680	3.667875412	2823.900	6017.800	5167.969	5167.969
187	Spectrogram 1	1	3.667875412	3.668873145	2823.900	6017.800	5167.969	5167.969
188	Spectrogram 1	1	3.668873145	3.669870877	2823.900	6017.800	5167.969	5167.969
189	Spectrogram 1	1	3.669870877	3.670868610	2823.900	6017.800	5167.969	5167.969
190	Spectrogram 1	1	3.670868610	3.671866342	2823.900	6017.800	5167.969	5167.969
191	Spectrogram 1	1	3.671866342	3.672864074	2823.900	6017.800	5340.234	5340.234
192	Spectrogram 1	1	3.672864074	3.673861807	2823.900	6017.800	5340.234	5340.234
193	Spectrogram 1	1	3.673861807	3.674859539	2823.900	6017.800	5340.234	5340.234
194	Spectrogram 1	1	3.674859539	3.675857272	2823.900	6017.800	5340.234	5340.234
195	Spectrogram 1	1	3.675857272	3.676855004	2823.900	6017.800	5340.234	5340.234
196	Spectrogram 1	1	3.676855004	3.677852737	2823.900	6017.800	5340.234	5340.234
197	Spectrogram 1	1	3.677852737	3.678850469	2823.900	6017.800	5512.500	5512.500
198	Spectrogram 1	1	3.678850469	3.679848201	2823.900	6017.800	5512.500	5512.500
199	Spectrogram 1	1	3.679848201	3.680845934	2823.900	6017.800	5512.500	5512.500
200	Spectrogram 1	1	3.680845934	3.681843666	2823.900	6017.800	5512.500	5512.500
201	Spectrogram 1	1	3.681843666	3.682841399	2823.900	6017.800	5512.500	5512.500
202	Spectrogram 1	1	3.682841399	3.683839131	2823.900	6017.800	5684.766	5684.766
203	Spectrogram 1	1	3.683839131	3.684836864	2823.900	6017.800	5684.766	5684.766
204	Spectrogram 1	1	3.684836864	3.685834596	2823.900	6017.800	5684.766	5684.766
205	Spectrogram 1	1	3.685834596	3.686832328	2823.900	6017.800	5684.766	5684.766
206	Spectrogram 1	1	3.686832328	3.687830061	2823.900	6017.800	5684.766	5684.766
207	Spectrogram 1	1	3.687830061	3.688827793	2823.900	6017.800	5684.766	5684.766
208	Spectrogram 1	1	3.688827793	3.689825526	2823.900	6017.800	4995.703	5081.836
209	Spectrogram 1	1	3.689825526	3.690823258	2823.900	6017.800	4995.703	5081.836
210	Spectrogram 1	1	3.690823258	3.691820991	2823.900	6017.800	4995.703	5081.836
211	Spectrogram 1	1	3.691820991	3.692818723	2823.900	6017.800	4995.703	5081.836
212	Spectrogram 1	1	3.692818723	3.693816455	2823.900	6017.800	4995.703	5081.836
213	Spectrogram 1	1	3.693816455	3.694814188	2823.900	6017.800	4995.703	5081.836
214	Spectrogram 1	1	3.694814188	3.695811920	2823.900	6017.800	4392.773	4306.641
215	Spectrogram 1	1	3.695811920	3.696809653	2823.900	6017.800	4392.773	4306.641
216	Spectrogram 1	1	3.696809653	3.697807385	2823.900	6017.800	4392.773	4306.641
217	Spectrogram 1	1	3.697807385	3.698805118	2823.900	6017.800	4392.773	4306.641
218	Spectrogram 1	1	3.698805118	3.699802850	2823.900	6017.800	4392.773	4306.641
219	Spectrogram 1	1	3.699802850	3.700800582	2823.900	6017.800	4392.773	4306.641
220	Spectrogram 1	1	3.700800582	3.701798315	2823.900	6017.800	4048.242	3962.109
221	Spectrogram 1	1	3.701798315	3.702796047	2823.900	6017.800	4048.242	3962.109
222	Spectrogram 1	1	3.702796047	3.703793780	2823.900	6017.800	4048.242	3962.109
223	Spectrogram 1	1	3.703793780	3.704791512	2823.900	6017.800	4048.242	3962.109
224	Spectrogram 1	1	3.704791512	3.705789244	2823.900	6017.800	4048.242	3962.109
225	Spectrogram 1	1	3.705789244	3.706786977	2823.900	6017.800	4048.242	3962.109
226	Spectrogram 1	1	3.706786977	3.707784709	2823.900	6017.800	3962.109	3789.844
227	Spectrogram 1	1	3.707784709	3.708782442	2823.900	6017.800	3962.109	3789.844
228	Spectrogram 1	1	3.708782442	3.709780174	2823.900	6017.800	3962.109	3789.844
229	Spectrogram 1	1	3.709780174	3.710162790	2823.900	6017.800	3962.109	3789.844
