Selection	View	Channel	Begin Time (s)	End Time (s)	Low Freq (Hz)	High Freq (Hz)	Center Freq (Hz)	Peak Freq (Hz)
1	Spectrogram 1	2	14.636700000	14.637697732	3410.612	5965.900	5167.969	5167.969
2	Spectrogram 1	2	14.637697732	14.638695465	3410.612	5965.900	5426.367	5426.367
3	Spectrogram 1	2	14.638695465	14.639693197	3410.612	5965.900	5426.367	5426.367
4	Spectrogram 1	2	14.639693197	14.640690930	3410.612	5965.900	5426.367	5426.367
5	Spectrogram 1	2	14.640690930	14.641688662	3410.612	5965.900	5426.367	5426.367
6	Spectrogram 1	2	14.641688662	14.642686395	3410.612	5965.900	5426.367	5426.367
7	Spectrogram 1	2	14.642686395	14.643684127	3410.612	5965.900	5254.102	5254.102
8	Spectrogram 1	2	14.643684127	14.644681859	3410.612	5965.900	5254.102	5254.102
9	Spectrogram 1	2	14.644681859	14.645679592	3410.612	5965.900	5254.102	5254.102
10	Spectrogram 1	2	14.645679592	14.646677324	3410.612	5965.900	5254.102	5254.102
11	Spectrogram 1	2	14.646677324	14.647675057	3410.612	5965.900	5254.102	5254.102
12	Spectrogram 1	2	14.647675057	14.648672789	3410.612	5965.900	5254.102	5254.102
13	Spectrogram 1	2	14.648672789	14.649670522	3410.612	5965.900	4737.305	4737.305
14	Spectrogram 1	2	14.649670522	14.650668254	3410.612	5965.900	4737.305	4737.305
15	Spectrogram 1	2	14.650668254	14.651665986	3410.612	5965.900	4737.305	4737.305
16	Spectrogram 1	2	14.651665986	14.652663719	3410.612	5965.900	4737.305	4737.305
17	Spectrogram 1	2	14.652663719	14.653661451	3410.612	5965.900	4737.305	4737.305
18	Spectrogram 1	2	14.653661451	14.654659184	3410.612	5965.900	4737.305	4737.305
19	Spectrogram 1	2	14.654659184	14.655656916	3410.612	5965.900	4565.039	4565.039
20	Spectrogram 1	2	14.655656916	14.656654649	3410.612	5965.900	4565.039	4565.039
21	Spectrogram 1	2	14.656654649	14.657652381	3410.612	5965.900	4565.039	4565.039
22	Spectrogram 1	2	14.657652381	14.658650113	3410.612	5965.900	4565.039	4565.039
23	Spectrogram 1	2	14.658650113	14.659647846	3410.612	5965.900	4565.039	4565.039
24	Spectrogram 1	2	14.659647846	14.660645578	3410.612	5965.900	4565.039	4565.039
25	Spectrogram 1	2	14.660645578	14.661643311	3410.612	5965.900	4565.039	4565.039
26	Spectrogram 1	2	14.661643311	14.662641043	3410.612	5965.900	4565.039	4565.039
27	Spectrogram 1	2	14.662641043	14.663638776	3410.612	5965.900	4565.039	4565.039
28	Spectrogram 1	2	14.663638776	14.664636508	3410.612	5965.900	4565.039	4565.039
29	Spectrogram 1	2	14.664636508	14.665634240	3410.612	5965.900	4565.039	4565.039
30	Spectrogram 1	2	14.665634240	14.666631973	3410.612	5965.900	4565.039	4565.039
31	Spectrogram 1	2	14.666631973	14.667629705	3410.612	5965.900	4651.172	4651.172
32	Spectrogram 1	2	14.667629705	14.668627438	3410.612	5965.900	4651.172	4651.172
33	Spectrogram 1	2	14.668627438	14.669625170	3410.612	5965.900	4651.172	4651.172
34	Spectrogram 1	2	14.669625170	14.670622902	3410.612	5965.900	4651.172	4651.172
35	Spectrogram 1	2	14.670622902	14.671620635	3410.612	5965.900	4651.172	4651.172
36	Spectrogram 1	2	14.671620635	14.672618367	3410.612	5965.900	4737.305	4737.305
37	Spectrogram 1	2	14.672618367	14.673616100	3410.612	5965.900	4737.305	4737.305
38	Spectrogram 1	2	14.673616100	14.674613832	3410.612	5965.900	4737.305	4737.305
39	Spectrogram 1	2	14.674613832	14.675611565	3410.612	5965.900	4737.305	4737.305
40	Spectrogram 1	2	14.675611565	14.676609297	3410.612	5965.900	4737.305	4737.305
41	Spectrogram 1	2	14.676609297	14.677607029	3410.612	5965.900	4737.305	4737.305
42	Spectrogram 1	2	14.677607029	14.678604762	3410.612	5965.900	4651.172	4651.172
43	Spectrogram 1	2	14.678604762	14.679602494	3410.612	5965.900	4651.172	4651.172
44	Spectrogram 1	2	14.679602494	14.680600227	3410.612	5965.900	4651.172	4651.172
45	Spectrogram 1	2	14.680600227	14.681597959	3410.612	5965.900	4651.172	4651.172
46	Spectrogram 1	2	14.681597959	14.682595692	3410.612	5965.900	4651.172	4651.172
47	Spectrogram 1	2	14.682595692	14.683593424	3410.612	5965.900	4651.172	4651.172
48	Spectrogram 1	2	14.683593424	14.684591156	3410.612	5965.900	4651.172	4651.172
49	Spectrogram 1	2	14.684591156	14.685588889	3410.612	5965.900	4651.172	4651.172
50	Spectrogram 1	2	14.685588889	14.686586621	3410.612	5965.900	4651.172	4651.172
51	Spectrogram 1	2	14.686586621	14.687584354	3410.612	5965.900	4651.172	4651.172
52	Spectrogram 1	2	14.687584354	14.688582086	3410.612	5965.900	4651.172	4651.172
53	Spectrogram 1	2	14.688582086	14.689579819	3410.612	5965.900	4651.172	4651.172
54	Spectrogram 1	2	14.689579819	14.690577551	3410.612	5965.900	4565.039	4565.039
55	Spectrogram 1	2	14.690577551	14.691575283	3410.612	5965.900	4565.039	4565.039
56	Spectrogram 1	2	14.691575283	14.692573016	3410.612	5965.900	4565.039	4565.039
57	Spectrogram 1	2	14.692573016	14.693570748	3410.612	5965.900	4565.039	4565.039
58	Spectrogram 1	2	14.693570748	14.694568481	3410.612	5965.900	4565.039	4565.039
59	Spectrogram 1	2	14.694568481	14.695566213	3410.612	5965.900	4565.039	4565.039
60	Spectrogram 1	2	14.695566213	14.696563946	3410.612	5965.900	4478.906	4478.906
61	Spectrogram 1	2	14.696563946	14.697561678	3410.612	5965.900	4478.906	4478.906
62	Spectrogram 1	2	14.697561678	14.698559410	3410.612	5965.900	4478.906	4478.906
63	Spectrogram 1	2	14.698559410	14.699557143	3410.612	5965.900	4478.906	4478.906
64	Spectrogram 1	2	14.699557143	14.700554875	3410.612	5965.900	4478.906	4478.906
65	Spectrogram 1	2	14.700554875	14.701552608	3410.612	5965.900	4478.906	4478.906
66	Spectrogram 1	2	14.701552608	14.702550340	3410.612	5965.900	4565.039	4565.039
67	Spectrogram 1	2	14.702550340	14.703548073	3410.612	5965.900	4565.039	4565.039
68	Spectrogram 1	2	14.703548073	14.704545805	3410.612	5965.900	4565.039	4565.039
69	Spectrogram 1	2	14.704545805	14.705543537	3410.612	5965.900	4565.039	4565.039
70	Spectrogram 1	2	14.705543537	14.706541270	3410.612	5965.900	4565.039	4565.039
71	Spectrogram 1	2	14.706541270	14.707539002	3410.612	5965.900	4565.039	4392.773
72	Spectrogram 1	2	14.707539002	14.708536735	3410.612	5965.900	4565.039	4392.773
73	Spectrogram 1	2	14.708536735	14.709534467	3410.612	5965.900	4565.039	4392.773
74	Spectrogram 1	2	14.709534467	14.710532200	3410.612	5965.900	4565.039	4392.773
75	Spectrogram 1	2	14.710532200	14.711529932	3410.612	5965.900	4565.039	4392.773
76	Spectrogram 1	2	14.711529932	14.712527664	3410.612	5965.900	4565.039	4392.773
77	Spectrogram 1	2	14.712527664	14.713525397	3410.612	5965.900	4478.906	4478.906
78	Spectrogram 1	2	14.713525397	14.714523129	3410.612	5965.900	4478.906	4478.906
79	Spectrogram 1	2	14.714523129	14.715520862	3410.612	5965.900	4478.906	4478.906
80	Spectrogram 1	2	14.715520862	14.716518594	3410.612	5965.900	4478.906	4478.906
81	Spectrogram 1	2	14.716518594	14.717516327	3410.612	5965.900	4478.906	4478.906
82	Spectrogram 1	2	14.717516327	14.718514059	3410.612	5965.900	4478.906	4478.906
83	Spectrogram 1	2	14.718514059	14.719511791	3410.612	5965.900	4737.305	4737.305
84	Spectrogram 1	2	14.719511791	14.720509524	3410.612	5965.900	4737.305	4737.305
85	Spectrogram 1	2	14.720509524	14.721507256	3410.612	5965.900	4737.305	4737.305
86	Spectrogram 1	2	14.721507256	14.722504989	3410.612	5965.900	4737.305	4737.305
87	Spectrogram 1	2	14.722504989	14.723502721	3410.612	5965.900	4737.305	4737.305
88	Spectrogram 1	2	14.723502721	14.724500454	3410.612	5965.900	4737.305	4737.305
89	Spectrogram 1	2	14.724500454	14.725498186	3410.612	5965.900	4909.570	4823.438
90	Spectrogram 1	2	14.725498186	14.726495918	3410.612	5965.900	4909.570	4823.438
91	Spectrogram 1	2	14.726495918	14.727493651	3410.612	5965.900	4909.570	4823.438
92	Spectrogram 1	2	14.727493651	14.728491383	3410.612	5965.900	4909.570	4823.438
93	Spectrogram 1	2	14.728491383	14.729489116	3410.612	5965.900	4909.570	4823.438
94	Spectrogram 1	2	14.729489116	14.730486848	3410.612	5965.900	4909.570	4823.438
95	Spectrogram 1	2	14.730486848	14.731484580	3410.612	5965.900	5340.234	5340.234
96	Spectrogram 1	2	14.731484580	14.732482313	3410.612	5965.900	5340.234	5340.234
97	Spectrogram 1	2	14.732482313	14.733480045	3410.612	5965.900	5340.234	5340.234
98	Spectrogram 1	2	14.733480045	14.734477778	3410.612	5965.900	5340.234	5340.234
99	Spectrogram 1	2	14.734477778	14.735475510	3410.612	5965.900	5340.234	5340.234
100	Spectrogram 1	2	14.735475510	14.736473243	3410.612	5965.900	5340.234	5340.234
101	Spectrogram 1	2	14.736473243	14.737470975	3410.612	5965.900	5340.234	5340.234
102	Spectrogram 1	2	14.737470975	14.738468707	3410.612	5965.900	5340.234	5340.234
103	Spectrogram 1	2	14.738468707	14.739466440	3410.612	5965.900	5340.234	5340.234
104	Spectrogram 1	2	14.739466440	14.740464172	3410.612	5965.900	5340.234	5340.234
105	Spectrogram 1	2	14.740464172	14.741461905	3410.612	5965.900	5340.234	5340.234
106	Spectrogram 1	2	14.741461905	14.742459637	3410.612	5965.900	5081.836	5081.836
107	Spectrogram 1	2	14.742459637	14.743457370	3410.612	5965.900	5081.836	5081.836
108	Spectrogram 1	2	14.743457370	14.744455102	3410.612	5965.900	5081.836	5081.836
109	Spectrogram 1	2	14.744455102	14.745452834	3410.612	5965.900	5081.836	5081.836
110	Spectrogram 1	2	14.745452834	14.746450567	3410.612	5965.900	5081.836	5081.836
111	Spectrogram 1	2	14.746450567	14.747448299	3410.612	5965.900	5081.836	5081.836
112	Spectrogram 1	2	14.747448299	14.748446032	3410.612	5965.900	4909.570	4909.570
113	Spectrogram 1	2	14.748446032	14.749443764	3410.612	5965.900	4909.570	4909.570
114	Spectrogram 1	2	14.749443764	14.750441497	3410.612	5965.900	4909.570	4909.570
115	Spectrogram 1	2	14.750441497	14.751439229	3410.612	5965.900	4909.570	4909.570
116	Spectrogram 1	2	14.751439229	14.752436961	3410.612	5965.900	4909.570	4909.570
117	Spectrogram 1	2	14.752436961	14.753434694	3410.612	5965.900	4909.570	4909.570
118	Spectrogram 1	2	14.753434694	14.754432426	3410.612	5965.900	4909.570	4909.570
119	Spectrogram 1	2	14.754432426	14.755430159	3410.612	5965.900	4909.570	4909.570
120	Spectrogram 1	2	14.755430159	14.756427891	3410.612	5965.900	4909.570	4909.570
121	Spectrogram 1	2	14.756427891	14.757425624	3410.612	5965.900	4909.570	4909.570
122	Spectrogram 1	2	14.757425624	14.758423356	3410.612	5965.900	4909.570	4909.570
123	Spectrogram 1	2	14.758423356	14.759421088	3410.612	5965.900	4909.570	4909.570
124	Spectrogram 1	2	14.759421088	14.760418821	3410.612	5965.900	4651.172	3531.445
125	Spectrogram 1	2	14.760418821	14.761416553	3410.612	5965.900	4651.172	3531.445
126	Spectrogram 1	2	14.761416553	14.762414286	3410.612	5965.900	4651.172	3531.445
127	Spectrogram 1	2	14.762414286	14.763412018	3410.612	5965.900	4651.172	3531.445
128	Spectrogram 1	2	14.763412018	14.764409751	3410.612	5965.900	4651.172	3531.445
129	Spectrogram 1	2	14.764409751	14.765407483	3410.612	5965.900	4651.172	3531.445
130	Spectrogram 1	2	14.765407483	14.766405215	3410.612	5965.900	3703.711	3703.711
131	Spectrogram 1	2	14.766405215	14.767402948	3410.612	5965.900	3703.711	3703.711
132	Spectrogram 1	2	14.767402948	14.768400680	3410.612	5965.900	3703.711	3703.711
133	Spectrogram 1	2	14.768400680	14.769398413	3410.612	5965.900	3703.711	3703.711
134	Spectrogram 1	2	14.769398413	14.770396145	3410.612	5965.900	3703.711	3703.711
135	Spectrogram 1	2	14.770396145	14.771393878	3410.612	5965.900	3789.844	3789.844
136	Spectrogram 1	2	14.771393878	14.772391610	3410.612	5965.900	3789.844	3789.844
137	Spectrogram 1	2	14.772391610	14.773389342	3410.612	5965.900	3789.844	3789.844
138	Spectrogram 1	2	14.773389342	14.774387075	3410.612	5965.900	3789.844	3789.844
139	Spectrogram 1	2	14.774387075	14.775384807	3410.612	5965.900	3789.844	3789.844
140	Spectrogram 1	2	14.775384807	14.776382540	3410.612	5965.900	3789.844	3789.844
141	Spectrogram 1	2	14.776382540	14.777380272	3410.612	5965.900	3875.977	3875.977
142	Spectrogram 1	2	14.777380272	14.778378005	3410.612	5965.900	3875.977	3875.977
143	Spectrogram 1	2	14.778378005	14.779375737	3410.612	5965.900	3875.977	3875.977
144	Spectrogram 1	2	14.779375737	14.780373469	3410.612	5965.900	3875.977	3875.977
145	Spectrogram 1	2	14.780373469	14.781371202	3410.612	5965.900	3875.977	3875.977
146	Spectrogram 1	2	14.781371202	14.782368934	3410.612	5965.900	3875.977	3875.977
147	Spectrogram 1	2	14.782368934	14.783366667	3410.612	5965.900	3875.977	3875.977
148	Spectrogram 1	2	14.783366667	14.784364399	3410.612	5965.900	3875.977	3875.977
149	Spectrogram 1	2	14.784364399	14.785362132	3410.612	5965.900	3875.977	3875.977
150	Spectrogram 1	2	14.785362132	14.786359864	3410.612	5965.900	3875.977	3875.977
151	Spectrogram 1	2	14.786359864	14.787357596	3410.612	5965.900	3875.977	3875.977
152	Spectrogram 1	2	14.787357596	14.788355329	3410.612	5965.900	3875.977	3875.977
153	Spectrogram 1	2	14.788355329	14.789353061	3410.612	5965.900	3789.844	3789.844
154	Spectrogram 1	2	14.789353061	14.790350794	3410.612	5965.900	3789.844	3789.844
155	Spectrogram 1	2	14.790350794	14.791348526	3410.612	5965.900	3789.844	3789.844
156	Spectrogram 1	2	14.791348526	14.792346259	3410.612	5965.900	3789.844	3789.844
157	Spectrogram 1	2	14.792346259	14.793343991	3410.612	5965.900	3789.844	3789.844
158	Spectrogram 1	2	14.793343991	14.794341723	3410.612	5965.900	3789.844	3789.844
159	Spectrogram 1	2	14.794341723	14.795339456	3410.612	5965.900	3703.711	3703.711
160	Spectrogram 1	2	14.795339456	14.796337188	3410.612	5965.900	3703.711	3703.711
161	Spectrogram 1	2	14.796337188	14.797334921	3410.612	5965.900	3703.711	3703.711
162	Spectrogram 1	2	14.797334921	14.798332653	3410.612	5965.900	3703.711	3703.711
163	Spectrogram 1	2	14.798332653	14.799330385	3410.612	5965.900	3703.711	3703.711
164	Spectrogram 1	2	14.799330385	14.800328118	3410.612	5965.900	3617.578	3617.578
165	Spectrogram 1	2	14.800328118	14.801325850	3410.612	5965.900	3617.578	3617.578
166	Spectrogram 1	2	14.801325850	14.802323583	3410.612	5965.900	3617.578	3617.578
167	Spectrogram 1	2	14.802323583	14.803321315	3410.612	5965.900	3617.578	3617.578
168	Spectrogram 1	2	14.803321315	14.804319048	3410.612	5965.900	3617.578	3617.578
169	Spectrogram 1	2	14.804319048	14.805316780	3410.612	5965.900	3617.578	3617.578
170	Spectrogram 1	2	14.805316780	14.806314512	3410.612	5965.900	4048.242	3875.977
171	Spectrogram 1	2	14.806314512	14.807312245	3410.612	5965.900	4048.242	3875.977
172	Spectrogram 1	2	14.807312245	14.808309977	3410.612	5965.900	4048.242	3875.977
173	Spectrogram 1	2	14.808309977	14.809307710	3410.612	5965.900	4048.242	3875.977
174	Spectrogram 1	2	14.809307710	14.810305442	3410.612	5965.900	4048.242	3875.977
175	Spectrogram 1	2	14.810305442	14.811303175	3410.612	5965.900	4048.242	3875.977
176	Spectrogram 1	2	14.811303175	14.812300907	3410.612	5965.900	4478.906	4048.242
177	Spectrogram 1	2	14.812300907	14.813298639	3410.612	5965.900	4478.906	4048.242
178	Spectrogram 1	2	14.813298639	14.814296372	3410.612	5965.900	4478.906	4048.242
179	Spectrogram 1	2	14.814296372	14.815294104	3410.612	5965.900	4478.906	4048.242
180	Spectrogram 1	2	14.815294104	14.816291837	3410.612	5965.900	4478.906	4048.242
181	Spectrogram 1	2	14.816291837	14.817289569	3410.612	5965.900	4478.906	4048.242
182	Spectrogram 1	2	14.817289569	14.818287302	3410.612	5965.900	5254.102	5340.234
183	Spectrogram 1	2	14.818287302	14.819285034	3410.612	5965.900	5254.102	5340.234
184	Spectrogram 1	2	14.819285034	14.820282766	3410.612	5965.900	5254.102	5340.234
185	Spectrogram 1	2	14.820282766	14.821280499	3410.612	5965.900	5254.102	5340.234
186	Spectrogram 1	2	14.821280499	14.822278231	3410.612	5965.900	5254.102	5340.234
187	Spectrogram 1	2	14.822278231	14.823275964	3410.612	5965.900	5254.102	5340.234
188	Spectrogram 1	2	14.823275964	14.824273696	3410.612	5965.900	5426.367	5426.367
189	Spectrogram 1	2	14.824273696	14.825271429	3410.612	5965.900	5426.367	5426.367
190	Spectrogram 1	2	14.825271429	14.826269161	3410.612	5965.900	5426.367	5426.367
191	Spectrogram 1	2	14.826269161	14.827266893	3410.612	5965.900	5426.367	5426.367
192	Spectrogram 1	2	14.827266893	14.828264626	3410.612	5965.900	5426.367	5426.367
193	Spectrogram 1	2	14.828264626	14.829262358	3410.612	5965.900	5426.367	5426.367
194	Spectrogram 1	2	14.829262358	14.830260091	3410.612	5965.900	5340.234	5426.367
195	Spectrogram 1	2	14.830260091	14.831257823	3410.612	5965.900	5340.234	5426.367
196	Spectrogram 1	2	14.831257823	14.832255556	3410.612	5965.900	5340.234	5426.367
197	Spectrogram 1	2	14.832255556	14.833253288	3410.612	5965.900	5340.234	5426.367
198	Spectrogram 1	2	14.833253288	14.834251020	3410.612	5965.900	5340.234	5426.367
199	Spectrogram 1	2	14.834251020	14.835248753	3410.612	5965.900	4823.438	4823.438
200	Spectrogram 1	2	14.835248753	14.836246485	3410.612	5965.900	4823.438	4823.438
201	Spectrogram 1	2	14.836246485	14.837244218	3410.612	5965.900	4823.438	4823.438
202	Spectrogram 1	2	14.837244218	14.838241950	3410.612	5965.900	4823.438	4823.438
203	Spectrogram 1	2	14.838241950	14.839239683	3410.612	5965.900	4823.438	4823.438
204	Spectrogram 1	2	14.839239683	14.840237415	3410.612	5965.900	4823.438	4823.438
205	Spectrogram 1	2	14.840237415	14.841235147	3410.612	5965.900	4220.508	4220.508
206	Spectrogram 1	2	14.841235147	14.842232880	3410.612	5965.900	4220.508	4220.508
207	Spectrogram 1	2	14.842232880	14.843230612	3410.612	5965.900	4220.508	4220.508
208	Spectrogram 1	2	14.843230612	14.844228345	3410.612	5965.900	4220.508	4220.508
209	Spectrogram 1	2	14.844228345	14.845226077	3410.612	5965.900	4220.508	4220.508
210	Spectrogram 1	2	14.845226077	14.846223810	3410.612	5965.900	4220.508	4220.508
211	Spectrogram 1	2	14.846223810	14.847221542	3410.612	5965.900	3789.844	3789.844
212	Spectrogram 1	2	14.847221542	14.848219274	3410.612	5965.900	3789.844	3789.844
213	Spectrogram 1	2	14.848219274	14.849217007	3410.612	5965.900	3789.844	3789.844
214	Spectrogram 1	2	14.849217007	14.850214739	3410.612	5965.900	3789.844	3789.844
215	Spectrogram 1	2	14.850214739	14.851212472	3410.612	5965.900	3789.844	3789.844
216	Spectrogram 1	2	14.851212472	14.852210204	3410.612	5965.900	3789.844	3789.844
217	Spectrogram 1	2	14.852210204	14.853134093	3410.612	5965.900	3617.578	3617.578
