Selection	View	Channel	Begin Time (s)	End Time (s)	Low Freq (Hz)	High Freq (Hz)	Center Freq (Hz)	Peak Freq (Hz)
1	Spectrogram 1	1	11.925654222	11.926651954	3397.432	6414.900	4995.703	5081.836
2	Spectrogram 1	1	11.926651954	11.927649687	3397.432	6414.900	5857.031	5857.031
3	Spectrogram 1	1	11.927649687	11.928647419	3397.432	6414.900	5857.031	5857.031
4	Spectrogram 1	1	11.928647419	11.929645152	3397.432	6414.900	5857.031	5857.031
5	Spectrogram 1	1	11.929645152	11.930642884	3397.432	6414.900	5857.031	5857.031
6	Spectrogram 1	1	11.930642884	11.931640617	3397.432	6414.900	5857.031	5857.031
7	Spectrogram 1	1	11.931640617	11.932638349	3397.432	6414.900	5857.031	5857.031
8	Spectrogram 1	1	11.932638349	11.933636081	3397.432	6414.900	5512.500	5684.766
9	Spectrogram 1	1	11.933636081	11.934633814	3397.432	6414.900	5512.500	5684.766
10	Spectrogram 1	1	11.934633814	11.935631546	3397.432	6414.900	5512.500	5684.766
11	Spectrogram 1	1	11.935631546	11.936629279	3397.432	6414.900	5512.500	5684.766
12	Spectrogram 1	1	11.936629279	11.937627011	3397.432	6414.900	5512.500	5684.766
13	Spectrogram 1	1	11.937627011	11.938624744	3397.432	6414.900	4651.172	4651.172
14	Spectrogram 1	1	11.938624744	11.939622476	3397.432	6414.900	4651.172	4651.172
15	Spectrogram 1	1	11.939622476	11.940620208	3397.432	6414.900	4651.172	4651.172
16	Spectrogram 1	1	11.940620208	11.941617941	3397.432	6414.900	4651.172	4651.172
17	Spectrogram 1	1	11.941617941	11.942615673	3397.432	6414.900	4651.172	4651.172
18	Spectrogram 1	1	11.942615673	11.943613406	3397.432	6414.900	4651.172	4651.172
19	Spectrogram 1	1	11.943613406	11.944611138	3397.432	6414.900	4565.039	4565.039
20	Spectrogram 1	1	11.944611138	11.945608871	3397.432	6414.900	4565.039	4565.039
21	Spectrogram 1	1	11.945608871	11.946606603	3397.432	6414.900	4565.039	4565.039
22	Spectrogram 1	1	11.946606603	11.947604335	3397.432	6414.900	4565.039	4565.039
23	Spectrogram 1	1	11.947604335	11.948602068	3397.432	6414.900	4565.039	4565.039
24	Spectrogram 1	1	11.948602068	11.949599800	3397.432	6414.900	4565.039	4565.039
25	Spectrogram 1	1	11.949599800	11.950597533	3397.432	6414.900	4478.906	4478.906
26	Spectrogram 1	1	11.950597533	11.951595265	3397.432	6414.900	4478.906	4478.906
27	Spectrogram 1	1	11.951595265	11.952592998	3397.432	6414.900	4478.906	4478.906
28	Spectrogram 1	1	11.952592998	11.953590730	3397.432	6414.900	4478.906	4478.906
29	Spectrogram 1	1	11.953590730	11.954588462	3397.432	6414.900	4478.906	4478.906
30	Spectrogram 1	1	11.954588462	11.955586195	3397.432	6414.900	4478.906	4478.906
31	Spectrogram 1	1	11.955586195	11.956583927	3397.432	6414.900	4392.773	4392.773
32	Spectrogram 1	1	11.956583927	11.957581660	3397.432	6414.900	4392.773	4392.773
33	Spectrogram 1	1	11.957581660	11.958579392	3397.432	6414.900	4392.773	4392.773
34	Spectrogram 1	1	11.958579392	11.959577124	3397.432	6414.900	4392.773	4392.773
35	Spectrogram 1	1	11.959577124	11.960574857	3397.432	6414.900	4392.773	4392.773
36	Spectrogram 1	1	11.960574857	11.961572589	3397.432	6414.900	4392.773	4392.773
37	Spectrogram 1	1	11.961572589	11.962570322	3397.432	6414.900	4392.773	4392.773
38	Spectrogram 1	1	11.962570322	11.963568054	3397.432	6414.900	4392.773	4392.773
39	Spectrogram 1	1	11.963568054	11.964565787	3397.432	6414.900	4392.773	4392.773
40	Spectrogram 1	1	11.964565787	11.965563519	3397.432	6414.900	4392.773	4392.773
41	Spectrogram 1	1	11.965563519	11.966561251	3397.432	6414.900	4392.773	4392.773
42	Spectrogram 1	1	11.966561251	11.967558984	3397.432	6414.900	4478.906	4478.906
43	Spectrogram 1	1	11.967558984	11.968556716	3397.432	6414.900	4478.906	4478.906
44	Spectrogram 1	1	11.968556716	11.969554449	3397.432	6414.900	4478.906	4478.906
45	Spectrogram 1	1	11.969554449	11.970552181	3397.432	6414.900	4478.906	4478.906
46	Spectrogram 1	1	11.970552181	11.971549914	3397.432	6414.900	4478.906	4478.906
47	Spectrogram 1	1	11.971549914	11.972547646	3397.432	6414.900	4478.906	4478.906
48	Spectrogram 1	1	11.972547646	11.973545378	3397.432	6414.900	4478.906	4478.906
49	Spectrogram 1	1	11.973545378	11.974543111	3397.432	6414.900	4478.906	4478.906
50	Spectrogram 1	1	11.974543111	11.975540843	3397.432	6414.900	4478.906	4478.906
51	Spectrogram 1	1	11.975540843	11.976538576	3397.432	6414.900	4478.906	4478.906
52	Spectrogram 1	1	11.976538576	11.977536308	3397.432	6414.900	4478.906	4478.906
53	Spectrogram 1	1	11.977536308	11.978534041	3397.432	6414.900	4478.906	4478.906
54	Spectrogram 1	1	11.978534041	11.979531773	3397.432	6414.900	4478.906	4478.906
55	Spectrogram 1	1	11.979531773	11.980529505	3397.432	6414.900	4478.906	4478.906
56	Spectrogram 1	1	11.980529505	11.981527238	3397.432	6414.900	4478.906	4478.906
57	Spectrogram 1	1	11.981527238	11.982524970	3397.432	6414.900	4478.906	4478.906
58	Spectrogram 1	1	11.982524970	11.983522703	3397.432	6414.900	4478.906	4478.906
59	Spectrogram 1	1	11.983522703	11.984520435	3397.432	6414.900	4478.906	4478.906
60	Spectrogram 1	1	11.984520435	11.985518168	3397.432	6414.900	4478.906	4478.906
61	Spectrogram 1	1	11.985518168	11.986515900	3397.432	6414.900	4478.906	4478.906
62	Spectrogram 1	1	11.986515900	11.987513632	3397.432	6414.900	4478.906	4478.906
63	Spectrogram 1	1	11.987513632	11.988511365	3397.432	6414.900	4478.906	4478.906
64	Spectrogram 1	1	11.988511365	11.989509097	3397.432	6414.900	4478.906	4478.906
65	Spectrogram 1	1	11.989509097	11.990506830	3397.432	6414.900	4478.906	4478.906
66	Spectrogram 1	1	11.990506830	11.991504562	3397.432	6414.900	4478.906	4478.906
67	Spectrogram 1	1	11.991504562	11.992502295	3397.432	6414.900	4478.906	4478.906
68	Spectrogram 1	1	11.992502295	11.993500027	3397.432	6414.900	4478.906	4478.906
69	Spectrogram 1	1	11.993500027	11.994497759	3397.432	6414.900	4478.906	4478.906
70	Spectrogram 1	1	11.994497759	11.995495492	3397.432	6414.900	4478.906	4478.906
71	Spectrogram 1	1	11.995495492	11.996493224	3397.432	6414.900	4478.906	4478.906
72	Spectrogram 1	1	11.996493224	11.997490957	3397.432	6414.900	4478.906	4478.906
73	Spectrogram 1	1	11.997490957	11.998488689	3397.432	6414.900	4478.906	4478.906
74	Spectrogram 1	1	11.998488689	11.999486422	3397.432	6414.900	4478.906	4478.906
75	Spectrogram 1	1	11.999486422	12.000484154	3397.432	6414.900	4478.906	4478.906
76	Spectrogram 1	1	12.000484154	12.001481886	3397.432	6414.900	4478.906	4478.906
77	Spectrogram 1	1	12.001481886	12.002479619	3397.432	6414.900	4737.305	4737.305
78	Spectrogram 1	1	12.002479619	12.003477351	3397.432	6414.900	4737.305	4737.305
79	Spectrogram 1	1	12.003477351	12.004475084	3397.432	6414.900	4737.305	4737.305
80	Spectrogram 1	1	12.004475084	12.005472816	3397.432	6414.900	4737.305	4737.305
81	Spectrogram 1	1	12.005472816	12.006470549	3397.432	6414.900	4737.305	4737.305
82	Spectrogram 1	1	12.006470549	12.007468281	3397.432	6414.900	4737.305	4737.305
83	Spectrogram 1	1	12.007468281	12.008466013	3397.432	6414.900	5167.969	5167.969
84	Spectrogram 1	1	12.008466013	12.009463746	3397.432	6414.900	5167.969	5167.969
85	Spectrogram 1	1	12.009463746	12.010461478	3397.432	6414.900	5167.969	5167.969
86	Spectrogram 1	1	12.010461478	12.011459211	3397.432	6414.900	5167.969	5167.969
87	Spectrogram 1	1	12.011459211	12.012456943	3397.432	6414.900	5167.969	5167.969
88	Spectrogram 1	1	12.012456943	12.013454676	3397.432	6414.900	5167.969	5167.969
89	Spectrogram 1	1	12.013454676	12.014452408	3397.432	6414.900	5254.102	5254.102
90	Spectrogram 1	1	12.014452408	12.015450140	3397.432	6414.900	5254.102	5254.102
91	Spectrogram 1	1	12.015450140	12.016447873	3397.432	6414.900	5254.102	5254.102
92	Spectrogram 1	1	12.016447873	12.017445605	3397.432	6414.900	5254.102	5254.102
93	Spectrogram 1	1	12.017445605	12.018443338	3397.432	6414.900	5254.102	5254.102
94	Spectrogram 1	1	12.018443338	12.019441070	3397.432	6414.900	5254.102	5254.102
95	Spectrogram 1	1	12.019441070	12.020438802	3397.432	6414.900	5340.234	5340.234
96	Spectrogram 1	1	12.020438802	12.021436535	3397.432	6414.900	5340.234	5340.234
97	Spectrogram 1	1	12.021436535	12.022434267	3397.432	6414.900	5340.234	5340.234
98	Spectrogram 1	1	12.022434267	12.023432000	3397.432	6414.900	5340.234	5340.234
99	Spectrogram 1	1	12.023432000	12.024429732	3397.432	6414.900	5340.234	5340.234
100	Spectrogram 1	1	12.024429732	12.025427465	3397.432	6414.900	5340.234	5340.234
101	Spectrogram 1	1	12.025427465	12.026425197	3397.432	6414.900	5426.367	5426.367
102	Spectrogram 1	1	12.026425197	12.027422929	3397.432	6414.900	5426.367	5426.367
103	Spectrogram 1	1	12.027422929	12.028420662	3397.432	6414.900	5426.367	5426.367
104	Spectrogram 1	1	12.028420662	12.029418394	3397.432	6414.900	5426.367	5426.367
105	Spectrogram 1	1	12.029418394	12.030416127	3397.432	6414.900	5426.367	5426.367
106	Spectrogram 1	1	12.030416127	12.031413859	3397.432	6414.900	5426.367	5426.367
107	Spectrogram 1	1	12.031413859	12.032411592	3397.432	6414.900	5426.367	5426.367
108	Spectrogram 1	1	12.032411592	12.033409324	3397.432	6414.900	5426.367	5426.367
109	Spectrogram 1	1	12.033409324	12.034407056	3397.432	6414.900	5426.367	5426.367
110	Spectrogram 1	1	12.034407056	12.035404789	3397.432	6414.900	5426.367	5426.367
111	Spectrogram 1	1	12.035404789	12.036402521	3397.432	6414.900	5426.367	5426.367
112	Spectrogram 1	1	12.036402521	12.037400254	3397.432	6414.900	5426.367	5426.367
113	Spectrogram 1	1	12.037400254	12.038397986	3397.432	6414.900	5426.367	5426.367
114	Spectrogram 1	1	12.038397986	12.039395719	3397.432	6414.900	5426.367	5426.367
115	Spectrogram 1	1	12.039395719	12.040393451	3397.432	6414.900	5426.367	5426.367
116	Spectrogram 1	1	12.040393451	12.041391183	3397.432	6414.900	5426.367	5426.367
117	Spectrogram 1	1	12.041391183	12.042388916	3397.432	6414.900	5426.367	5426.367
118	Spectrogram 1	1	12.042388916	12.043386648	3397.432	6414.900	5340.234	5426.367
119	Spectrogram 1	1	12.043386648	12.044384381	3397.432	6414.900	5340.234	5426.367
120	Spectrogram 1	1	12.044384381	12.045382113	3397.432	6414.900	5340.234	5426.367
121	Spectrogram 1	1	12.045382113	12.046379846	3397.432	6414.900	5340.234	5426.367
122	Spectrogram 1	1	12.046379846	12.047377578	3397.432	6414.900	5340.234	5426.367
123	Spectrogram 1	1	12.047377578	12.048375310	3397.432	6414.900	5340.234	5426.367
124	Spectrogram 1	1	12.048375310	12.049373043	3397.432	6414.900	3703.711	3703.711
125	Spectrogram 1	1	12.049373043	12.050370775	3397.432	6414.900	3703.711	3703.711
126	Spectrogram 1	1	12.050370775	12.051368508	3397.432	6414.900	3703.711	3703.711
127	Spectrogram 1	1	12.051368508	12.052366240	3397.432	6414.900	3703.711	3703.711
128	Spectrogram 1	1	12.052366240	12.053363973	3397.432	6414.900	3703.711	3703.711
129	Spectrogram 1	1	12.053363973	12.054361705	3397.432	6414.900	3703.711	3703.711
130	Spectrogram 1	1	12.054361705	12.055359437	3397.432	6414.900	3789.844	3789.844
131	Spectrogram 1	1	12.055359437	12.056357170	3397.432	6414.900	3789.844	3789.844
132	Spectrogram 1	1	12.056357170	12.057354902	3397.432	6414.900	3789.844	3789.844
133	Spectrogram 1	1	12.057354902	12.058352635	3397.432	6414.900	3789.844	3789.844
134	Spectrogram 1	1	12.058352635	12.059350367	3397.432	6414.900	3789.844	3789.844
135	Spectrogram 1	1	12.059350367	12.060348100	3397.432	6414.900	3789.844	3789.844
136	Spectrogram 1	1	12.060348100	12.061345832	3397.432	6414.900	3875.977	3875.977
137	Spectrogram 1	1	12.061345832	12.062343564	3397.432	6414.900	3875.977	3875.977
138	Spectrogram 1	1	12.062343564	12.063341297	3397.432	6414.900	3875.977	3875.977
139	Spectrogram 1	1	12.063341297	12.064339029	3397.432	6414.900	3875.977	3875.977
140	Spectrogram 1	1	12.064339029	12.065336762	3397.432	6414.900	3875.977	3875.977
141	Spectrogram 1	1	12.065336762	12.066334494	3397.432	6414.900	3789.844	3789.844
142	Spectrogram 1	1	12.066334494	12.067332227	3397.432	6414.900	3789.844	3789.844
143	Spectrogram 1	1	12.067332227	12.068329959	3397.432	6414.900	3789.844	3789.844
144	Spectrogram 1	1	12.068329959	12.069327691	3397.432	6414.900	3789.844	3789.844
145	Spectrogram 1	1	12.069327691	12.070325424	3397.432	6414.900	3789.844	3789.844
146	Spectrogram 1	1	12.070325424	12.071323156	3397.432	6414.900	3789.844	3789.844
147	Spectrogram 1	1	12.071323156	12.072320889	3397.432	6414.900	4823.438	5426.367
148	Spectrogram 1	1	12.072320889	12.073318621	3397.432	6414.900	4823.438	5426.367
149	Spectrogram 1	1	12.073318621	12.074316354	3397.432	6414.900	4823.438	5426.367
150	Spectrogram 1	1	12.074316354	12.075314086	3397.432	6414.900	4823.438	5426.367
151	Spectrogram 1	1	12.075314086	12.076311818	3397.432	6414.900	4823.438	5426.367
152	Spectrogram 1	1	12.076311818	12.077309551	3397.432	6414.900	4823.438	5426.367
153	Spectrogram 1	1	12.077309551	12.078307283	3397.432	6414.900	3789.844	3789.844
154	Spectrogram 1	1	12.078307283	12.079305016	3397.432	6414.900	3789.844	3789.844
155	Spectrogram 1	1	12.079305016	12.080302748	3397.432	6414.900	3789.844	3789.844
156	Spectrogram 1	1	12.080302748	12.081300481	3397.432	6414.900	3789.844	3789.844
157	Spectrogram 1	1	12.081300481	12.082298213	3397.432	6414.900	3789.844	3789.844
158	Spectrogram 1	1	12.082298213	12.083295945	3397.432	6414.900	3789.844	3789.844
159	Spectrogram 1	1	12.083295945	12.084293678	3397.432	6414.900	3875.977	3875.977
160	Spectrogram 1	1	12.084293678	12.085291410	3397.432	6414.900	3875.977	3875.977
161	Spectrogram 1	1	12.085291410	12.086289143	3397.432	6414.900	3875.977	3875.977
162	Spectrogram 1	1	12.086289143	12.087286875	3397.432	6414.900	3875.977	3875.977
163	Spectrogram 1	1	12.087286875	12.088284607	3397.432	6414.900	3875.977	3875.977
164	Spectrogram 1	1	12.088284607	12.089282340	3397.432	6414.900	3875.977	3875.977
165	Spectrogram 1	1	12.089282340	12.090280072	3397.432	6414.900	4306.641	4306.641
166	Spectrogram 1	1	12.090280072	12.091277805	3397.432	6414.900	4306.641	4306.641
167	Spectrogram 1	1	12.091277805	12.092275537	3397.432	6414.900	4306.641	4306.641
168	Spectrogram 1	1	12.092275537	12.093273270	3397.432	6414.900	4306.641	4306.641
169	Spectrogram 1	1	12.093273270	12.094271002	3397.432	6414.900	4306.641	4306.641
170	Spectrogram 1	1	12.094271002	12.095268734	3397.432	6414.900	4478.906	4478.906
171	Spectrogram 1	1	12.095268734	12.096266467	3397.432	6414.900	4478.906	4478.906
172	Spectrogram 1	1	12.096266467	12.097264199	3397.432	6414.900	4478.906	4478.906
173	Spectrogram 1	1	12.097264199	12.098261932	3397.432	6414.900	4478.906	4478.906
174	Spectrogram 1	1	12.098261932	12.099259664	3397.432	6414.900	4478.906	4478.906
175	Spectrogram 1	1	12.099259664	12.100257397	3397.432	6414.900	4478.906	4478.906
176	Spectrogram 1	1	12.100257397	12.101255129	3397.432	6414.900	4651.172	4651.172
177	Spectrogram 1	1	12.101255129	12.102252861	3397.432	6414.900	4651.172	4651.172
178	Spectrogram 1	1	12.102252861	12.103250594	3397.432	6414.900	4651.172	4651.172
179	Spectrogram 1	1	12.103250594	12.104248326	3397.432	6414.900	4651.172	4651.172
180	Spectrogram 1	1	12.104248326	12.105246059	3397.432	6414.900	4651.172	4651.172
181	Spectrogram 1	1	12.105246059	12.106243791	3397.432	6414.900	4651.172	4651.172
182	Spectrogram 1	1	12.106243791	12.107241524	3397.432	6414.900	4823.438	4823.438
183	Spectrogram 1	1	12.107241524	12.108239256	3397.432	6414.900	4823.438	4823.438
184	Spectrogram 1	1	12.108239256	12.109236988	3397.432	6414.900	4823.438	4823.438
185	Spectrogram 1	1	12.109236988	12.110234721	3397.432	6414.900	4823.438	4823.438
186	Spectrogram 1	1	12.110234721	12.111232453	3397.432	6414.900	4823.438	4823.438
187	Spectrogram 1	1	12.111232453	12.112230186	3397.432	6414.900	4823.438	4823.438
188	Spectrogram 1	1	12.112230186	12.113227918	3397.432	6414.900	4909.570	4909.570
189	Spectrogram 1	1	12.113227918	12.114225651	3397.432	6414.900	4909.570	4909.570
190	Spectrogram 1	1	12.114225651	12.115223383	3397.432	6414.900	4909.570	4909.570
191	Spectrogram 1	1	12.115223383	12.116221115	3397.432	6414.900	4909.570	4909.570
192	Spectrogram 1	1	12.116221115	12.117218848	3397.432	6414.900	4909.570	4909.570
193	Spectrogram 1	1	12.117218848	12.118216580	3397.432	6414.900	4909.570	4909.570
194	Spectrogram 1	1	12.118216580	12.119214313	3397.432	6414.900	5167.969	5254.102
195	Spectrogram 1	1	12.119214313	12.120212045	3397.432	6414.900	5167.969	5254.102
196	Spectrogram 1	1	12.120212045	12.121209778	3397.432	6414.900	5167.969	5254.102
197	Spectrogram 1	1	12.121209778	12.122207510	3397.432	6414.900	5167.969	5254.102
198	Spectrogram 1	1	12.122207510	12.123205242	3397.432	6414.900	5167.969	5254.102
199	Spectrogram 1	1	12.123205242	12.124202975	3397.432	6414.900	5167.969	5254.102
200	Spectrogram 1	1	12.124202975	12.125200707	3397.432	6414.900	5598.633	5598.633
201	Spectrogram 1	1	12.125200707	12.126198440	3397.432	6414.900	5598.633	5598.633
202	Spectrogram 1	1	12.126198440	12.127196172	3397.432	6414.900	5598.633	5598.633
203	Spectrogram 1	1	12.127196172	12.128193905	3397.432	6414.900	5598.633	5598.633
204	Spectrogram 1	1	12.128193905	12.129191637	3397.432	6414.900	5598.633	5598.633
205	Spectrogram 1	1	12.129191637	12.130189369	3397.432	6414.900	5770.898	5684.766
206	Spectrogram 1	1	12.130189369	12.131187102	3397.432	6414.900	5770.898	5684.766
207	Spectrogram 1	1	12.131187102	12.132184834	3397.432	6414.900	5770.898	5684.766
208	Spectrogram 1	1	12.132184834	12.133182567	3397.432	6414.900	5770.898	5684.766
209	Spectrogram 1	1	12.133182567	12.134180299	3397.432	6414.900	5770.898	5684.766
210	Spectrogram 1	1	12.134180299	12.135178032	3397.432	6414.900	5770.898	5684.766
211	Spectrogram 1	1	12.135178032	12.136175764	3397.432	6414.900	6201.562	6287.695
212	Spectrogram 1	1	12.136175764	12.137173496	3397.432	6414.900	6201.562	6287.695
213	Spectrogram 1	1	12.137173496	12.138171229	3397.432	6414.900	6201.562	6287.695
214	Spectrogram 1	1	12.138171229	12.139168961	3397.432	6414.900	6201.562	6287.695
215	Spectrogram 1	1	12.139168961	12.140166694	3397.432	6414.900	6201.562	6287.695
216	Spectrogram 1	1	12.140166694	12.141164426	3397.432	6414.900	6201.562	6287.695
217	Spectrogram 1	1	12.141164426	12.142162159	3397.432	6414.900	6115.430	6201.562
218	Spectrogram 1	1	12.142162159	12.143159891	3397.432	6414.900	6115.430	6201.562
219	Spectrogram 1	1	12.143159891	12.144157623	3397.432	6414.900	6115.430	6201.562
220	Spectrogram 1	1	12.144157623	12.145155356	3397.432	6414.900	6115.430	6201.562
221	Spectrogram 1	1	12.145155356	12.146153088	3397.432	6414.900	6115.430	6201.562
222	Spectrogram 1	1	12.146153088	12.147150821	3397.432	6414.900	6115.430	6201.562
223	Spectrogram 1	1	12.147150821	12.148148553	3397.432	6414.900	5340.234	5167.969
224	Spectrogram 1	1	12.148148553	12.149146285	3397.432	6414.900	5340.234	5167.969
225	Spectrogram 1	1	12.149146285	12.150144018	3397.432	6414.900	5340.234	5167.969
226	Spectrogram 1	1	12.150144018	12.151141750	3397.432	6414.900	5340.234	5167.969
227	Spectrogram 1	1	12.151141750	12.152139483	3397.432	6414.900	5340.234	5167.969
228	Spectrogram 1	1	12.152139483	12.153137215	3397.432	6414.900	5340.234	5167.969
229	Spectrogram 1	1	12.153137215	12.154134948	3397.432	6414.900	4737.305	4737.305
230	Spectrogram 1	1	12.154134948	12.155132680	3397.432	6414.900	4737.305	4737.305
231	Spectrogram 1	1	12.155132680	12.156130412	3397.432	6414.900	4737.305	4737.305
232	Spectrogram 1	1	12.156130412	12.157128145	3397.432	6414.900	4737.305	4737.305
233	Spectrogram 1	1	12.157128145	12.158125877	3397.432	6414.900	4737.305	4737.305
234	Spectrogram 1	1	12.158125877	12.159123610	3397.432	6414.900	4565.039	4565.039
235	Spectrogram 1	1	12.159123610	12.160121342	3397.432	6414.900	4565.039	4565.039
236	Spectrogram 1	1	12.160121342	12.161119075	3397.432	6414.900	4565.039	4565.039
237	Spectrogram 1	1	12.161119075	12.162116807	3397.432	6414.900	4565.039	4565.039
238	Spectrogram 1	1	12.162116807	12.163114539	3397.432	6414.900	4565.039	4565.039
239	Spectrogram 1	1	12.163114539	12.164112272	3397.432	6414.900	4565.039	4565.039
240	Spectrogram 1	1	12.164112272	12.165110004	3397.432	6414.900	4392.773	4306.641
241	Spectrogram 1	1	12.165110004	12.166107737	3397.432	6414.900	4392.773	4306.641
242	Spectrogram 1	1	12.166107737	12.167105469	3397.432	6414.900	4392.773	4306.641
243	Spectrogram 1	1	12.167105469	12.168103202	3397.432	6414.900	4392.773	4306.641
244	Spectrogram 1	1	12.168103202	12.169100934	3397.432	6414.900	4392.773	4306.641
245	Spectrogram 1	1	12.169100934	12.170098666	3397.432	6414.900	4392.773	4306.641
246	Spectrogram 1	1	12.170098666	12.171096399	3397.432	6414.900	4823.438	4823.438
247	Spectrogram 1	1	12.171096399	12.171133956	3397.432	6414.900	4823.438	4823.438
