Selection	View	Channel	Begin Time (s)	End Time (s)	Low Freq (Hz)	High Freq (Hz)	Center Freq (Hz)	Peak Freq (Hz)
1	Spectrogram 1	2	34.155842923	34.156840655	3115.800	6198.962	5512.500	5857.031
2	Spectrogram 1	2	34.156840655	34.157838388	3115.800	6198.962	5512.500	5857.031
3	Spectrogram 1	2	34.157838388	34.158836120	3115.800	6198.962	5512.500	5857.031
4	Spectrogram 1	2	34.158836120	34.159833853	3115.800	6198.962	5512.500	5857.031
5	Spectrogram 1	2	34.159833853	34.160831585	3115.800	6198.962	5857.031	5857.031
6	Spectrogram 1	2	34.160831585	34.161829318	3115.800	6198.962	5857.031	5857.031
7	Spectrogram 1	2	34.161829318	34.162827050	3115.800	6198.962	5857.031	5857.031
8	Spectrogram 1	2	34.162827050	34.163824782	3115.800	6198.962	5857.031	5857.031
9	Spectrogram 1	2	34.163824782	34.164822515	3115.800	6198.962	5857.031	5857.031
10	Spectrogram 1	2	34.164822515	34.165820247	3115.800	6198.962	5081.836	4995.703
11	Spectrogram 1	2	34.165820247	34.166817980	3115.800	6198.962	5081.836	4995.703
12	Spectrogram 1	2	34.166817980	34.167815712	3115.800	6198.962	5081.836	4995.703
13	Spectrogram 1	2	34.167815712	34.168813445	3115.800	6198.962	5081.836	4995.703
14	Spectrogram 1	2	34.168813445	34.169811177	3115.800	6198.962	5081.836	4995.703
15	Spectrogram 1	2	34.169811177	34.170808909	3115.800	6198.962	5081.836	4995.703
16	Spectrogram 1	2	34.170808909	34.171806642	3115.800	6198.962	4823.438	4823.438
17	Spectrogram 1	2	34.171806642	34.172804374	3115.800	6198.962	4823.438	4823.438
18	Spectrogram 1	2	34.172804374	34.173802107	3115.800	6198.962	4823.438	4823.438
19	Spectrogram 1	2	34.173802107	34.174799839	3115.800	6198.962	4823.438	4823.438
20	Spectrogram 1	2	34.174799839	34.175797572	3115.800	6198.962	4823.438	4823.438
21	Spectrogram 1	2	34.175797572	34.176795304	3115.800	6198.962	4823.438	4823.438
22	Spectrogram 1	2	34.176795304	34.177793036	3115.800	6198.962	4823.438	4823.438
23	Spectrogram 1	2	34.177793036	34.178790769	3115.800	6198.962	4823.438	4823.438
24	Spectrogram 1	2	34.178790769	34.179788501	3115.800	6198.962	4823.438	4823.438
25	Spectrogram 1	2	34.179788501	34.180786234	3115.800	6198.962	4823.438	4823.438
26	Spectrogram 1	2	34.180786234	34.181783966	3115.800	6198.962	4823.438	4823.438
27	Spectrogram 1	2	34.181783966	34.182781699	3115.800	6198.962	4823.438	4823.438
28	Spectrogram 1	2	34.182781699	34.183779431	3115.800	6198.962	4651.172	4651.172
29	Spectrogram 1	2	34.183779431	34.184777163	3115.800	6198.962	4651.172	4651.172
30	Spectrogram 1	2	34.184777163	34.185774896	3115.800	6198.962	4651.172	4651.172
31	Spectrogram 1	2	34.185774896	34.186772628	3115.800	6198.962	4651.172	4651.172
32	Spectrogram 1	2	34.186772628	34.187770361	3115.800	6198.962	4651.172	4651.172
33	Spectrogram 1	2	34.187770361	34.188768093	3115.800	6198.962	4651.172	4651.172
34	Spectrogram 1	2	34.188768093	34.189765825	3115.800	6198.962	4651.172	4565.039
35	Spectrogram 1	2	34.189765825	34.190763558	3115.800	6198.962	4651.172	4565.039
36	Spectrogram 1	2	34.190763558	34.191761290	3115.800	6198.962	4651.172	4565.039
37	Spectrogram 1	2	34.191761290	34.192759023	3115.800	6198.962	4651.172	4565.039
38	Spectrogram 1	2	34.192759023	34.193756755	3115.800	6198.962	4651.172	4565.039
39	Spectrogram 1	2	34.193756755	34.194754488	3115.800	6198.962	4651.172	4565.039
40	Spectrogram 1	2	34.194754488	34.195752220	3115.800	6198.962	4651.172	4651.172
41	Spectrogram 1	2	34.195752220	34.196749952	3115.800	6198.962	4651.172	4651.172
42	Spectrogram 1	2	34.196749952	34.197747685	3115.800	6198.962	4651.172	4651.172
43	Spectrogram 1	2	34.197747685	34.198745417	3115.800	6198.962	4651.172	4651.172
44	Spectrogram 1	2	34.198745417	34.199743150	3115.800	6198.962	4651.172	4651.172
45	Spectrogram 1	2	34.199743150	34.200740882	3115.800	6198.962	4651.172	4651.172
46	Spectrogram 1	2	34.200740882	34.201738615	3115.800	6198.962	4651.172	4651.172
47	Spectrogram 1	2	34.201738615	34.202736347	3115.800	6198.962	4651.172	4651.172
48	Spectrogram 1	2	34.202736347	34.203734079	3115.800	6198.962	4651.172	4651.172
49	Spectrogram 1	2	34.203734079	34.204731812	3115.800	6198.962	4651.172	4651.172
50	Spectrogram 1	2	34.204731812	34.205729544	3115.800	6198.962	4651.172	4651.172
51	Spectrogram 1	2	34.205729544	34.206727277	3115.800	6198.962	4651.172	4651.172
52	Spectrogram 1	2	34.206727277	34.207725009	3115.800	6198.962	4651.172	4651.172
53	Spectrogram 1	2	34.207725009	34.208722742	3115.800	6198.962	4651.172	4651.172
54	Spectrogram 1	2	34.208722742	34.209720474	3115.800	6198.962	4651.172	4651.172
55	Spectrogram 1	2	34.209720474	34.210718206	3115.800	6198.962	4651.172	4651.172
56	Spectrogram 1	2	34.210718206	34.211715939	3115.800	6198.962	4651.172	4651.172
57	Spectrogram 1	2	34.211715939	34.212713671	3115.800	6198.962	4737.305	4737.305
58	Spectrogram 1	2	34.212713671	34.213711404	3115.800	6198.962	4737.305	4737.305
59	Spectrogram 1	2	34.213711404	34.214709136	3115.800	6198.962	4737.305	4737.305
60	Spectrogram 1	2	34.214709136	34.215706869	3115.800	6198.962	4737.305	4737.305
61	Spectrogram 1	2	34.215706869	34.216704601	3115.800	6198.962	4737.305	4737.305
62	Spectrogram 1	2	34.216704601	34.217702333	3115.800	6198.962	4737.305	4737.305
63	Spectrogram 1	2	34.217702333	34.218700066	3115.800	6198.962	4737.305	4737.305
64	Spectrogram 1	2	34.218700066	34.219697798	3115.800	6198.962	4737.305	4737.305
65	Spectrogram 1	2	34.219697798	34.220695531	3115.800	6198.962	4737.305	4737.305
66	Spectrogram 1	2	34.220695531	34.221693263	3115.800	6198.962	4737.305	4737.305
67	Spectrogram 1	2	34.221693263	34.222690996	3115.800	6198.962	4737.305	4737.305
68	Spectrogram 1	2	34.222690996	34.223688728	3115.800	6198.962	4737.305	4737.305
69	Spectrogram 1	2	34.223688728	34.224686460	3115.800	6198.962	4737.305	4737.305
70	Spectrogram 1	2	34.224686460	34.225684193	3115.800	6198.962	4737.305	4737.305
71	Spectrogram 1	2	34.225684193	34.226681925	3115.800	6198.962	4737.305	4737.305
72	Spectrogram 1	2	34.226681925	34.227679658	3115.800	6198.962	4737.305	4737.305
73	Spectrogram 1	2	34.227679658	34.228677390	3115.800	6198.962	4737.305	4737.305
74	Spectrogram 1	2	34.228677390	34.229675123	3115.800	6198.962	4737.305	4737.305
75	Spectrogram 1	2	34.229675123	34.230672855	3115.800	6198.962	4737.305	4737.305
76	Spectrogram 1	2	34.230672855	34.231670587	3115.800	6198.962	4737.305	4737.305
77	Spectrogram 1	2	34.231670587	34.232668320	3115.800	6198.962	4737.305	4737.305
78	Spectrogram 1	2	34.232668320	34.233666052	3115.800	6198.962	4737.305	4737.305
79	Spectrogram 1	2	34.233666052	34.234663785	3115.800	6198.962	4737.305	4737.305
80	Spectrogram 1	2	34.234663785	34.235661517	3115.800	6198.962	4651.172	4651.172
81	Spectrogram 1	2	34.235661517	34.236659250	3115.800	6198.962	4651.172	4651.172
82	Spectrogram 1	2	34.236659250	34.237656982	3115.800	6198.962	4651.172	4651.172
83	Spectrogram 1	2	34.237656982	34.238654714	3115.800	6198.962	4651.172	4651.172
84	Spectrogram 1	2	34.238654714	34.239652447	3115.800	6198.962	4651.172	4651.172
85	Spectrogram 1	2	34.239652447	34.240650179	3115.800	6198.962	4651.172	4651.172
86	Spectrogram 1	2	34.240650179	34.241647912	3115.800	6198.962	4823.438	4823.438
87	Spectrogram 1	2	34.241647912	34.242645644	3115.800	6198.962	4823.438	4823.438
88	Spectrogram 1	2	34.242645644	34.243643377	3115.800	6198.962	4823.438	4823.438
89	Spectrogram 1	2	34.243643377	34.244641109	3115.800	6198.962	4823.438	4823.438
90	Spectrogram 1	2	34.244641109	34.245638841	3115.800	6198.962	4823.438	4823.438
91	Spectrogram 1	2	34.245638841	34.246636574	3115.800	6198.962	4823.438	4823.438
92	Spectrogram 1	2	34.246636574	34.247634306	3115.800	6198.962	5167.969	5254.102
93	Spectrogram 1	2	34.247634306	34.248632039	3115.800	6198.962	5167.969	5254.102
94	Spectrogram 1	2	34.248632039	34.249629771	3115.800	6198.962	5167.969	5254.102
95	Spectrogram 1	2	34.249629771	34.250627503	3115.800	6198.962	5167.969	5254.102
96	Spectrogram 1	2	34.250627503	34.251625236	3115.800	6198.962	5167.969	5254.102
97	Spectrogram 1	2	34.251625236	34.252622968	3115.800	6198.962	5167.969	5254.102
98	Spectrogram 1	2	34.252622968	34.253620701	3115.800	6198.962	5684.766	5770.898
99	Spectrogram 1	2	34.253620701	34.254618433	3115.800	6198.962	5684.766	5770.898
100	Spectrogram 1	2	34.254618433	34.255616166	3115.800	6198.962	5684.766	5770.898
101	Spectrogram 1	2	34.255616166	34.256613898	3115.800	6198.962	5684.766	5770.898
102	Spectrogram 1	2	34.256613898	34.257611630	3115.800	6198.962	5684.766	5770.898
103	Spectrogram 1	2	34.257611630	34.258609363	3115.800	6198.962	5684.766	5770.898
104	Spectrogram 1	2	34.258609363	34.259607095	3115.800	6198.962	5340.234	5254.102
105	Spectrogram 1	2	34.259607095	34.260604828	3115.800	6198.962	5340.234	5254.102
106	Spectrogram 1	2	34.260604828	34.261602560	3115.800	6198.962	5340.234	5254.102
107	Spectrogram 1	2	34.261602560	34.262600293	3115.800	6198.962	5340.234	5254.102
108	Spectrogram 1	2	34.262600293	34.263598025	3115.800	6198.962	5340.234	5254.102
109	Spectrogram 1	2	34.263598025	34.264595757	3115.800	6198.962	5254.102	5254.102
110	Spectrogram 1	2	34.264595757	34.265593490	3115.800	6198.962	5254.102	5254.102
111	Spectrogram 1	2	34.265593490	34.266591222	3115.800	6198.962	5254.102	5254.102
112	Spectrogram 1	2	34.266591222	34.267588955	3115.800	6198.962	5254.102	5254.102
113	Spectrogram 1	2	34.267588955	34.268586687	3115.800	6198.962	5254.102	5254.102
114	Spectrogram 1	2	34.268586687	34.269584420	3115.800	6198.962	5254.102	5254.102
115	Spectrogram 1	2	34.269584420	34.270582152	3115.800	6198.962	5254.102	5254.102
116	Spectrogram 1	2	34.270582152	34.271579884	3115.800	6198.962	5254.102	5254.102
117	Spectrogram 1	2	34.271579884	34.272577617	3115.800	6198.962	5254.102	5254.102
118	Spectrogram 1	2	34.272577617	34.273575349	3115.800	6198.962	5254.102	5254.102
119	Spectrogram 1	2	34.273575349	34.274573082	3115.800	6198.962	5254.102	5254.102
120	Spectrogram 1	2	34.274573082	34.275570814	3115.800	6198.962	5254.102	5254.102
121	Spectrogram 1	2	34.275570814	34.276568547	3115.800	6198.962	5167.969	5512.500
122	Spectrogram 1	2	34.276568547	34.277566279	3115.800	6198.962	5167.969	5512.500
123	Spectrogram 1	2	34.277566279	34.278564011	3115.800	6198.962	5167.969	5512.500
124	Spectrogram 1	2	34.278564011	34.279561744	3115.800	6198.962	5167.969	5512.500
125	Spectrogram 1	2	34.279561744	34.280559476	3115.800	6198.962	5167.969	5512.500
126	Spectrogram 1	2	34.280559476	34.281557209	3115.800	6198.962	5167.969	5512.500
127	Spectrogram 1	2	34.281557209	34.282554941	3115.800	6198.962	3703.711	3531.445
128	Spectrogram 1	2	34.282554941	34.283552674	3115.800	6198.962	3703.711	3531.445
129	Spectrogram 1	2	34.283552674	34.284550406	3115.800	6198.962	3703.711	3531.445
130	Spectrogram 1	2	34.284550406	34.285548138	3115.800	6198.962	3703.711	3531.445
131	Spectrogram 1	2	34.285548138	34.286545871	3115.800	6198.962	3703.711	3531.445
132	Spectrogram 1	2	34.286545871	34.287543603	3115.800	6198.962	3703.711	3531.445
133	Spectrogram 1	2	34.287543603	34.288541336	3115.800	6198.962	3703.711	3703.711
134	Spectrogram 1	2	34.288541336	34.289539068	3115.800	6198.962	3703.711	3703.711
135	Spectrogram 1	2	34.289539068	34.290536801	3115.800	6198.962	3703.711	3703.711
136	Spectrogram 1	2	34.290536801	34.291534533	3115.800	6198.962	3703.711	3703.711
137	Spectrogram 1	2	34.291534533	34.292532265	3115.800	6198.962	3703.711	3703.711
138	Spectrogram 1	2	34.292532265	34.293529998	3115.800	6198.962	3789.844	3789.844
139	Spectrogram 1	2	34.293529998	34.294527730	3115.800	6198.962	3789.844	3789.844
140	Spectrogram 1	2	34.294527730	34.295525463	3115.800	6198.962	3789.844	3789.844
141	Spectrogram 1	2	34.295525463	34.296523195	3115.800	6198.962	3789.844	3789.844
142	Spectrogram 1	2	34.296523195	34.297520928	3115.800	6198.962	3789.844	3789.844
143	Spectrogram 1	2	34.297520928	34.298518660	3115.800	6198.962	3789.844	3789.844
144	Spectrogram 1	2	34.298518660	34.299516392	3115.800	6198.962	3875.977	3875.977
145	Spectrogram 1	2	34.299516392	34.300514125	3115.800	6198.962	3875.977	3875.977
146	Spectrogram 1	2	34.300514125	34.301511857	3115.800	6198.962	3875.977	3875.977
147	Spectrogram 1	2	34.301511857	34.302509590	3115.800	6198.962	3875.977	3875.977
148	Spectrogram 1	2	34.302509590	34.303507322	3115.800	6198.962	3875.977	3875.977
149	Spectrogram 1	2	34.303507322	34.304505055	3115.800	6198.962	3875.977	3875.977
150	Spectrogram 1	2	34.304505055	34.305502787	3115.800	6198.962	3875.977	3875.977
151	Spectrogram 1	2	34.305502787	34.306500519	3115.800	6198.962	3875.977	3875.977
152	Spectrogram 1	2	34.306500519	34.307498252	3115.800	6198.962	3875.977	3875.977
153	Spectrogram 1	2	34.307498252	34.308495984	3115.800	6198.962	3875.977	3875.977
154	Spectrogram 1	2	34.308495984	34.309493717	3115.800	6198.962	3875.977	3875.977
155	Spectrogram 1	2	34.309493717	34.310491449	3115.800	6198.962	3875.977	3875.977
156	Spectrogram 1	2	34.310491449	34.311489182	3115.800	6198.962	3875.977	3875.977
157	Spectrogram 1	2	34.311489182	34.312486914	3115.800	6198.962	3875.977	3875.977
158	Spectrogram 1	2	34.312486914	34.313484646	3115.800	6198.962	3875.977	3875.977
159	Spectrogram 1	2	34.313484646	34.314482379	3115.800	6198.962	3875.977	3875.977
160	Spectrogram 1	2	34.314482379	34.315480111	3115.800	6198.962	3875.977	3875.977
161	Spectrogram 1	2	34.315480111	34.316477844	3115.800	6198.962	3875.977	3875.977
162	Spectrogram 1	2	34.316477844	34.317475576	3115.800	6198.962	3875.977	3875.977
163	Spectrogram 1	2	34.317475576	34.318473308	3115.800	6198.962	3875.977	3875.977
164	Spectrogram 1	2	34.318473308	34.319471041	3115.800	6198.962	3875.977	3875.977
165	Spectrogram 1	2	34.319471041	34.320468773	3115.800	6198.962	3875.977	3875.977
166	Spectrogram 1	2	34.320468773	34.321466506	3115.800	6198.962	3875.977	3875.977
167	Spectrogram 1	2	34.321466506	34.322464238	3115.800	6198.962	3875.977	3875.977
168	Spectrogram 1	2	34.322464238	34.323461971	3115.800	6198.962	3703.711	3703.711
169	Spectrogram 1	2	34.323461971	34.324459703	3115.800	6198.962	3703.711	3703.711
170	Spectrogram 1	2	34.324459703	34.325457435	3115.800	6198.962	3703.711	3703.711
171	Spectrogram 1	2	34.325457435	34.326455168	3115.800	6198.962	3703.711	3703.711
172	Spectrogram 1	2	34.326455168	34.327452900	3115.800	6198.962	3703.711	3703.711
173	Spectrogram 1	2	34.327452900	34.328450633	3115.800	6198.962	3617.578	3531.445
174	Spectrogram 1	2	34.328450633	34.329448365	3115.800	6198.962	3617.578	3531.445
175	Spectrogram 1	2	34.329448365	34.330446098	3115.800	6198.962	3617.578	3531.445
176	Spectrogram 1	2	34.330446098	34.331443830	3115.800	6198.962	3617.578	3531.445
177	Spectrogram 1	2	34.331443830	34.332441562	3115.800	6198.962	3617.578	3531.445
178	Spectrogram 1	2	34.332441562	34.333439295	3115.800	6198.962	3617.578	3531.445
179	Spectrogram 1	2	34.333439295	34.334437027	3115.800	6198.962	3789.844	3875.977
180	Spectrogram 1	2	34.334437027	34.335434760	3115.800	6198.962	3789.844	3875.977
181	Spectrogram 1	2	34.335434760	34.336432492	3115.800	6198.962	3789.844	3875.977
182	Spectrogram 1	2	34.336432492	34.337430225	3115.800	6198.962	3789.844	3875.977
183	Spectrogram 1	2	34.337430225	34.338427957	3115.800	6198.962	3789.844	3875.977
184	Spectrogram 1	2	34.338427957	34.339425689	3115.800	6198.962	3789.844	3875.977
185	Spectrogram 1	2	34.339425689	34.340423422	3115.800	6198.962	3875.977	3875.977
186	Spectrogram 1	2	34.340423422	34.341421154	3115.800	6198.962	3875.977	3875.977
187	Spectrogram 1	2	34.341421154	34.342418887	3115.800	6198.962	3875.977	3875.977
188	Spectrogram 1	2	34.342418887	34.343416619	3115.800	6198.962	3875.977	3875.977
189	Spectrogram 1	2	34.343416619	34.344414352	3115.800	6198.962	3875.977	3875.977
190	Spectrogram 1	2	34.344414352	34.345412084	3115.800	6198.962	3875.977	3875.977
191	Spectrogram 1	2	34.345412084	34.346409816	3115.800	6198.962	4478.906	3875.977
192	Spectrogram 1	2	34.346409816	34.347407549	3115.800	6198.962	4478.906	3875.977
193	Spectrogram 1	2	34.347407549	34.348405281	3115.800	6198.962	4478.906	3875.977
194	Spectrogram 1	2	34.348405281	34.349403014	3115.800	6198.962	4478.906	3875.977
195	Spectrogram 1	2	34.349403014	34.350400746	3115.800	6198.962	4478.906	3875.977
196	Spectrogram 1	2	34.350400746	34.351398479	3115.800	6198.962	4478.906	3875.977
197	Spectrogram 1	2	34.351398479	34.352396211	3115.800	6198.962	5684.766	5684.766
198	Spectrogram 1	2	34.352396211	34.353393943	3115.800	6198.962	5684.766	5684.766
199	Spectrogram 1	2	34.353393943	34.354391676	3115.800	6198.962	5684.766	5684.766
200	Spectrogram 1	2	34.354391676	34.355389408	3115.800	6198.962	5684.766	5684.766
201	Spectrogram 1	2	34.355389408	34.356387141	3115.800	6198.962	5684.766	5684.766
202	Spectrogram 1	2	34.356387141	34.357384873	3115.800	6198.962	4909.570	4909.570
203	Spectrogram 1	2	34.357384873	34.358382606	3115.800	6198.962	4909.570	4909.570
204	Spectrogram 1	2	34.358382606	34.359380338	3115.800	6198.962	4909.570	4909.570
205	Spectrogram 1	2	34.359380338	34.360378070	3115.800	6198.962	4909.570	4909.570
206	Spectrogram 1	2	34.360378070	34.361375803	3115.800	6198.962	4909.570	4909.570
207	Spectrogram 1	2	34.361375803	34.362373535	3115.800	6198.962	4909.570	4909.570
208	Spectrogram 1	2	34.362373535	34.363371268	3115.800	6198.962	4565.039	4478.906
209	Spectrogram 1	2	34.363371268	34.364369000	3115.800	6198.962	4565.039	4478.906
210	Spectrogram 1	2	34.364369000	34.365366733	3115.800	6198.962	4565.039	4478.906
211	Spectrogram 1	2	34.365366733	34.366364465	3115.800	6198.962	4565.039	4478.906
212	Spectrogram 1	2	34.366364465	34.367362197	3115.800	6198.962	4565.039	4478.906
213	Spectrogram 1	2	34.367362197	34.368359930	3115.800	6198.962	4565.039	4478.906
214	Spectrogram 1	2	34.368359930	34.369357662	3115.800	6198.962	4220.508	4306.641
215	Spectrogram 1	2	34.369357662	34.370355395	3115.800	6198.962	4220.508	4306.641
216	Spectrogram 1	2	34.370355395	34.371353127	3115.800	6198.962	4220.508	4306.641
217	Spectrogram 1	2	34.371353127	34.372350860	3115.800	6198.962	4220.508	4306.641
218	Spectrogram 1	2	34.372350860	34.373348592	3115.800	6198.962	4220.508	4306.641
219	Spectrogram 1	2	34.373348592	34.374346324	3115.800	6198.962	4220.508	4306.641
220	Spectrogram 1	2	34.374346324	34.375344057	3115.800	6198.962	4048.242	3875.977
221	Spectrogram 1	2	34.375344057	34.376341789	3115.800	6198.962	4048.242	3875.977
222	Spectrogram 1	2	34.376341789	34.377339522	3115.800	6198.962	4048.242	3875.977
223	Spectrogram 1	2	34.377339522	34.378337254	3115.800	6198.962	4048.242	3875.977
224	Spectrogram 1	2	34.378337254	34.379165360	3115.800	6198.962	4048.242	3875.977
