Selection	View	Channel	Begin Time (s)	End Time (s)	Low Freq (Hz)	High Freq (Hz)	Center Freq (Hz)	Peak Freq (Hz)
1	Spectrogram 1	1	2.414408463	2.415406195	3331.295	6598.000	4478.906	4478.906
2	Spectrogram 1	1	2.415406195	2.416403928	3331.295	6598.000	4478.906	4478.906
3	Spectrogram 1	1	2.416403928	2.417401660	3331.295	6598.000	4478.906	4478.906
4	Spectrogram 1	1	2.417401660	2.418399393	3331.295	6598.000	4737.305	4737.305
5	Spectrogram 1	1	2.418399393	2.419397125	3331.295	6598.000	4737.305	4737.305
6	Spectrogram 1	1	2.419397125	2.420394858	3331.295	6598.000	4737.305	4737.305
7	Spectrogram 1	1	2.420394858	2.421392590	3331.295	6598.000	4737.305	4737.305
8	Spectrogram 1	1	2.421392590	2.422390322	3331.295	6598.000	4737.305	4737.305
9	Spectrogram 1	1	2.422390322	2.423388055	3331.295	6598.000	4737.305	4737.305
10	Spectrogram 1	1	2.423388055	2.424385787	3331.295	6598.000	5426.367	5426.367
11	Spectrogram 1	1	2.424385787	2.425383520	3331.295	6598.000	5426.367	5426.367
12	Spectrogram 1	1	2.425383520	2.426381252	3331.295	6598.000	5426.367	5426.367
13	Spectrogram 1	1	2.426381252	2.427378985	3331.295	6598.000	5426.367	5426.367
14	Spectrogram 1	1	2.427378985	2.428376717	3331.295	6598.000	5426.367	5426.367
15	Spectrogram 1	1	2.428376717	2.429374449	3331.295	6598.000	5426.367	5426.367
16	Spectrogram 1	1	2.429374449	2.430372182	3331.295	6598.000	5684.766	5770.898
17	Spectrogram 1	1	2.430372182	2.431369914	3331.295	6598.000	5684.766	5770.898
18	Spectrogram 1	1	2.431369914	2.432367647	3331.295	6598.000	5684.766	5770.898
19	Spectrogram 1	1	2.432367647	2.433365379	3331.295	6598.000	5684.766	5770.898
20	Spectrogram 1	1	2.433365379	2.434363112	3331.295	6598.000	5684.766	5770.898
21	Spectrogram 1	1	2.434363112	2.435360844	3331.295	6598.000	5684.766	5770.898
22	Spectrogram 1	1	2.435360844	2.436358576	3331.295	6598.000	5598.633	5770.898
23	Spectrogram 1	1	2.436358576	2.437356309	3331.295	6598.000	5598.633	5770.898
24	Spectrogram 1	1	2.437356309	2.438354041	3331.295	6598.000	5598.633	5770.898
25	Spectrogram 1	1	2.438354041	2.439351774	3331.295	6598.000	5598.633	5770.898
26	Spectrogram 1	1	2.439351774	2.440349506	3331.295	6598.000	5598.633	5770.898
27	Spectrogram 1	1	2.440349506	2.441347239	3331.295	6598.000	5598.633	5770.898
28	Spectrogram 1	1	2.441347239	2.442344971	3331.295	6598.000	5426.367	5426.367
29	Spectrogram 1	1	2.442344971	2.443342703	3331.295	6598.000	5426.367	5426.367
30	Spectrogram 1	1	2.443342703	2.444340436	3331.295	6598.000	5426.367	5426.367
31	Spectrogram 1	1	2.444340436	2.445338168	3331.295	6598.000	5426.367	5426.367
32	Spectrogram 1	1	2.445338168	2.446335901	3331.295	6598.000	5426.367	5426.367
33	Spectrogram 1	1	2.446335901	2.447333633	3331.295	6598.000	4909.570	4909.570
34	Spectrogram 1	1	2.447333633	2.448331365	3331.295	6598.000	4909.570	4909.570
35	Spectrogram 1	1	2.448331365	2.449329098	3331.295	6598.000	4909.570	4909.570
36	Spectrogram 1	1	2.449329098	2.450326830	3331.295	6598.000	4909.570	4909.570
37	Spectrogram 1	1	2.450326830	2.451324563	3331.295	6598.000	4909.570	4909.570
38	Spectrogram 1	1	2.451324563	2.452322295	3331.295	6598.000	4909.570	4909.570
39	Spectrogram 1	1	2.452322295	2.453320028	3331.295	6598.000	4737.305	4737.305
40	Spectrogram 1	1	2.453320028	2.454317760	3331.295	6598.000	4737.305	4737.305
41	Spectrogram 1	1	2.454317760	2.455315492	3331.295	6598.000	4737.305	4737.305
42	Spectrogram 1	1	2.455315492	2.456313225	3331.295	6598.000	4737.305	4737.305
43	Spectrogram 1	1	2.456313225	2.457310957	3331.295	6598.000	4737.305	4737.305
44	Spectrogram 1	1	2.457310957	2.458308690	3331.295	6598.000	4737.305	4737.305
45	Spectrogram 1	1	2.458308690	2.459306422	3331.295	6598.000	4392.773	4392.773
46	Spectrogram 1	1	2.459306422	2.460304155	3331.295	6598.000	4392.773	4392.773
47	Spectrogram 1	1	2.460304155	2.461301887	3331.295	6598.000	4392.773	4392.773
48	Spectrogram 1	1	2.461301887	2.462299619	3331.295	6598.000	4392.773	4392.773
49	Spectrogram 1	1	2.462299619	2.463297352	3331.295	6598.000	4392.773	4392.773
50	Spectrogram 1	1	2.463297352	2.464295084	3331.295	6598.000	4392.773	4392.773
51	Spectrogram 1	1	2.464295084	2.465292817	3331.295	6598.000	4134.375	4134.375
52	Spectrogram 1	1	2.465292817	2.466290549	3331.295	6598.000	4134.375	4134.375
53	Spectrogram 1	1	2.466290549	2.467288282	3331.295	6598.000	4134.375	4134.375
54	Spectrogram 1	1	2.467288282	2.468286014	3331.295	6598.000	4134.375	4134.375
55	Spectrogram 1	1	2.468286014	2.469283746	3331.295	6598.000	4134.375	4134.375
56	Spectrogram 1	1	2.469283746	2.470281479	3331.295	6598.000	4134.375	4134.375
57	Spectrogram 1	1	2.470281479	2.471279211	3331.295	6598.000	3962.109	3962.109
58	Spectrogram 1	1	2.471279211	2.472276944	3331.295	6598.000	3962.109	3962.109
59	Spectrogram 1	1	2.472276944	2.473274676	3331.295	6598.000	3962.109	3962.109
60	Spectrogram 1	1	2.473274676	2.474272409	3331.295	6598.000	3962.109	3962.109
61	Spectrogram 1	1	2.474272409	2.475270141	3331.295	6598.000	3962.109	3962.109
62	Spectrogram 1	1	2.475270141	2.476267873	3331.295	6598.000	3962.109	3962.109
63	Spectrogram 1	1	2.476267873	2.477265606	3331.295	6598.000	3875.977	3875.977
64	Spectrogram 1	1	2.477265606	2.478263338	3331.295	6598.000	3875.977	3875.977
65	Spectrogram 1	1	2.478263338	2.479261071	3331.295	6598.000	3875.977	3875.977
66	Spectrogram 1	1	2.479261071	2.480258803	3331.295	6598.000	3875.977	3875.977
67	Spectrogram 1	1	2.480258803	2.481256536	3331.295	6598.000	3875.977	3875.977
68	Spectrogram 1	1	2.481256536	2.482254268	3331.295	6598.000	3789.844	3789.844
69	Spectrogram 1	1	2.482254268	2.483252000	3331.295	6598.000	3789.844	3789.844
70	Spectrogram 1	1	2.483252000	2.484249733	3331.295	6598.000	3789.844	3789.844
71	Spectrogram 1	1	2.484249733	2.485247465	3331.295	6598.000	3789.844	3789.844
72	Spectrogram 1	1	2.485247465	2.486245198	3331.295	6598.000	3789.844	3789.844
73	Spectrogram 1	1	2.486245198	2.487242930	3331.295	6598.000	3789.844	3789.844
74	Spectrogram 1	1	2.487242930	2.488240663	3331.295	6598.000	3703.711	3703.711
75	Spectrogram 1	1	2.488240663	2.489238395	3331.295	6598.000	3703.711	3703.711
76	Spectrogram 1	1	2.489238395	2.490236127	3331.295	6598.000	3703.711	3703.711
77	Spectrogram 1	1	2.490236127	2.491233860	3331.295	6598.000	3703.711	3703.711
78	Spectrogram 1	1	2.491233860	2.492231592	3331.295	6598.000	3703.711	3703.711
79	Spectrogram 1	1	2.492231592	2.493229325	3331.295	6598.000	3703.711	3703.711
80	Spectrogram 1	1	2.493229325	2.494227057	3331.295	6598.000	3789.844	3789.844
81	Spectrogram 1	1	2.494227057	2.495224790	3331.295	6598.000	3789.844	3789.844
82	Spectrogram 1	1	2.495224790	2.496222522	3331.295	6598.000	3789.844	3789.844
83	Spectrogram 1	1	2.496222522	2.497220254	3331.295	6598.000	3789.844	3789.844
84	Spectrogram 1	1	2.497220254	2.498217987	3331.295	6598.000	3789.844	3789.844
85	Spectrogram 1	1	2.498217987	2.499215719	3331.295	6598.000	3789.844	3789.844
86	Spectrogram 1	1	2.499215719	2.500213452	3331.295	6598.000	3789.844	3789.844
87	Spectrogram 1	1	2.500213452	2.501211184	3331.295	6598.000	3789.844	3789.844
88	Spectrogram 1	1	2.501211184	2.502208917	3331.295	6598.000	3789.844	3789.844
89	Spectrogram 1	1	2.502208917	2.503206649	3331.295	6598.000	3789.844	3789.844
90	Spectrogram 1	1	2.503206649	2.504204381	3331.295	6598.000	3789.844	3789.844
91	Spectrogram 1	1	2.504204381	2.505202114	3331.295	6598.000	3789.844	3789.844
92	Spectrogram 1	1	2.505202114	2.506199846	3331.295	6598.000	4048.242	4048.242
93	Spectrogram 1	1	2.506199846	2.507197579	3331.295	6598.000	4048.242	4048.242
94	Spectrogram 1	1	2.507197579	2.508195311	3331.295	6598.000	4048.242	4048.242
95	Spectrogram 1	1	2.508195311	2.509193043	3331.295	6598.000	4048.242	4048.242
96	Spectrogram 1	1	2.509193043	2.510190776	3331.295	6598.000	4048.242	4048.242
97	Spectrogram 1	1	2.510190776	2.511188508	3331.295	6598.000	4220.508	4220.508
98	Spectrogram 1	1	2.511188508	2.512186241	3331.295	6598.000	4220.508	4220.508
99	Spectrogram 1	1	2.512186241	2.513183973	3331.295	6598.000	4220.508	4220.508
100	Spectrogram 1	1	2.513183973	2.514181706	3331.295	6598.000	4220.508	4220.508
101	Spectrogram 1	1	2.514181706	2.515179438	3331.295	6598.000	4220.508	4220.508
102	Spectrogram 1	1	2.515179438	2.516177170	3331.295	6598.000	4220.508	4220.508
103	Spectrogram 1	1	2.516177170	2.517174903	3331.295	6598.000	4134.375	4134.375
104	Spectrogram 1	1	2.517174903	2.518172635	3331.295	6598.000	4134.375	4134.375
105	Spectrogram 1	1	2.518172635	2.519170368	3331.295	6598.000	4134.375	4134.375
106	Spectrogram 1	1	2.519170368	2.520168100	3331.295	6598.000	4134.375	4134.375
107	Spectrogram 1	1	2.520168100	2.521165833	3331.295	6598.000	4134.375	4134.375
108	Spectrogram 1	1	2.521165833	2.522163565	3331.295	6598.000	4134.375	4134.375
109	Spectrogram 1	1	2.522163565	2.523161297	3331.295	6598.000	3962.109	3875.977
110	Spectrogram 1	1	2.523161297	2.524159030	3331.295	6598.000	3962.109	3875.977
111	Spectrogram 1	1	2.524159030	2.525156762	3331.295	6598.000	3962.109	3875.977
112	Spectrogram 1	1	2.525156762	2.526154495	3331.295	6598.000	3962.109	3875.977
113	Spectrogram 1	1	2.526154495	2.527152227	3331.295	6598.000	3962.109	3875.977
114	Spectrogram 1	1	2.527152227	2.528149960	3331.295	6598.000	3962.109	3875.977
115	Spectrogram 1	1	2.528149960	2.529147692	3331.295	6598.000	3703.711	3703.711
116	Spectrogram 1	1	2.529147692	2.530145424	3331.295	6598.000	3703.711	3703.711
117	Spectrogram 1	1	2.530145424	2.531143157	3331.295	6598.000	3703.711	3703.711
118	Spectrogram 1	1	2.531143157	2.532140889	3331.295	6598.000	3703.711	3703.711
119	Spectrogram 1	1	2.532140889	2.533138622	3331.295	6598.000	3703.711	3703.711
120	Spectrogram 1	1	2.533138622	2.534136354	3331.295	6598.000	3703.711	3703.711
121	Spectrogram 1	1	2.534136354	2.535134087	3331.295	6598.000	3617.578	3617.578
122	Spectrogram 1	1	2.535134087	2.536131819	3331.295	6598.000	3617.578	3617.578
123	Spectrogram 1	1	2.536131819	2.537129551	3331.295	6598.000	3617.578	3617.578
124	Spectrogram 1	1	2.537129551	2.538127284	3331.295	6598.000	3617.578	3617.578
125	Spectrogram 1	1	2.538127284	2.539125016	3331.295	6598.000	3617.578	3617.578
126	Spectrogram 1	1	2.539125016	2.540122749	3331.295	6598.000	3617.578	3617.578
127	Spectrogram 1	1	2.540122749	2.541120481	3331.295	6598.000	3531.445	3531.445
128	Spectrogram 1	1	2.541120481	2.542118214	3331.295	6598.000	3531.445	3531.445
129	Spectrogram 1	1	2.542118214	2.543115946	3331.295	6598.000	3531.445	3531.445
130	Spectrogram 1	1	2.543115946	2.544113678	3331.295	6598.000	3531.445	3531.445
131	Spectrogram 1	1	2.544113678	2.545111411	3331.295	6598.000	3531.445	3531.445
132	Spectrogram 1	1	2.545111411	2.546109143	3331.295	6598.000	3617.578	3531.445
133	Spectrogram 1	1	2.546109143	2.547106876	3331.295	6598.000	3617.578	3531.445
134	Spectrogram 1	1	2.547106876	2.548104608	3331.295	6598.000	3617.578	3531.445
135	Spectrogram 1	1	2.548104608	2.549102341	3331.295	6598.000	3617.578	3531.445
136	Spectrogram 1	1	2.549102341	2.550100073	3331.295	6598.000	3617.578	3531.445
137	Spectrogram 1	1	2.550100073	2.551097805	3331.295	6598.000	3617.578	3531.445
138	Spectrogram 1	1	2.551097805	2.552095538	3331.295	6598.000	3703.711	3617.578
139	Spectrogram 1	1	2.552095538	2.553093270	3331.295	6598.000	3703.711	3617.578
140	Spectrogram 1	1	2.553093270	2.554091003	3331.295	6598.000	3703.711	3617.578
141	Spectrogram 1	1	2.554091003	2.555088735	3331.295	6598.000	3703.711	3617.578
142	Spectrogram 1	1	2.555088735	2.556086468	3331.295	6598.000	3703.711	3617.578
143	Spectrogram 1	1	2.556086468	2.557084200	3331.295	6598.000	3703.711	3617.578
144	Spectrogram 1	1	2.557084200	2.558081932	3331.295	6598.000	3875.977	3531.445
145	Spectrogram 1	1	2.558081932	2.559079665	3331.295	6598.000	3875.977	3531.445
146	Spectrogram 1	1	2.559079665	2.560077397	3331.295	6598.000	3875.977	3531.445
147	Spectrogram 1	1	2.560077397	2.561075130	3331.295	6598.000	3875.977	3531.445
148	Spectrogram 1	1	2.561075130	2.562072862	3331.295	6598.000	3875.977	3531.445
149	Spectrogram 1	1	2.562072862	2.563070595	3331.295	6598.000	3875.977	3531.445
150	Spectrogram 1	1	2.563070595	2.564068327	3331.295	6598.000	3617.578	3617.578
151	Spectrogram 1	1	2.564068327	2.565066059	3331.295	6598.000	3617.578	3617.578
152	Spectrogram 1	1	2.565066059	2.566063792	3331.295	6598.000	3617.578	3617.578
153	Spectrogram 1	1	2.566063792	2.567061524	3331.295	6598.000	3617.578	3617.578
154	Spectrogram 1	1	2.567061524	2.568059257	3331.295	6598.000	3617.578	3617.578
155	Spectrogram 1	1	2.568059257	2.569056989	3331.295	6598.000	3617.578	3617.578
156	Spectrogram 1	1	2.569056989	2.570054722	3331.295	6598.000	4220.508	3703.711
157	Spectrogram 1	1	2.570054722	2.571052454	3331.295	6598.000	4220.508	3703.711
158	Spectrogram 1	1	2.571052454	2.572050186	3331.295	6598.000	4220.508	3703.711
159	Spectrogram 1	1	2.572050186	2.573047919	3331.295	6598.000	4220.508	3703.711
160	Spectrogram 1	1	2.573047919	2.574045651	3331.295	6598.000	4220.508	3703.711
161	Spectrogram 1	1	2.574045651	2.575043384	3331.295	6598.000	4909.570	4909.570
162	Spectrogram 1	1	2.575043384	2.576041116	3331.295	6598.000	4909.570	4909.570
163	Spectrogram 1	1	2.576041116	2.577038848	3331.295	6598.000	4909.570	4909.570
164	Spectrogram 1	1	2.577038848	2.578036581	3331.295	6598.000	4909.570	4909.570
165	Spectrogram 1	1	2.578036581	2.579034313	3331.295	6598.000	4909.570	4909.570
166	Spectrogram 1	1	2.579034313	2.580032046	3331.295	6598.000	4909.570	4909.570
167	Spectrogram 1	1	2.580032046	2.581029778	3331.295	6598.000	5081.836	5167.969
168	Spectrogram 1	1	2.581029778	2.582027511	3331.295	6598.000	5081.836	5167.969
169	Spectrogram 1	1	2.582027511	2.583025243	3331.295	6598.000	5081.836	5167.969
170	Spectrogram 1	1	2.583025243	2.584022975	3331.295	6598.000	5081.836	5167.969
171	Spectrogram 1	1	2.584022975	2.585020708	3331.295	6598.000	5081.836	5167.969
172	Spectrogram 1	1	2.585020708	2.586018440	3331.295	6598.000	5081.836	5167.969
173	Spectrogram 1	1	2.586018440	2.587016173	3331.295	6598.000	5167.969	5167.969
174	Spectrogram 1	1	2.587016173	2.588013905	3331.295	6598.000	5167.969	5167.969
175	Spectrogram 1	1	2.588013905	2.589011638	3331.295	6598.000	5167.969	5167.969
176	Spectrogram 1	1	2.589011638	2.590009370	3331.295	6598.000	5167.969	5167.969
177	Spectrogram 1	1	2.590009370	2.591007102	3331.295	6598.000	5167.969	5167.969
178	Spectrogram 1	1	2.591007102	2.592004835	3331.295	6598.000	5167.969	5167.969
179	Spectrogram 1	1	2.592004835	2.593002567	3331.295	6598.000	5254.102	5254.102
180	Spectrogram 1	1	2.593002567	2.594000300	3331.295	6598.000	5254.102	5254.102
181	Spectrogram 1	1	2.594000300	2.594998032	3331.295	6598.000	5254.102	5254.102
182	Spectrogram 1	1	2.594998032	2.595995765	3331.295	6598.000	5254.102	5254.102
183	Spectrogram 1	1	2.595995765	2.596993497	3331.295	6598.000	5254.102	5254.102
184	Spectrogram 1	1	2.596993497	2.597991229	3331.295	6598.000	5254.102	5254.102
185	Spectrogram 1	1	2.597991229	2.598988962	3331.295	6598.000	5254.102	5254.102
186	Spectrogram 1	1	2.598988962	2.599986694	3331.295	6598.000	5254.102	5254.102
187	Spectrogram 1	1	2.599986694	2.600984427	3331.295	6598.000	5254.102	5254.102
188	Spectrogram 1	1	2.600984427	2.601982159	3331.295	6598.000	5254.102	5254.102
189	Spectrogram 1	1	2.601982159	2.602979892	3331.295	6598.000	5254.102	5254.102
190	Spectrogram 1	1	2.602979892	2.603977624	3331.295	6598.000	5254.102	5254.102
191	Spectrogram 1	1	2.603977624	2.604975356	3331.295	6598.000	5340.234	5340.234
192	Spectrogram 1	1	2.604975356	2.605973089	3331.295	6598.000	5340.234	5340.234
193	Spectrogram 1	1	2.605973089	2.606970821	3331.295	6598.000	5340.234	5340.234
194	Spectrogram 1	1	2.606970821	2.607968554	3331.295	6598.000	5340.234	5340.234
195	Spectrogram 1	1	2.607968554	2.608966286	3331.295	6598.000	5340.234	5340.234
196	Spectrogram 1	1	2.608966286	2.609964019	3331.295	6598.000	5426.367	5512.500
197	Spectrogram 1	1	2.609964019	2.610961751	3331.295	6598.000	5426.367	5512.500
198	Spectrogram 1	1	2.610961751	2.611959483	3331.295	6598.000	5426.367	5512.500
199	Spectrogram 1	1	2.611959483	2.612957216	3331.295	6598.000	5426.367	5512.500
200	Spectrogram 1	1	2.612957216	2.613954948	3331.295	6598.000	5426.367	5512.500
201	Spectrogram 1	1	2.613954948	2.614952681	3331.295	6598.000	5426.367	5512.500
202	Spectrogram 1	1	2.614952681	2.615950413	3331.295	6598.000	5598.633	5598.633
203	Spectrogram 1	1	2.615950413	2.616948146	3331.295	6598.000	5598.633	5598.633
204	Spectrogram 1	1	2.616948146	2.617945878	3331.295	6598.000	5598.633	5598.633
205	Spectrogram 1	1	2.617945878	2.618943610	3331.295	6598.000	5598.633	5598.633
206	Spectrogram 1	1	2.618943610	2.619941343	3331.295	6598.000	5598.633	5598.633
207	Spectrogram 1	1	2.619941343	2.620939075	3331.295	6598.000	5598.633	5598.633
208	Spectrogram 1	1	2.620939075	2.621936808	3331.295	6598.000	5598.633	5340.234
209	Spectrogram 1	1	2.621936808	2.622934540	3331.295	6598.000	5598.633	5340.234
210	Spectrogram 1	1	2.622934540	2.623932273	3331.295	6598.000	5598.633	5340.234
211	Spectrogram 1	1	2.623932273	2.624930005	3331.295	6598.000	5598.633	5340.234
212	Spectrogram 1	1	2.624930005	2.625927737	3331.295	6598.000	5598.633	5340.234
213	Spectrogram 1	1	2.625927737	2.626925470	3331.295	6598.000	5598.633	5340.234
214	Spectrogram 1	1	2.626925470	2.627923202	3331.295	6598.000	5684.766	6287.695
215	Spectrogram 1	1	2.627923202	2.628920935	3331.295	6598.000	5684.766	6287.695
216	Spectrogram 1	1	2.628920935	2.629918667	3331.295	6598.000	5684.766	6287.695
217	Spectrogram 1	1	2.629918667	2.630916400	3331.295	6598.000	5684.766	6287.695
218	Spectrogram 1	1	2.630916400	2.631914132	3331.295	6598.000	5684.766	6287.695
219	Spectrogram 1	1	2.631914132	2.632911864	3331.295	6598.000	5684.766	6287.695
220	Spectrogram 1	1	2.632911864	2.633909597	3331.295	6598.000	5426.367	5254.102
221	Spectrogram 1	1	2.633909597	2.634907329	3331.295	6598.000	5426.367	5254.102
222	Spectrogram 1	1	2.634907329	2.635905062	3331.295	6598.000	5426.367	5254.102
223	Spectrogram 1	1	2.635905062	2.636902794	3331.295	6598.000	5426.367	5254.102
224	Spectrogram 1	1	2.636902794	2.637900526	3331.295	6598.000	5426.367	5254.102
225	Spectrogram 1	1	2.637900526	2.638898259	3331.295	6598.000	4995.703	4995.703
226	Spectrogram 1	1	2.638898259	2.639895991	3331.295	6598.000	4995.703	4995.703
227	Spectrogram 1	1	2.639895991	2.640893724	3331.295	6598.000	4995.703	4995.703
228	Spectrogram 1	1	2.640893724	2.641891456	3331.295	6598.000	4995.703	4995.703
229	Spectrogram 1	1	2.641891456	2.642889189	3331.295	6598.000	4995.703	4995.703
230	Spectrogram 1	1	2.642889189	2.643886921	3331.295	6598.000	4995.703	4995.703
231	Spectrogram 1	1	2.643886921	2.644884653	3331.295	6598.000	5254.102	5081.836
232	Spectrogram 1	1	2.644884653	2.645882386	3331.295	6598.000	5254.102	5081.836
233	Spectrogram 1	1	2.645882386	2.645905970	3331.295	6598.000	5254.102	5081.836
