Selection	View	Channel	Begin Time (s)	End Time (s)	Low Freq (Hz)	High Freq (Hz)	Center Freq (Hz)	Peak Freq (Hz)
1	Spectrogram 1	1	12.379100000	12.380100000	3057.800	6000.000	4125.000	4031.250
2	Spectrogram 1	1	12.380100000	12.381100000	3057.800	6000.000	4125.000	4031.250
3	Spectrogram 1	1	12.381100000	12.382100000	3057.800	6000.000	4312.500	4312.500
4	Spectrogram 1	1	12.382100000	12.383100000	3057.800	6000.000	4312.500	4312.500
5	Spectrogram 1	1	12.383100000	12.384100000	3057.800	6000.000	4312.500	4312.500
6	Spectrogram 1	1	12.384100000	12.385100000	3057.800	6000.000	4312.500	4312.500
7	Spectrogram 1	1	12.385100000	12.386100000	3057.800	6000.000	4312.500	4312.500
8	Spectrogram 1	1	12.386100000	12.387100000	3057.800	6000.000	4312.500	4312.500
9	Spectrogram 1	1	12.387100000	12.388100000	3057.800	6000.000	4875.000	4781.250
10	Spectrogram 1	1	12.388100000	12.389100000	3057.800	6000.000	4875.000	4781.250
11	Spectrogram 1	1	12.389100000	12.390100000	3057.800	6000.000	4875.000	4781.250
12	Spectrogram 1	1	12.390100000	12.391100000	3057.800	6000.000	4875.000	4781.250
13	Spectrogram 1	1	12.391100000	12.392100000	3057.800	6000.000	4875.000	4781.250
14	Spectrogram 1	1	12.392100000	12.393100000	3057.800	6000.000	5625.000	5625.000
15	Spectrogram 1	1	12.393100000	12.394100000	3057.800	6000.000	5625.000	5625.000
16	Spectrogram 1	1	12.394100000	12.395100000	3057.800	6000.000	5625.000	5625.000
17	Spectrogram 1	1	12.395100000	12.396100000	3057.800	6000.000	5625.000	5625.000
18	Spectrogram 1	1	12.396100000	12.397100000	3057.800	6000.000	5625.000	5625.000
19	Spectrogram 1	1	12.397100000	12.398100000	3057.800	6000.000	5531.250	5625.000
20	Spectrogram 1	1	12.398100000	12.399100000	3057.800	6000.000	5531.250	5625.000
21	Spectrogram 1	1	12.399100000	12.400100000	3057.800	6000.000	5531.250	5625.000
22	Spectrogram 1	1	12.400100000	12.401100000	3057.800	6000.000	5531.250	5625.000
23	Spectrogram 1	1	12.401100000	12.402100000	3057.800	6000.000	5531.250	5625.000
24	Spectrogram 1	1	12.402100000	12.403100000	3057.800	6000.000	5531.250	5625.000
25	Spectrogram 1	1	12.403100000	12.404100000	3057.800	6000.000	5062.500	5062.500
26	Spectrogram 1	1	12.404100000	12.405100000	3057.800	6000.000	5062.500	5062.500
27	Spectrogram 1	1	12.405100000	12.406100000	3057.800	6000.000	5062.500	5062.500
28	Spectrogram 1	1	12.406100000	12.407100000	3057.800	6000.000	5062.500	5062.500
29	Spectrogram 1	1	12.407100000	12.408100000	3057.800	6000.000	5062.500	5062.500
30	Spectrogram 1	1	12.408100000	12.409100000	3057.800	6000.000	4593.750	4593.750
31	Spectrogram 1	1	12.409100000	12.410100000	3057.800	6000.000	4593.750	4593.750
32	Spectrogram 1	1	12.410100000	12.411100000	3057.800	6000.000	4593.750	4593.750
33	Spectrogram 1	1	12.411100000	12.412100000	3057.800	6000.000	4593.750	4593.750
34	Spectrogram 1	1	12.412100000	12.413100000	3057.800	6000.000	4593.750	4593.750
35	Spectrogram 1	1	12.413100000	12.414100000	3057.800	6000.000	4406.250	4406.250
36	Spectrogram 1	1	12.414100000	12.415100000	3057.800	6000.000	4406.250	4406.250
37	Spectrogram 1	1	12.415100000	12.416100000	3057.800	6000.000	4406.250	4406.250
38	Spectrogram 1	1	12.416100000	12.417100000	3057.800	6000.000	4406.250	4406.250
39	Spectrogram 1	1	12.417100000	12.418100000	3057.800	6000.000	4406.250	4406.250
40	Spectrogram 1	1	12.418100000	12.419100000	3057.800	6000.000	4406.250	4406.250
41	Spectrogram 1	1	12.419100000	12.420100000	3057.800	6000.000	4125.000	4125.000
42	Spectrogram 1	1	12.420100000	12.421100000	3057.800	6000.000	4125.000	4125.000
43	Spectrogram 1	1	12.421100000	12.422100000	3057.800	6000.000	4125.000	4125.000
44	Spectrogram 1	1	12.422100000	12.423100000	3057.800	6000.000	4125.000	4125.000
45	Spectrogram 1	1	12.423100000	12.424100000	3057.800	6000.000	4125.000	4125.000
46	Spectrogram 1	1	12.424100000	12.425100000	3057.800	6000.000	3937.500	3937.500
47	Spectrogram 1	1	12.425100000	12.426100000	3057.800	6000.000	3937.500	3937.500
48	Spectrogram 1	1	12.426100000	12.427100000	3057.800	6000.000	3937.500	3937.500
49	Spectrogram 1	1	12.427100000	12.428100000	3057.800	6000.000	3937.500	3937.500
50	Spectrogram 1	1	12.428100000	12.429100000	3057.800	6000.000	3937.500	3937.500
51	Spectrogram 1	1	12.429100000	12.430100000	3057.800	6000.000	3843.750	3843.750
52	Spectrogram 1	1	12.430100000	12.431100000	3057.800	6000.000	3843.750	3843.750
53	Spectrogram 1	1	12.431100000	12.432100000	3057.800	6000.000	3843.750	3843.750
54	Spectrogram 1	1	12.432100000	12.433100000	3057.800	6000.000	3843.750	3843.750
55	Spectrogram 1	1	12.433100000	12.434100000	3057.800	6000.000	3843.750	3843.750
56	Spectrogram 1	1	12.434100000	12.435100000	3057.800	6000.000	3843.750	3843.750
57	Spectrogram 1	1	12.435100000	12.436100000	3057.800	6000.000	3843.750	3843.750
58	Spectrogram 1	1	12.436100000	12.437100000	3057.800	6000.000	3843.750	3843.750
59	Spectrogram 1	1	12.437100000	12.438100000	3057.800	6000.000	3843.750	3843.750
60	Spectrogram 1	1	12.438100000	12.439100000	3057.800	6000.000	3843.750	3843.750
61	Spectrogram 1	1	12.439100000	12.440100000	3057.800	6000.000	3843.750	3843.750
62	Spectrogram 1	1	12.440100000	12.441100000	3057.800	6000.000	3843.750	3843.750
63	Spectrogram 1	1	12.441100000	12.442100000	3057.800	6000.000	3843.750	3843.750
64	Spectrogram 1	1	12.442100000	12.443100000	3057.800	6000.000	3843.750	3843.750
65	Spectrogram 1	1	12.443100000	12.444100000	3057.800	6000.000	3843.750	3843.750
66	Spectrogram 1	1	12.444100000	12.445100000	3057.800	6000.000	3843.750	3843.750
67	Spectrogram 1	1	12.445100000	12.446100000	3057.800	6000.000	3937.500	3937.500
68	Spectrogram 1	1	12.446100000	12.447100000	3057.800	6000.000	3937.500	3937.500
69	Spectrogram 1	1	12.447100000	12.448100000	3057.800	6000.000	3937.500	3937.500
70	Spectrogram 1	1	12.448100000	12.449100000	3057.800	6000.000	3937.500	3937.500
71	Spectrogram 1	1	12.449100000	12.450100000	3057.800	6000.000	3937.500	3937.500
72	Spectrogram 1	1	12.450100000	12.451100000	3057.800	6000.000	3937.500	3937.500
73	Spectrogram 1	1	12.451100000	12.452100000	3057.800	6000.000	4125.000	4125.000
74	Spectrogram 1	1	12.452100000	12.453100000	3057.800	6000.000	4125.000	4125.000
75	Spectrogram 1	1	12.453100000	12.454100000	3057.800	6000.000	4125.000	4125.000
76	Spectrogram 1	1	12.454100000	12.455100000	3057.800	6000.000	4125.000	4125.000
77	Spectrogram 1	1	12.455100000	12.456100000	3057.800	6000.000	4125.000	4125.000
78	Spectrogram 1	1	12.456100000	12.457100000	3057.800	6000.000	4218.750	4218.750
79	Spectrogram 1	1	12.457100000	12.458100000	3057.800	6000.000	4218.750	4218.750
80	Spectrogram 1	1	12.458100000	12.459100000	3057.800	6000.000	4218.750	4218.750
81	Spectrogram 1	1	12.459100000	12.460100000	3057.800	6000.000	4218.750	4218.750
82	Spectrogram 1	1	12.460100000	12.461100000	3057.800	6000.000	4218.750	4218.750
83	Spectrogram 1	1	12.461100000	12.462100000	3057.800	6000.000	4218.750	4218.750
84	Spectrogram 1	1	12.462100000	12.463100000	3057.800	6000.000	4218.750	4218.750
85	Spectrogram 1	1	12.463100000	12.464100000	3057.800	6000.000	4218.750	4218.750
86	Spectrogram 1	1	12.464100000	12.465100000	3057.800	6000.000	4218.750	4218.750
87	Spectrogram 1	1	12.465100000	12.466100000	3057.800	6000.000	4218.750	4218.750
88	Spectrogram 1	1	12.466100000	12.467100000	3057.800	6000.000	4218.750	4218.750
89	Spectrogram 1	1	12.467100000	12.468100000	3057.800	6000.000	4125.000	4125.000
90	Spectrogram 1	1	12.468100000	12.469100000	3057.800	6000.000	4125.000	4125.000
91	Spectrogram 1	1	12.469100000	12.470100000	3057.800	6000.000	4125.000	4125.000
92	Spectrogram 1	1	12.470100000	12.471100000	3057.800	6000.000	4125.000	4125.000
93	Spectrogram 1	1	12.471100000	12.472100000	3057.800	6000.000	4125.000	4125.000
94	Spectrogram 1	1	12.472100000	12.473100000	3057.800	6000.000	4031.250	4031.250
95	Spectrogram 1	1	12.473100000	12.474100000	3057.800	6000.000	4031.250	4031.250
96	Spectrogram 1	1	12.474100000	12.475100000	3057.800	6000.000	4031.250	4031.250
97	Spectrogram 1	1	12.475100000	12.476100000	3057.800	6000.000	4031.250	4031.250
98	Spectrogram 1	1	12.476100000	12.477100000	3057.800	6000.000	4031.250	4031.250
99	Spectrogram 1	1	12.477100000	12.478100000	3057.800	6000.000	3937.500	3843.750
100	Spectrogram 1	1	12.478100000	12.479100000	3057.800	6000.000	3937.500	3843.750
101	Spectrogram 1	1	12.479100000	12.480100000	3057.800	6000.000	3937.500	3843.750
102	Spectrogram 1	1	12.480100000	12.481100000	3057.800	6000.000	3937.500	3843.750
103	Spectrogram 1	1	12.481100000	12.482100000	3057.800	6000.000	3937.500	3843.750
104	Spectrogram 1	1	12.482100000	12.483100000	3057.800	6000.000	3937.500	3843.750
105	Spectrogram 1	1	12.483100000	12.484100000	3057.800	6000.000	3750.000	3750.000
106	Spectrogram 1	1	12.484100000	12.485100000	3057.800	6000.000	3750.000	3750.000
107	Spectrogram 1	1	12.485100000	12.486100000	3057.800	6000.000	3750.000	3750.000
108	Spectrogram 1	1	12.486100000	12.487100000	3057.800	6000.000	3750.000	3750.000
109	Spectrogram 1	1	12.487100000	12.488100000	3057.800	6000.000	3750.000	3750.000
110	Spectrogram 1	1	12.488100000	12.489100000	3057.800	6000.000	3656.250	3656.250
111	Spectrogram 1	1	12.489100000	12.490100000	3057.800	6000.000	3656.250	3656.250
112	Spectrogram 1	1	12.490100000	12.491100000	3057.800	6000.000	3656.250	3656.250
113	Spectrogram 1	1	12.491100000	12.492100000	3057.800	6000.000	3656.250	3656.250
114	Spectrogram 1	1	12.492100000	12.493100000	3057.800	6000.000	3656.250	3656.250
115	Spectrogram 1	1	12.493100000	12.494100000	3057.800	6000.000	3468.750	3468.750
116	Spectrogram 1	1	12.494100000	12.495100000	3057.800	6000.000	3468.750	3468.750
117	Spectrogram 1	1	12.495100000	12.496100000	3057.800	6000.000	3468.750	3468.750
118	Spectrogram 1	1	12.496100000	12.497100000	3057.800	6000.000	3468.750	3468.750
119	Spectrogram 1	1	12.497100000	12.498100000	3057.800	6000.000	3468.750	3468.750
120	Spectrogram 1	1	12.498100000	12.499100000	3057.800	6000.000	3468.750	3468.750
121	Spectrogram 1	1	12.499100000	12.500100000	3057.800	6000.000	3656.250	3281.250
122	Spectrogram 1	1	12.500100000	12.501100000	3057.800	6000.000	3656.250	3281.250
123	Spectrogram 1	1	12.501100000	12.502100000	3057.800	6000.000	3656.250	3281.250
124	Spectrogram 1	1	12.502100000	12.503100000	3057.800	6000.000	3656.250	3281.250
125	Spectrogram 1	1	12.503100000	12.504100000	3057.800	6000.000	3656.250	3281.250
126	Spectrogram 1	1	12.504100000	12.505100000	3057.800	6000.000	3562.500	3187.500
127	Spectrogram 1	1	12.505100000	12.506100000	3057.800	6000.000	3562.500	3187.500
128	Spectrogram 1	1	12.506100000	12.507100000	3057.800	6000.000	3562.500	3187.500
129	Spectrogram 1	1	12.507100000	12.508100000	3057.800	6000.000	3562.500	3187.500
130	Spectrogram 1	1	12.508100000	12.509100000	3057.800	6000.000	3562.500	3187.500
131	Spectrogram 1	1	12.509100000	12.510100000	3057.800	6000.000	3281.250	3187.500
132	Spectrogram 1	1	12.510100000	12.511100000	3057.800	6000.000	3281.250	3187.500
133	Spectrogram 1	1	12.511100000	12.512100000	3057.800	6000.000	3281.250	3187.500
134	Spectrogram 1	1	12.512100000	12.513100000	3057.800	6000.000	3281.250	3187.500
135	Spectrogram 1	1	12.513100000	12.514100000	3057.800	6000.000	3281.250	3187.500
136	Spectrogram 1	1	12.514100000	12.515100000	3057.800	6000.000	3281.250	3187.500
137	Spectrogram 1	1	12.515100000	12.516100000	3057.800	6000.000	3750.000	3656.250
138	Spectrogram 1	1	12.516100000	12.517100000	3057.800	6000.000	3750.000	3656.250
139	Spectrogram 1	1	12.517100000	12.518100000	3057.800	6000.000	3750.000	3656.250
140	Spectrogram 1	1	12.518100000	12.519100000	3057.800	6000.000	3750.000	3656.250
141	Spectrogram 1	1	12.519100000	12.520100000	3057.800	6000.000	3750.000	3656.250
142	Spectrogram 1	1	12.520100000	12.521100000	3057.800	6000.000	4312.500	4312.500
143	Spectrogram 1	1	12.521100000	12.522100000	3057.800	6000.000	4312.500	4312.500
144	Spectrogram 1	1	12.522100000	12.523100000	3057.800	6000.000	4312.500	4312.500
145	Spectrogram 1	1	12.523100000	12.524100000	3057.800	6000.000	4312.500	4312.500
146	Spectrogram 1	1	12.524100000	12.525100000	3057.800	6000.000	4312.500	4312.500
147	Spectrogram 1	1	12.525100000	12.526100000	3057.800	6000.000	4687.500	4687.500
148	Spectrogram 1	1	12.526100000	12.527100000	3057.800	6000.000	4687.500	4687.500
149	Spectrogram 1	1	12.527100000	12.528100000	3057.800	6000.000	4687.500	4687.500
150	Spectrogram 1	1	12.528100000	12.529100000	3057.800	6000.000	4687.500	4687.500
151	Spectrogram 1	1	12.529100000	12.530100000	3057.800	6000.000	4687.500	4687.500
152	Spectrogram 1	1	12.530100000	12.531100000	3057.800	6000.000	4687.500	4687.500
153	Spectrogram 1	1	12.531100000	12.532100000	3057.800	6000.000	4781.250	4875.000
154	Spectrogram 1	1	12.532100000	12.533100000	3057.800	6000.000	4781.250	4875.000
155	Spectrogram 1	1	12.533100000	12.534100000	3057.800	6000.000	4781.250	4875.000
156	Spectrogram 1	1	12.534100000	12.535100000	3057.800	6000.000	4781.250	4875.000
157	Spectrogram 1	1	12.535100000	12.536100000	3057.800	6000.000	4781.250	4875.000
158	Spectrogram 1	1	12.536100000	12.537100000	3057.800	6000.000	4875.000	4875.000
159	Spectrogram 1	1	12.537100000	12.538100000	3057.800	6000.000	4875.000	4875.000
160	Spectrogram 1	1	12.538100000	12.539100000	3057.800	6000.000	4875.000	4875.000
161	Spectrogram 1	1	12.539100000	12.540100000	3057.800	6000.000	4875.000	4875.000
162	Spectrogram 1	1	12.540100000	12.541100000	3057.800	6000.000	4875.000	4875.000
163	Spectrogram 1	1	12.541100000	12.542100000	3057.800	6000.000	4781.250	4781.250
164	Spectrogram 1	1	12.542100000	12.543100000	3057.800	6000.000	4781.250	4781.250
165	Spectrogram 1	1	12.543100000	12.544100000	3057.800	6000.000	4781.250	4781.250
166	Spectrogram 1	1	12.544100000	12.545100000	3057.800	6000.000	4781.250	4781.250
167	Spectrogram 1	1	12.545100000	12.546100000	3057.800	6000.000	4781.250	4781.250
168	Spectrogram 1	1	12.546100000	12.547100000	3057.800	6000.000	4781.250	4781.250
169	Spectrogram 1	1	12.547100000	12.548100000	3057.800	6000.000	4875.000	4875.000
170	Spectrogram 1	1	12.548100000	12.549100000	3057.800	6000.000	4875.000	4875.000
171	Spectrogram 1	1	12.549100000	12.550100000	3057.800	6000.000	4875.000	4875.000
172	Spectrogram 1	1	12.550100000	12.551100000	3057.800	6000.000	4875.000	4875.000
173	Spectrogram 1	1	12.551100000	12.552100000	3057.800	6000.000	4875.000	4875.000
174	Spectrogram 1	1	12.552100000	12.553100000	3057.800	6000.000	5062.500	5062.500
175	Spectrogram 1	1	12.553100000	12.554100000	3057.800	6000.000	5062.500	5062.500
176	Spectrogram 1	1	12.554100000	12.555100000	3057.800	6000.000	5062.500	5062.500
177	Spectrogram 1	1	12.555100000	12.556100000	3057.800	6000.000	5062.500	5062.500
178	Spectrogram 1	1	12.556100000	12.557100000	3057.800	6000.000	5062.500	5062.500
179	Spectrogram 1	1	12.557100000	12.558100000	3057.800	6000.000	5250.000	5250.000
180	Spectrogram 1	1	12.558100000	12.559100000	3057.800	6000.000	5250.000	5250.000
181	Spectrogram 1	1	12.559100000	12.560100000	3057.800	6000.000	5250.000	5250.000
182	Spectrogram 1	1	12.560100000	12.561100000	3057.800	6000.000	5250.000	5250.000
183	Spectrogram 1	1	12.561100000	12.562100000	3057.800	6000.000	5250.000	5250.000
184	Spectrogram 1	1	12.562100000	12.563100000	3057.800	6000.000	5250.000	5250.000
185	Spectrogram 1	1	12.563100000	12.564100000	3057.800	6000.000	5437.500	5437.500
186	Spectrogram 1	1	12.564100000	12.565100000	3057.800	6000.000	5437.500	5437.500
187	Spectrogram 1	1	12.565100000	12.566100000	3057.800	6000.000	5437.500	5437.500
188	Spectrogram 1	1	12.566100000	12.567100000	3057.800	6000.000	5437.500	5437.500
189	Spectrogram 1	1	12.567100000	12.568100000	3057.800	6000.000	5437.500	5437.500
190	Spectrogram 1	1	12.568100000	12.569100000	3057.800	6000.000	5625.000	5625.000
191	Spectrogram 1	1	12.569100000	12.570100000	3057.800	6000.000	5625.000	5625.000
192	Spectrogram 1	1	12.570100000	12.571100000	3057.800	6000.000	5625.000	5625.000
193	Spectrogram 1	1	12.571100000	12.572100000	3057.800	6000.000	5625.000	5625.000
194	Spectrogram 1	1	12.572100000	12.573100000	3057.800	6000.000	5625.000	5625.000
195	Spectrogram 1	1	12.573100000	12.574100000	3057.800	6000.000	5812.500	5812.500
196	Spectrogram 1	1	12.574100000	12.575100000	3057.800	6000.000	5812.500	5812.500
197	Spectrogram 1	1	12.575100000	12.576100000	3057.800	6000.000	5812.500	5812.500
198	Spectrogram 1	1	12.576100000	12.577100000	3057.800	6000.000	5812.500	5812.500
199	Spectrogram 1	1	12.577100000	12.578100000	3057.800	6000.000	5812.500	5812.500
200	Spectrogram 1	1	12.578100000	12.579100000	3057.800	6000.000	5812.500	5812.500
201	Spectrogram 1	1	12.579100000	12.580100000	3057.800	6000.000	5343.750	5343.750
202	Spectrogram 1	1	12.580100000	12.581100000	3057.800	6000.000	5343.750	5343.750
203	Spectrogram 1	1	12.581100000	12.582100000	3057.800	6000.000	5343.750	5343.750
204	Spectrogram 1	1	12.582100000	12.583100000	3057.800	6000.000	5343.750	5343.750
205	Spectrogram 1	1	12.583100000	12.584100000	3057.800	6000.000	5343.750	5343.750
206	Spectrogram 1	1	12.584100000	12.585100000	3057.800	6000.000	4781.250	4781.250
207	Spectrogram 1	1	12.585100000	12.586100000	3057.800	6000.000	4781.250	4781.250
208	Spectrogram 1	1	12.586100000	12.587100000	3057.800	6000.000	4781.250	4781.250
209	Spectrogram 1	1	12.587100000	12.588100000	3057.800	6000.000	4781.250	4781.250
210	Spectrogram 1	1	12.588100000	12.589100000	3057.800	6000.000	4781.250	4781.250
211	Spectrogram 1	1	12.589100000	12.590100000	3057.800	6000.000	4500.000	4500.000
212	Spectrogram 1	1	12.590100000	12.591100000	3057.800	6000.000	4500.000	4500.000
213	Spectrogram 1	1	12.591100000	12.592100000	3057.800	6000.000	4500.000	4500.000
214	Spectrogram 1	1	12.592100000	12.593100000	3057.800	6000.000	4500.000	4500.000
215	Spectrogram 1	1	12.593100000	12.594100000	3057.800	6000.000	4500.000	4500.000
216	Spectrogram 1	1	12.594100000	12.595100000	3057.800	6000.000	4500.000	4500.000
217	Spectrogram 1	1	12.595100000	12.596100000	3057.800	6000.000	4312.500	4312.500
218	Spectrogram 1	1	12.596100000	12.597100000	3057.800	6000.000	4312.500	4312.500
219	Spectrogram 1	1	12.597100000	12.598100000	3057.800	6000.000	4312.500	4312.500
220	Spectrogram 1	1	12.598100000	12.599100000	3057.800	6000.000	4312.500	4312.500
221	Spectrogram 1	1	12.599100000	12.600100000	3057.800	6000.000	4312.500	4312.500
222	Spectrogram 1	1	12.600100000	12.601100000	3057.800	6000.000	4031.250	3843.750
223	Spectrogram 1	1	12.601100000	12.602100000	3057.800	6000.000	4031.250	3843.750
224	Spectrogram 1	1	12.602100000	12.603100000	3057.800	6000.000	4031.250	3843.750
225	Spectrogram 1	1	12.603100000	12.604100000	3057.800	6000.000	4031.250	3843.750
226	Spectrogram 1	1	12.604100000	12.605100000	3057.800	6000.000	4031.250	3843.750
227	Spectrogram 1	1	12.605100000	12.606100000	3057.800	6000.000	4125.000	3656.250
228	Spectrogram 1	1	12.606100000	12.606284034	3057.800	6000.000	4125.000	3656.250
