Selection	View	Channel	Begin Time (s)	End Time (s)	Low Freq (Hz)	High Freq (Hz)	Center Freq (Hz)	Peak Freq (Hz)
1	Spectrogram 1	1	1.606614005	1.607611737	3175.000	6094.900	5770.898	5770.898
2	Spectrogram 1	1	1.607611737	1.608609470	3175.000	6094.900	5770.898	5770.898
3	Spectrogram 1	1	1.608609470	1.609607202	3175.000	6094.900	5770.898	5770.898
4	Spectrogram 1	1	1.609607202	1.610604935	3175.000	6094.900	5770.898	5770.898
5	Spectrogram 1	1	1.610604935	1.611602667	3175.000	6094.900	5684.766	5684.766
6	Spectrogram 1	1	1.611602667	1.612600400	3175.000	6094.900	5684.766	5684.766
7	Spectrogram 1	1	1.612600400	1.613598132	3175.000	6094.900	5684.766	5684.766
8	Spectrogram 1	1	1.613598132	1.614595864	3175.000	6094.900	5684.766	5684.766
9	Spectrogram 1	1	1.614595864	1.615593597	3175.000	6094.900	5684.766	5684.766
10	Spectrogram 1	1	1.615593597	1.616591329	3175.000	6094.900	5684.766	5684.766
11	Spectrogram 1	1	1.616591329	1.617589062	3175.000	6094.900	4823.438	4392.773
12	Spectrogram 1	1	1.617589062	1.618586794	3175.000	6094.900	4823.438	4392.773
13	Spectrogram 1	1	1.618586794	1.619584527	3175.000	6094.900	4823.438	4392.773
14	Spectrogram 1	1	1.619584527	1.620582259	3175.000	6094.900	4823.438	4392.773
15	Spectrogram 1	1	1.620582259	1.621579991	3175.000	6094.900	4823.438	4392.773
16	Spectrogram 1	1	1.621579991	1.622577724	3175.000	6094.900	4823.438	4392.773
17	Spectrogram 1	1	1.622577724	1.623575456	3175.000	6094.900	4306.641	4306.641
18	Spectrogram 1	1	1.623575456	1.624573189	3175.000	6094.900	4306.641	4306.641
19	Spectrogram 1	1	1.624573189	1.625570921	3175.000	6094.900	4306.641	4306.641
20	Spectrogram 1	1	1.625570921	1.626568654	3175.000	6094.900	4306.641	4306.641
21	Spectrogram 1	1	1.626568654	1.627566386	3175.000	6094.900	4306.641	4306.641
22	Spectrogram 1	1	1.627566386	1.628564118	3175.000	6094.900	4306.641	4306.641
23	Spectrogram 1	1	1.628564118	1.629561851	3175.000	6094.900	4823.438	4909.570
24	Spectrogram 1	1	1.629561851	1.630559583	3175.000	6094.900	4823.438	4909.570
25	Spectrogram 1	1	1.630559583	1.631557316	3175.000	6094.900	4823.438	4909.570
26	Spectrogram 1	1	1.631557316	1.632555048	3175.000	6094.900	4823.438	4909.570
27	Spectrogram 1	1	1.632555048	1.633552781	3175.000	6094.900	4823.438	4909.570
28	Spectrogram 1	1	1.633552781	1.634550513	3175.000	6094.900	4823.438	4909.570
29	Spectrogram 1	1	1.634550513	1.635548245	3175.000	6094.900	5167.969	5254.102
30	Spectrogram 1	1	1.635548245	1.636545978	3175.000	6094.900	5167.969	5254.102
31	Spectrogram 1	1	1.636545978	1.637543710	3175.000	6094.900	5167.969	5254.102
32	Spectrogram 1	1	1.637543710	1.638541443	3175.000	6094.900	5167.969	5254.102
33	Spectrogram 1	1	1.638541443	1.639539175	3175.000	6094.900	5167.969	5254.102
34	Spectrogram 1	1	1.639539175	1.640536907	3175.000	6094.900	4995.703	4995.703
35	Spectrogram 1	1	1.640536907	1.641534640	3175.000	6094.900	4995.703	4995.703
36	Spectrogram 1	1	1.641534640	1.642532372	3175.000	6094.900	4995.703	4995.703
37	Spectrogram 1	1	1.642532372	1.643530105	3175.000	6094.900	4995.703	4995.703
38	Spectrogram 1	1	1.643530105	1.644527837	3175.000	6094.900	4995.703	4995.703
39	Spectrogram 1	1	1.644527837	1.645525570	3175.000	6094.900	4995.703	4995.703
40	Spectrogram 1	1	1.645525570	1.646523302	3175.000	6094.900	4651.172	4909.570
41	Spectrogram 1	1	1.646523302	1.647521034	3175.000	6094.900	4651.172	4909.570
42	Spectrogram 1	1	1.647521034	1.648518767	3175.000	6094.900	4651.172	4909.570
43	Spectrogram 1	1	1.648518767	1.649516499	3175.000	6094.900	4651.172	4909.570
44	Spectrogram 1	1	1.649516499	1.650514232	3175.000	6094.900	4651.172	4909.570
45	Spectrogram 1	1	1.650514232	1.651511964	3175.000	6094.900	4651.172	4909.570
46	Spectrogram 1	1	1.651511964	1.652509697	3175.000	6094.900	4220.508	4220.508
47	Spectrogram 1	1	1.652509697	1.653507429	3175.000	6094.900	4220.508	4220.508
48	Spectrogram 1	1	1.653507429	1.654505161	3175.000	6094.900	4220.508	4220.508
49	Spectrogram 1	1	1.654505161	1.655502894	3175.000	6094.900	4220.508	4220.508
50	Spectrogram 1	1	1.655502894	1.656500626	3175.000	6094.900	4220.508	4220.508
51	Spectrogram 1	1	1.656500626	1.657498359	3175.000	6094.900	4220.508	4220.508
52	Spectrogram 1	1	1.657498359	1.658496091	3175.000	6094.900	4048.242	3962.109
53	Spectrogram 1	1	1.658496091	1.659493824	3175.000	6094.900	4048.242	3962.109
54	Spectrogram 1	1	1.659493824	1.660491556	3175.000	6094.900	4048.242	3962.109
55	Spectrogram 1	1	1.660491556	1.661489288	3175.000	6094.900	4048.242	3962.109
56	Spectrogram 1	1	1.661489288	1.662487021	3175.000	6094.900	4048.242	3962.109
57	Spectrogram 1	1	1.662487021	1.663484753	3175.000	6094.900	4048.242	3962.109
58	Spectrogram 1	1	1.663484753	1.664482486	3175.000	6094.900	3875.977	3789.844
59	Spectrogram 1	1	1.664482486	1.665480218	3175.000	6094.900	3875.977	3789.844
60	Spectrogram 1	1	1.665480218	1.666477951	3175.000	6094.900	3875.977	3789.844
61	Spectrogram 1	1	1.666477951	1.667475683	3175.000	6094.900	3875.977	3789.844
62	Spectrogram 1	1	1.667475683	1.668473415	3175.000	6094.900	3875.977	3789.844
63	Spectrogram 1	1	1.668473415	1.669471148	3175.000	6094.900	3617.578	3617.578
64	Spectrogram 1	1	1.669471148	1.670468880	3175.000	6094.900	3617.578	3617.578
65	Spectrogram 1	1	1.670468880	1.671466613	3175.000	6094.900	3617.578	3617.578
66	Spectrogram 1	1	1.671466613	1.672464345	3175.000	6094.900	3617.578	3617.578
67	Spectrogram 1	1	1.672464345	1.673462078	3175.000	6094.900	3617.578	3617.578
68	Spectrogram 1	1	1.673462078	1.674459810	3175.000	6094.900	3617.578	3617.578
69	Spectrogram 1	1	1.674459810	1.675457542	3175.000	6094.900	3617.578	3617.578
70	Spectrogram 1	1	1.675457542	1.676455275	3175.000	6094.900	3617.578	3617.578
71	Spectrogram 1	1	1.676455275	1.677453007	3175.000	6094.900	3617.578	3617.578
72	Spectrogram 1	1	1.677453007	1.678450740	3175.000	6094.900	3617.578	3617.578
73	Spectrogram 1	1	1.678450740	1.679448472	3175.000	6094.900	3617.578	3617.578
74	Spectrogram 1	1	1.679448472	1.680446205	3175.000	6094.900	3617.578	3617.578
75	Spectrogram 1	1	1.680446205	1.681443937	3175.000	6094.900	3703.711	3703.711
76	Spectrogram 1	1	1.681443937	1.682441669	3175.000	6094.900	3703.711	3703.711
77	Spectrogram 1	1	1.682441669	1.683439402	3175.000	6094.900	3703.711	3703.711
78	Spectrogram 1	1	1.683439402	1.684437134	3175.000	6094.900	3703.711	3703.711
79	Spectrogram 1	1	1.684437134	1.685434867	3175.000	6094.900	3703.711	3703.711
80	Spectrogram 1	1	1.685434867	1.686432599	3175.000	6094.900	3703.711	3703.711
81	Spectrogram 1	1	1.686432599	1.687430332	3175.000	6094.900	3703.711	3617.578
82	Spectrogram 1	1	1.687430332	1.688428064	3175.000	6094.900	3703.711	3617.578
83	Spectrogram 1	1	1.688428064	1.689425796	3175.000	6094.900	3703.711	3617.578
84	Spectrogram 1	1	1.689425796	1.690423529	3175.000	6094.900	3703.711	3617.578
85	Spectrogram 1	1	1.690423529	1.691421261	3175.000	6094.900	3703.711	3617.578
86	Spectrogram 1	1	1.691421261	1.692418994	3175.000	6094.900	3703.711	3617.578
87	Spectrogram 1	1	1.692418994	1.693416726	3175.000	6094.900	3789.844	3789.844
88	Spectrogram 1	1	1.693416726	1.694414459	3175.000	6094.900	3789.844	3789.844
89	Spectrogram 1	1	1.694414459	1.695412191	3175.000	6094.900	3789.844	3789.844
90	Spectrogram 1	1	1.695412191	1.696409923	3175.000	6094.900	3789.844	3789.844
91	Spectrogram 1	1	1.696409923	1.697407656	3175.000	6094.900	3789.844	3789.844
92	Spectrogram 1	1	1.697407656	1.698405388	3175.000	6094.900	3789.844	3789.844
93	Spectrogram 1	1	1.698405388	1.699403121	3175.000	6094.900	3703.711	3703.711
94	Spectrogram 1	1	1.699403121	1.700400853	3175.000	6094.900	3703.711	3703.711
95	Spectrogram 1	1	1.700400853	1.701398585	3175.000	6094.900	3703.711	3703.711
96	Spectrogram 1	1	1.701398585	1.702396318	3175.000	6094.900	3703.711	3703.711
97	Spectrogram 1	1	1.702396318	1.703394050	3175.000	6094.900	3703.711	3703.711
98	Spectrogram 1	1	1.703394050	1.704391783	3175.000	6094.900	3531.445	3531.445
99	Spectrogram 1	1	1.704391783	1.705389515	3175.000	6094.900	3531.445	3531.445
100	Spectrogram 1	1	1.705389515	1.706387248	3175.000	6094.900	3531.445	3531.445
101	Spectrogram 1	1	1.706387248	1.707384980	3175.000	6094.900	3531.445	3531.445
102	Spectrogram 1	1	1.707384980	1.708382712	3175.000	6094.900	3531.445	3531.445
103	Spectrogram 1	1	1.708382712	1.709380445	3175.000	6094.900	3531.445	3531.445
104	Spectrogram 1	1	1.709380445	1.710378177	3175.000	6094.900	3359.180	3359.180
105	Spectrogram 1	1	1.710378177	1.711375910	3175.000	6094.900	3359.180	3359.180
106	Spectrogram 1	1	1.711375910	1.712373642	3175.000	6094.900	3359.180	3359.180
107	Spectrogram 1	1	1.712373642	1.713371375	3175.000	6094.900	3359.180	3359.180
108	Spectrogram 1	1	1.713371375	1.714369107	3175.000	6094.900	3359.180	3359.180
109	Spectrogram 1	1	1.714369107	1.715366839	3175.000	6094.900	3359.180	3359.180
110	Spectrogram 1	1	1.715366839	1.716364572	3175.000	6094.900	3359.180	3359.180
111	Spectrogram 1	1	1.716364572	1.717362304	3175.000	6094.900	3359.180	3359.180
112	Spectrogram 1	1	1.717362304	1.718360037	3175.000	6094.900	3359.180	3359.180
113	Spectrogram 1	1	1.718360037	1.719357769	3175.000	6094.900	3359.180	3359.180
114	Spectrogram 1	1	1.719357769	1.720355502	3175.000	6094.900	3359.180	3359.180
115	Spectrogram 1	1	1.720355502	1.721353234	3175.000	6094.900	3359.180	3359.180
116	Spectrogram 1	1	1.721353234	1.722350966	3175.000	6094.900	3273.047	3273.047
117	Spectrogram 1	1	1.722350966	1.723348699	3175.000	6094.900	3273.047	3273.047
118	Spectrogram 1	1	1.723348699	1.724346431	3175.000	6094.900	3273.047	3273.047
119	Spectrogram 1	1	1.724346431	1.725344164	3175.000	6094.900	3273.047	3273.047
120	Spectrogram 1	1	1.725344164	1.726341896	3175.000	6094.900	3273.047	3273.047
121	Spectrogram 1	1	1.726341896	1.727339629	3175.000	6094.900	3273.047	3273.047
122	Spectrogram 1	1	1.727339629	1.728337361	3175.000	6094.900	3273.047	3186.914
123	Spectrogram 1	1	1.728337361	1.729335093	3175.000	6094.900	3273.047	3186.914
124	Spectrogram 1	1	1.729335093	1.730332826	3175.000	6094.900	3273.047	3186.914
125	Spectrogram 1	1	1.730332826	1.731330558	3175.000	6094.900	3273.047	3186.914
126	Spectrogram 1	1	1.731330558	1.732328291	3175.000	6094.900	3273.047	3186.914
127	Spectrogram 1	1	1.732328291	1.733326023	3175.000	6094.900	3359.180	3359.180
128	Spectrogram 1	1	1.733326023	1.734323756	3175.000	6094.900	3359.180	3359.180
129	Spectrogram 1	1	1.734323756	1.735321488	3175.000	6094.900	3359.180	3359.180
130	Spectrogram 1	1	1.735321488	1.736319220	3175.000	6094.900	3359.180	3359.180
131	Spectrogram 1	1	1.736319220	1.737316953	3175.000	6094.900	3359.180	3359.180
132	Spectrogram 1	1	1.737316953	1.738314685	3175.000	6094.900	3359.180	3359.180
133	Spectrogram 1	1	1.738314685	1.739312418	3175.000	6094.900	3703.711	3445.312
134	Spectrogram 1	1	1.739312418	1.740310150	3175.000	6094.900	3703.711	3445.312
135	Spectrogram 1	1	1.740310150	1.741307883	3175.000	6094.900	3703.711	3445.312
136	Spectrogram 1	1	1.741307883	1.742305615	3175.000	6094.900	3703.711	3445.312
137	Spectrogram 1	1	1.742305615	1.743303347	3175.000	6094.900	3703.711	3445.312
138	Spectrogram 1	1	1.743303347	1.744301080	3175.000	6094.900	3703.711	3445.312
139	Spectrogram 1	1	1.744301080	1.745298812	3175.000	6094.900	3531.445	3359.180
140	Spectrogram 1	1	1.745298812	1.746296545	3175.000	6094.900	3531.445	3359.180
141	Spectrogram 1	1	1.746296545	1.747294277	3175.000	6094.900	3531.445	3359.180
142	Spectrogram 1	1	1.747294277	1.748292010	3175.000	6094.900	3531.445	3359.180
143	Spectrogram 1	1	1.748292010	1.749289742	3175.000	6094.900	3531.445	3359.180
144	Spectrogram 1	1	1.749289742	1.750287474	3175.000	6094.900	3531.445	3359.180
145	Spectrogram 1	1	1.750287474	1.751285207	3175.000	6094.900	4220.508	4220.508
146	Spectrogram 1	1	1.751285207	1.752282939	3175.000	6094.900	4220.508	4220.508
147	Spectrogram 1	1	1.752282939	1.753280672	3175.000	6094.900	4220.508	4220.508
148	Spectrogram 1	1	1.753280672	1.754278404	3175.000	6094.900	4220.508	4220.508
149	Spectrogram 1	1	1.754278404	1.755276137	3175.000	6094.900	4220.508	4220.508
150	Spectrogram 1	1	1.755276137	1.756273869	3175.000	6094.900	4220.508	4220.508
151	Spectrogram 1	1	1.756273869	1.757271601	3175.000	6094.900	4651.172	4651.172
152	Spectrogram 1	1	1.757271601	1.758269334	3175.000	6094.900	4651.172	4651.172
153	Spectrogram 1	1	1.758269334	1.759267066	3175.000	6094.900	4651.172	4651.172
154	Spectrogram 1	1	1.759267066	1.760264799	3175.000	6094.900	4651.172	4651.172
155	Spectrogram 1	1	1.760264799	1.761262531	3175.000	6094.900	4651.172	4651.172
156	Spectrogram 1	1	1.761262531	1.762260264	3175.000	6094.900	4651.172	4651.172
157	Spectrogram 1	1	1.762260264	1.763257996	3175.000	6094.900	4651.172	4651.172
158	Spectrogram 1	1	1.763257996	1.764255728	3175.000	6094.900	4651.172	4651.172
159	Spectrogram 1	1	1.764255728	1.765253461	3175.000	6094.900	4651.172	4651.172
160	Spectrogram 1	1	1.765253461	1.766251193	3175.000	6094.900	4651.172	4651.172
161	Spectrogram 1	1	1.766251193	1.767248926	3175.000	6094.900	4651.172	4651.172
162	Spectrogram 1	1	1.767248926	1.768246658	3175.000	6094.900	4651.172	4651.172
163	Spectrogram 1	1	1.768246658	1.769244390	3175.000	6094.900	4651.172	4651.172
164	Spectrogram 1	1	1.769244390	1.770242123	3175.000	6094.900	4651.172	4651.172
165	Spectrogram 1	1	1.770242123	1.771239855	3175.000	6094.900	4651.172	4651.172
166	Spectrogram 1	1	1.771239855	1.772237588	3175.000	6094.900	4651.172	4651.172
167	Spectrogram 1	1	1.772237588	1.773235320	3175.000	6094.900	4651.172	4651.172
168	Spectrogram 1	1	1.773235320	1.774233053	3175.000	6094.900	4737.305	4737.305
169	Spectrogram 1	1	1.774233053	1.775230785	3175.000	6094.900	4737.305	4737.305
170	Spectrogram 1	1	1.775230785	1.776228517	3175.000	6094.900	4737.305	4737.305
171	Spectrogram 1	1	1.776228517	1.777226250	3175.000	6094.900	4737.305	4737.305
172	Spectrogram 1	1	1.777226250	1.778223982	3175.000	6094.900	4737.305	4737.305
173	Spectrogram 1	1	1.778223982	1.779221715	3175.000	6094.900	4737.305	4737.305
174	Spectrogram 1	1	1.779221715	1.780219447	3175.000	6094.900	4823.438	4823.438
175	Spectrogram 1	1	1.780219447	1.781217180	3175.000	6094.900	4823.438	4823.438
176	Spectrogram 1	1	1.781217180	1.782214912	3175.000	6094.900	4823.438	4823.438
177	Spectrogram 1	1	1.782214912	1.783212644	3175.000	6094.900	4823.438	4823.438
178	Spectrogram 1	1	1.783212644	1.784210377	3175.000	6094.900	4823.438	4823.438
179	Spectrogram 1	1	1.784210377	1.785208109	3175.000	6094.900	4823.438	4823.438
180	Spectrogram 1	1	1.785208109	1.786205842	3175.000	6094.900	4909.570	4909.570
181	Spectrogram 1	1	1.786205842	1.787203574	3175.000	6094.900	4909.570	4909.570
182	Spectrogram 1	1	1.787203574	1.788201307	3175.000	6094.900	4909.570	4909.570
183	Spectrogram 1	1	1.788201307	1.789199039	3175.000	6094.900	4909.570	4909.570
184	Spectrogram 1	1	1.789199039	1.790196771	3175.000	6094.900	4909.570	4909.570
185	Spectrogram 1	1	1.790196771	1.791194504	3175.000	6094.900	4909.570	4909.570
186	Spectrogram 1	1	1.791194504	1.792192236	3175.000	6094.900	4995.703	4995.703
187	Spectrogram 1	1	1.792192236	1.793189969	3175.000	6094.900	4995.703	4995.703
188	Spectrogram 1	1	1.793189969	1.794187701	3175.000	6094.900	4995.703	4995.703
189	Spectrogram 1	1	1.794187701	1.795185434	3175.000	6094.900	4995.703	4995.703
190	Spectrogram 1	1	1.795185434	1.796183166	3175.000	6094.900	4995.703	4995.703
191	Spectrogram 1	1	1.796183166	1.797180898	3175.000	6094.900	5081.836	5081.836
192	Spectrogram 1	1	1.797180898	1.798178631	3175.000	6094.900	5081.836	5081.836
193	Spectrogram 1	1	1.798178631	1.799176363	3175.000	6094.900	5081.836	5081.836
194	Spectrogram 1	1	1.799176363	1.800174096	3175.000	6094.900	5081.836	5081.836
195	Spectrogram 1	1	1.800174096	1.801171828	3175.000	6094.900	5081.836	5081.836
196	Spectrogram 1	1	1.801171828	1.802169561	3175.000	6094.900	5081.836	5081.836
197	Spectrogram 1	1	1.802169561	1.803167293	3175.000	6094.900	5426.367	5426.367
198	Spectrogram 1	1	1.803167293	1.804165025	3175.000	6094.900	5426.367	5426.367
199	Spectrogram 1	1	1.804165025	1.805162758	3175.000	6094.900	5426.367	5426.367
200	Spectrogram 1	1	1.805162758	1.806160490	3175.000	6094.900	5426.367	5426.367
201	Spectrogram 1	1	1.806160490	1.807158223	3175.000	6094.900	5426.367	5426.367
202	Spectrogram 1	1	1.807158223	1.808155955	3175.000	6094.900	5426.367	5426.367
203	Spectrogram 1	1	1.808155955	1.809153688	3175.000	6094.900	5770.898	5770.898
204	Spectrogram 1	1	1.809153688	1.810151420	3175.000	6094.900	5770.898	5770.898
205	Spectrogram 1	1	1.810151420	1.811149152	3175.000	6094.900	5770.898	5770.898
206	Spectrogram 1	1	1.811149152	1.812146885	3175.000	6094.900	5770.898	5770.898
207	Spectrogram 1	1	1.812146885	1.813144617	3175.000	6094.900	5770.898	5770.898
208	Spectrogram 1	1	1.813144617	1.814142350	3175.000	6094.900	5770.898	5770.898
209	Spectrogram 1	1	1.814142350	1.815140082	3175.000	6094.900	5081.836	5081.836
210	Spectrogram 1	1	1.815140082	1.816137815	3175.000	6094.900	5081.836	5081.836
211	Spectrogram 1	1	1.816137815	1.817135547	3175.000	6094.900	5081.836	5081.836
212	Spectrogram 1	1	1.817135547	1.818133279	3175.000	6094.900	5081.836	5081.836
213	Spectrogram 1	1	1.818133279	1.819131012	3175.000	6094.900	5081.836	5081.836
214	Spectrogram 1	1	1.819131012	1.820128744	3175.000	6094.900	5081.836	5081.836
215	Spectrogram 1	1	1.820128744	1.821126477	3175.000	6094.900	4737.305	4478.906
216	Spectrogram 1	1	1.821126477	1.822124209	3175.000	6094.900	4737.305	4478.906
217	Spectrogram 1	1	1.822124209	1.823121942	3175.000	6094.900	4737.305	4478.906
218	Spectrogram 1	1	1.823121942	1.824119674	3175.000	6094.900	4737.305	4478.906
219	Spectrogram 1	1	1.824119674	1.825117406	3175.000	6094.900	4737.305	4478.906
220	Spectrogram 1	1	1.825117406	1.826115139	3175.000	6094.900	4737.305	4478.906
221	Spectrogram 1	1	1.826115139	1.827112871	3175.000	6094.900	4306.641	4220.508
222	Spectrogram 1	1	1.827112871	1.828110604	3175.000	6094.900	4306.641	4220.508
223	Spectrogram 1	1	1.828110604	1.829108336	3175.000	6094.900	4306.641	4220.508
224	Spectrogram 1	1	1.829108336	1.830106068	3175.000	6094.900	4306.641	4220.508
225	Spectrogram 1	1	1.830106068	1.831103801	3175.000	6094.900	4306.641	4220.508
226	Spectrogram 1	1	1.831103801	1.832101533	3175.000	6094.900	4048.242	4048.242
227	Spectrogram 1	1	1.832101533	1.833099266	3175.000	6094.900	4048.242	4048.242
228	Spectrogram 1	1	1.833099266	1.834096998	3175.000	6094.900	4048.242	4048.242
229	Spectrogram 1	1	1.834096998	1.835094731	3175.000	6094.900	4048.242	4048.242
230	Spectrogram 1	1	1.835094731	1.836092463	3175.000	6094.900	4048.242	4048.242
231	Spectrogram 1	1	1.836092463	1.837090195	3175.000	6094.900	4048.242	4048.242
232	Spectrogram 1	1	1.837090195	1.838087928	3175.000	6094.900	3962.109	3875.977
233	Spectrogram 1	1	1.838087928	1.839085660	3175.000	6094.900	3962.109	3875.977
234	Spectrogram 1	1	1.839085660	1.840083393	3175.000	6094.900	3962.109	3875.977
235	Spectrogram 1	1	1.840083393	1.841081125	3175.000	6094.900	3962.109	3875.977
236	Spectrogram 1	1	1.841081125	1.842078858	3175.000	6094.900	3962.109	3875.977
237	Spectrogram 1	1	1.842078858	1.843076590	3175.000	6094.900	3962.109	3875.977
238	Spectrogram 1	1	1.843076590	1.844074322	3175.000	6094.900	3962.109	3273.047
239	Spectrogram 1	1	1.844074322	1.845072055	3175.000	6094.900	3962.109	3273.047
240	Spectrogram 1	1	1.845072055	1.845277105	3175.000	6094.900	3962.109	3273.047
