Selection	View	Channel	Begin Time (s)	End Time (s)	Low Freq (Hz)	High Freq (Hz)	Center Freq (Hz)	Peak Freq (Hz)
1	Spectrogram 1	1	0.263646029	0.264646029	3899.200	7260.500	5812.500	5812.500
2	Spectrogram 1	1	0.264646029	0.265646029	3899.200	7260.500	5812.500	5812.500
3	Spectrogram 1	1	0.265646029	0.266646029	3899.200	7260.500	5812.500	5812.500
4	Spectrogram 1	1	0.266646029	0.267646029	3899.200	7260.500	5812.500	5812.500
5	Spectrogram 1	1	0.267646029	0.268646029	3899.200	7260.500	5812.500	5812.500
6	Spectrogram 1	1	0.268646029	0.269646029	3899.200	7260.500	5812.500	5812.500
7	Spectrogram 1	1	0.269646029	0.270646029	3899.200	7260.500	5531.250	5437.500
8	Spectrogram 1	1	0.270646029	0.271646029	3899.200	7260.500	5531.250	5437.500
9	Spectrogram 1	1	0.271646029	0.272646029	3899.200	7260.500	5531.250	5437.500
10	Spectrogram 1	1	0.272646029	0.273646029	3899.200	7260.500	5531.250	5437.500
11	Spectrogram 1	1	0.273646029	0.274646029	3899.200	7260.500	5531.250	5437.500
12	Spectrogram 1	1	0.274646029	0.275646029	3899.200	7260.500	5062.500	5062.500
13	Spectrogram 1	1	0.275646029	0.276646029	3899.200	7260.500	5062.500	5062.500
14	Spectrogram 1	1	0.276646029	0.277646029	3899.200	7260.500	5062.500	5062.500
15	Spectrogram 1	1	0.277646029	0.278646029	3899.200	7260.500	5062.500	5062.500
16	Spectrogram 1	1	0.278646029	0.279646029	3899.200	7260.500	5062.500	5062.500
17	Spectrogram 1	1	0.279646029	0.280646029	3899.200	7260.500	4875.000	4875.000
18	Spectrogram 1	1	0.280646029	0.281646029	3899.200	7260.500	4875.000	4875.000
19	Spectrogram 1	1	0.281646029	0.282646029	3899.200	7260.500	4875.000	4875.000
20	Spectrogram 1	1	0.282646029	0.283646029	3899.200	7260.500	4875.000	4875.000
21	Spectrogram 1	1	0.283646029	0.284646029	3899.200	7260.500	4875.000	4875.000
22	Spectrogram 1	1	0.284646029	0.285646029	3899.200	7260.500	4875.000	4875.000
23	Spectrogram 1	1	0.285646029	0.286646029	3899.200	7260.500	4875.000	4875.000
24	Spectrogram 1	1	0.286646029	0.287646029	3899.200	7260.500	4875.000	4875.000
25	Spectrogram 1	1	0.287646029	0.288646029	3899.200	7260.500	4875.000	4875.000
26	Spectrogram 1	1	0.288646029	0.289646029	3899.200	7260.500	4875.000	4875.000
27	Spectrogram 1	1	0.289646029	0.290646029	3899.200	7260.500	4875.000	4875.000
28	Spectrogram 1	1	0.290646029	0.291646029	3899.200	7260.500	5156.250	5156.250
29	Spectrogram 1	1	0.291646029	0.292646029	3899.200	7260.500	5156.250	5156.250
30	Spectrogram 1	1	0.292646029	0.293646029	3899.200	7260.500	5156.250	5156.250
31	Spectrogram 1	1	0.293646029	0.294646029	3899.200	7260.500	5156.250	5156.250
32	Spectrogram 1	1	0.294646029	0.295646029	3899.200	7260.500	5156.250	5156.250
33	Spectrogram 1	1	0.295646029	0.296646029	3899.200	7260.500	5156.250	5156.250
34	Spectrogram 1	1	0.296646029	0.297646029	3899.200	7260.500	5156.250	5156.250
35	Spectrogram 1	1	0.297646029	0.298646029	3899.200	7260.500	5156.250	5156.250
36	Spectrogram 1	1	0.298646029	0.299646029	3899.200	7260.500	5156.250	5156.250
37	Spectrogram 1	1	0.299646029	0.300646029	3899.200	7260.500	5156.250	5156.250
38	Spectrogram 1	1	0.300646029	0.301646029	3899.200	7260.500	5156.250	5156.250
39	Spectrogram 1	1	0.301646029	0.302646029	3899.200	7260.500	5156.250	5156.250
40	Spectrogram 1	1	0.302646029	0.303646029	3899.200	7260.500	5156.250	5156.250
41	Spectrogram 1	1	0.303646029	0.304646029	3899.200	7260.500	5156.250	5156.250
42	Spectrogram 1	1	0.304646029	0.305646029	3899.200	7260.500	5156.250	5156.250
43	Spectrogram 1	1	0.305646029	0.306646029	3899.200	7260.500	5156.250	5156.250
44	Spectrogram 1	1	0.306646029	0.307646029	3899.200	7260.500	5062.500	5062.500
45	Spectrogram 1	1	0.307646029	0.308646029	3899.200	7260.500	5062.500	5062.500
46	Spectrogram 1	1	0.308646029	0.309646029	3899.200	7260.500	5062.500	5062.500
47	Spectrogram 1	1	0.309646029	0.310646029	3899.200	7260.500	5062.500	5062.500
48	Spectrogram 1	1	0.310646029	0.311646029	3899.200	7260.500	5062.500	5062.500
49	Spectrogram 1	1	0.311646029	0.312646029	3899.200	7260.500	4875.000	4875.000
50	Spectrogram 1	1	0.312646029	0.313646029	3899.200	7260.500	4875.000	4875.000
51	Spectrogram 1	1	0.313646029	0.314646029	3899.200	7260.500	4875.000	4875.000
52	Spectrogram 1	1	0.314646029	0.315646029	3899.200	7260.500	4875.000	4875.000
53	Spectrogram 1	1	0.315646029	0.316646029	3899.200	7260.500	4875.000	4875.000
54	Spectrogram 1	1	0.316646029	0.317646029	3899.200	7260.500	4875.000	4875.000
55	Spectrogram 1	1	0.317646029	0.318646029	3899.200	7260.500	4687.500	4687.500
56	Spectrogram 1	1	0.318646029	0.319646029	3899.200	7260.500	4687.500	4687.500
57	Spectrogram 1	1	0.319646029	0.320646029	3899.200	7260.500	4687.500	4687.500
58	Spectrogram 1	1	0.320646029	0.321646029	3899.200	7260.500	4687.500	4687.500
59	Spectrogram 1	1	0.321646029	0.322646029	3899.200	7260.500	4687.500	4687.500
60	Spectrogram 1	1	0.322646029	0.323646029	3899.200	7260.500	4593.750	4593.750
61	Spectrogram 1	1	0.323646029	0.324646029	3899.200	7260.500	4593.750	4593.750
62	Spectrogram 1	1	0.324646029	0.325646029	3899.200	7260.500	4593.750	4593.750
63	Spectrogram 1	1	0.325646029	0.326646029	3899.200	7260.500	4593.750	4593.750
64	Spectrogram 1	1	0.326646029	0.327646029	3899.200	7260.500	4593.750	4593.750
65	Spectrogram 1	1	0.327646029	0.328646029	3899.200	7260.500	4500.000	4406.250
66	Spectrogram 1	1	0.328646029	0.329646029	3899.200	7260.500	4500.000	4406.250
67	Spectrogram 1	1	0.329646029	0.330646029	3899.200	7260.500	4500.000	4406.250
68	Spectrogram 1	1	0.330646029	0.331646029	3899.200	7260.500	4500.000	4406.250
69	Spectrogram 1	1	0.331646029	0.332646029	3899.200	7260.500	4500.000	4406.250
70	Spectrogram 1	1	0.332646029	0.333646029	3899.200	7260.500	4500.000	4406.250
71	Spectrogram 1	1	0.333646029	0.334646029	3899.200	7260.500	4406.250	4406.250
72	Spectrogram 1	1	0.334646029	0.335646029	3899.200	7260.500	4406.250	4406.250
73	Spectrogram 1	1	0.335646029	0.336646029	3899.200	7260.500	4406.250	4406.250
74	Spectrogram 1	1	0.336646029	0.337646029	3899.200	7260.500	4406.250	4406.250
75	Spectrogram 1	1	0.337646029	0.338646029	3899.200	7260.500	4406.250	4406.250
76	Spectrogram 1	1	0.338646029	0.339646029	3899.200	7260.500	4312.500	4312.500
77	Spectrogram 1	1	0.339646029	0.340646029	3899.200	7260.500	4312.500	4312.500
78	Spectrogram 1	1	0.340646029	0.341646029	3899.200	7260.500	4312.500	4312.500
79	Spectrogram 1	1	0.341646029	0.342646029	3899.200	7260.500	4312.500	4312.500
80	Spectrogram 1	1	0.342646029	0.343646029	3899.200	7260.500	4312.500	4312.500
81	Spectrogram 1	1	0.343646029	0.344646029	3899.200	7260.500	4312.500	4312.500
82	Spectrogram 1	1	0.344646029	0.345646029	3899.200	7260.500	4312.500	4312.500
83	Spectrogram 1	1	0.345646029	0.346646029	3899.200	7260.500	4312.500	4312.500
84	Spectrogram 1	1	0.346646029	0.347646029	3899.200	7260.500	4312.500	4312.500
85	Spectrogram 1	1	0.347646029	0.348646029	3899.200	7260.500	4312.500	4312.500
86	Spectrogram 1	1	0.348646029	0.349646029	3899.200	7260.500	4312.500	4312.500
87	Spectrogram 1	1	0.349646029	0.350646029	3899.200	7260.500	4406.250	4406.250
88	Spectrogram 1	1	0.350646029	0.351646029	3899.200	7260.500	4406.250	4406.250
89	Spectrogram 1	1	0.351646029	0.352646029	3899.200	7260.500	4406.250	4406.250
90	Spectrogram 1	1	0.352646029	0.353646029	3899.200	7260.500	4406.250	4406.250
91	Spectrogram 1	1	0.353646029	0.354646029	3899.200	7260.500	4406.250	4406.250
92	Spectrogram 1	1	0.354646029	0.355646029	3899.200	7260.500	4406.250	4406.250
93	Spectrogram 1	1	0.355646029	0.356646029	3899.200	7260.500	4406.250	4406.250
94	Spectrogram 1	1	0.356646029	0.357646029	3899.200	7260.500	4406.250	4406.250
95	Spectrogram 1	1	0.357646029	0.358646029	3899.200	7260.500	4406.250	4406.250
96	Spectrogram 1	1	0.358646029	0.359646029	3899.200	7260.500	4406.250	4406.250
97	Spectrogram 1	1	0.359646029	0.360646029	3899.200	7260.500	4406.250	4406.250
98	Spectrogram 1	1	0.360646029	0.361646029	3899.200	7260.500	4406.250	4406.250
99	Spectrogram 1	1	0.361646029	0.362646029	3899.200	7260.500	4406.250	4406.250
100	Spectrogram 1	1	0.362646029	0.363646029	3899.200	7260.500	4406.250	4406.250
101	Spectrogram 1	1	0.363646029	0.364646029	3899.200	7260.500	4406.250	4406.250
102	Spectrogram 1	1	0.364646029	0.365646029	3899.200	7260.500	4406.250	4406.250
103	Spectrogram 1	1	0.365646029	0.366646029	3899.200	7260.500	4406.250	4406.250
104	Spectrogram 1	1	0.366646029	0.367646029	3899.200	7260.500	4406.250	4406.250
105	Spectrogram 1	1	0.367646029	0.368646029	3899.200	7260.500	4406.250	4406.250
106	Spectrogram 1	1	0.368646029	0.369646029	3899.200	7260.500	4406.250	4406.250
107	Spectrogram 1	1	0.369646029	0.370646029	3899.200	7260.500	4406.250	4406.250
108	Spectrogram 1	1	0.370646029	0.371646029	3899.200	7260.500	4312.500	4312.500
109	Spectrogram 1	1	0.371646029	0.372646029	3899.200	7260.500	4312.500	4312.500
110	Spectrogram 1	1	0.372646029	0.373646029	3899.200	7260.500	4312.500	4312.500
111	Spectrogram 1	1	0.373646029	0.374646029	3899.200	7260.500	4312.500	4312.500
112	Spectrogram 1	1	0.374646029	0.375646029	3899.200	7260.500	4312.500	4312.500
113	Spectrogram 1	1	0.375646029	0.376646029	3899.200	7260.500	4125.000	4125.000
114	Spectrogram 1	1	0.376646029	0.377646029	3899.200	7260.500	4125.000	4125.000
115	Spectrogram 1	1	0.377646029	0.378646029	3899.200	7260.500	4125.000	4125.000
116	Spectrogram 1	1	0.378646029	0.379646029	3899.200	7260.500	4125.000	4125.000
117	Spectrogram 1	1	0.379646029	0.380646029	3899.200	7260.500	4125.000	4125.000
118	Spectrogram 1	1	0.380646029	0.381646029	3899.200	7260.500	4125.000	4125.000
119	Spectrogram 1	1	0.381646029	0.382646029	3899.200	7260.500	4125.000	4031.250
120	Spectrogram 1	1	0.382646029	0.383646029	3899.200	7260.500	4125.000	4031.250
121	Spectrogram 1	1	0.383646029	0.384646029	3899.200	7260.500	4125.000	4031.250
122	Spectrogram 1	1	0.384646029	0.385646029	3899.200	7260.500	4125.000	4031.250
123	Spectrogram 1	1	0.385646029	0.386646029	3899.200	7260.500	4125.000	4031.250
124	Spectrogram 1	1	0.386646029	0.387646029	3899.200	7260.500	4125.000	4031.250
125	Spectrogram 1	1	0.387646029	0.388646029	3899.200	7260.500	4125.000	4031.250
126	Spectrogram 1	1	0.388646029	0.389646029	3899.200	7260.500	4125.000	4031.250
127	Spectrogram 1	1	0.389646029	0.390646029	3899.200	7260.500	4125.000	4031.250
128	Spectrogram 1	1	0.390646029	0.391646029	3899.200	7260.500	4125.000	4031.250
129	Spectrogram 1	1	0.391646029	0.392646029	3899.200	7260.500	4312.500	4406.250
130	Spectrogram 1	1	0.392646029	0.393646029	3899.200	7260.500	4312.500	4406.250
131	Spectrogram 1	1	0.393646029	0.394646029	3899.200	7260.500	4312.500	4406.250
132	Spectrogram 1	1	0.394646029	0.395646029	3899.200	7260.500	4312.500	4406.250
133	Spectrogram 1	1	0.395646029	0.396646029	3899.200	7260.500	4312.500	4406.250
134	Spectrogram 1	1	0.396646029	0.397646029	3899.200	7260.500	4312.500	4406.250
135	Spectrogram 1	1	0.397646029	0.398646029	3899.200	7260.500	4312.500	4218.750
136	Spectrogram 1	1	0.398646029	0.399646029	3899.200	7260.500	4312.500	4218.750
137	Spectrogram 1	1	0.399646029	0.400646029	3899.200	7260.500	4312.500	4218.750
138	Spectrogram 1	1	0.400646029	0.401646029	3899.200	7260.500	4312.500	4218.750
139	Spectrogram 1	1	0.401646029	0.402646029	3899.200	7260.500	4312.500	4218.750
140	Spectrogram 1	1	0.402646029	0.403646029	3899.200	7260.500	4500.000	4500.000
141	Spectrogram 1	1	0.403646029	0.404646029	3899.200	7260.500	4500.000	4500.000
142	Spectrogram 1	1	0.404646029	0.405646029	3899.200	7260.500	4500.000	4500.000
143	Spectrogram 1	1	0.405646029	0.406646029	3899.200	7260.500	4500.000	4500.000
144	Spectrogram 1	1	0.406646029	0.407646029	3899.200	7260.500	4500.000	4500.000
145	Spectrogram 1	1	0.407646029	0.408646029	3899.200	7260.500	4593.750	4593.750
146	Spectrogram 1	1	0.408646029	0.409646029	3899.200	7260.500	4593.750	4593.750
147	Spectrogram 1	1	0.409646029	0.410646029	3899.200	7260.500	4593.750	4593.750
148	Spectrogram 1	1	0.410646029	0.411646029	3899.200	7260.500	4593.750	4593.750
149	Spectrogram 1	1	0.411646029	0.412646029	3899.200	7260.500	4593.750	4593.750
150	Spectrogram 1	1	0.412646029	0.413646029	3899.200	7260.500	4593.750	4593.750
151	Spectrogram 1	1	0.413646029	0.414646029	3899.200	7260.500	4687.500	4687.500
152	Spectrogram 1	1	0.414646029	0.415646029	3899.200	7260.500	4687.500	4687.500
153	Spectrogram 1	1	0.415646029	0.416646029	3899.200	7260.500	4687.500	4687.500
154	Spectrogram 1	1	0.416646029	0.417646029	3899.200	7260.500	4687.500	4687.500
155	Spectrogram 1	1	0.417646029	0.418646029	3899.200	7260.500	4687.500	4687.500
156	Spectrogram 1	1	0.418646029	0.419646029	3899.200	7260.500	4875.000	4875.000
157	Spectrogram 1	1	0.419646029	0.420646029	3899.200	7260.500	4875.000	4875.000
158	Spectrogram 1	1	0.420646029	0.421646029	3899.200	7260.500	4875.000	4875.000
159	Spectrogram 1	1	0.421646029	0.422646029	3899.200	7260.500	4875.000	4875.000
160	Spectrogram 1	1	0.422646029	0.423646029	3899.200	7260.500	4875.000	4875.000
161	Spectrogram 1	1	0.423646029	0.424646029	3899.200	7260.500	4968.750	4968.750
162	Spectrogram 1	1	0.424646029	0.425646029	3899.200	7260.500	4968.750	4968.750
163	Spectrogram 1	1	0.425646029	0.426646029	3899.200	7260.500	4968.750	4968.750
164	Spectrogram 1	1	0.426646029	0.427646029	3899.200	7260.500	4968.750	4968.750
165	Spectrogram 1	1	0.427646029	0.428646029	3899.200	7260.500	4968.750	4968.750
166	Spectrogram 1	1	0.428646029	0.429646029	3899.200	7260.500	4968.750	4968.750
167	Spectrogram 1	1	0.429646029	0.430646029	3899.200	7260.500	5156.250	5156.250
168	Spectrogram 1	1	0.430646029	0.431646029	3899.200	7260.500	5156.250	5156.250
169	Spectrogram 1	1	0.431646029	0.432646029	3899.200	7260.500	5156.250	5156.250
170	Spectrogram 1	1	0.432646029	0.433646029	3899.200	7260.500	5156.250	5156.250
171	Spectrogram 1	1	0.433646029	0.434646029	3899.200	7260.500	5156.250	5156.250
172	Spectrogram 1	1	0.434646029	0.435646029	3899.200	7260.500	5250.000	5250.000
173	Spectrogram 1	1	0.435646029	0.436646029	3899.200	7260.500	5250.000	5250.000
174	Spectrogram 1	1	0.436646029	0.437646029	3899.200	7260.500	5250.000	5250.000
175	Spectrogram 1	1	0.437646029	0.438646029	3899.200	7260.500	5250.000	5250.000
176	Spectrogram 1	1	0.438646029	0.439646029	3899.200	7260.500	5250.000	5250.000
177	Spectrogram 1	1	0.439646029	0.440646029	3899.200	7260.500	5343.750	5437.500
178	Spectrogram 1	1	0.440646029	0.441646029	3899.200	7260.500	5343.750	5437.500
179	Spectrogram 1	1	0.441646029	0.442646029	3899.200	7260.500	5343.750	5437.500
180	Spectrogram 1	1	0.442646029	0.443646029	3899.200	7260.500	5343.750	5437.500
181	Spectrogram 1	1	0.443646029	0.444646029	3899.200	7260.500	5343.750	5437.500
182	Spectrogram 1	1	0.444646029	0.445646029	3899.200	7260.500	5343.750	5437.500
183	Spectrogram 1	1	0.445646029	0.446646029	3899.200	7260.500	5625.000	5718.750
184	Spectrogram 1	1	0.446646029	0.447646029	3899.200	7260.500	5625.000	5718.750
185	Spectrogram 1	1	0.447646029	0.448646029	3899.200	7260.500	5625.000	5718.750
186	Spectrogram 1	1	0.448646029	0.449646029	3899.200	7260.500	5625.000	5718.750
187	Spectrogram 1	1	0.449646029	0.450646029	3899.200	7260.500	5625.000	5718.750
188	Spectrogram 1	1	0.450646029	0.451646029	3899.200	7260.500	5906.250	5906.250
189	Spectrogram 1	1	0.451646029	0.452646029	3899.200	7260.500	5906.250	5906.250
190	Spectrogram 1	1	0.452646029	0.453646029	3899.200	7260.500	5906.250	5906.250
191	Spectrogram 1	1	0.453646029	0.454646029	3899.200	7260.500	5906.250	5906.250
192	Spectrogram 1	1	0.454646029	0.455646029	3899.200	7260.500	5906.250	5906.250
193	Spectrogram 1	1	0.455646029	0.456646029	3899.200	7260.500	5906.250	5906.250
194	Spectrogram 1	1	0.456646029	0.457646029	3899.200	7260.500	5906.250	5906.250
195	Spectrogram 1	1	0.457646029	0.458646029	3899.200	7260.500	5906.250	5906.250
196	Spectrogram 1	1	0.458646029	0.459646029	3899.200	7260.500	5906.250	5906.250
197	Spectrogram 1	1	0.459646029	0.460646029	3899.200	7260.500	5906.250	5906.250
198	Spectrogram 1	1	0.460646029	0.461646029	3899.200	7260.500	5906.250	5906.250
199	Spectrogram 1	1	0.461646029	0.462646029	3899.200	7260.500	6000.000	6000.000
200	Spectrogram 1	1	0.462646029	0.463646029	3899.200	7260.500	6000.000	6000.000
201	Spectrogram 1	1	0.463646029	0.464646029	3899.200	7260.500	6000.000	6000.000
202	Spectrogram 1	1	0.464646029	0.465646029	3899.200	7260.500	6000.000	6000.000
203	Spectrogram 1	1	0.465646029	0.466646029	3899.200	7260.500	6000.000	6000.000
204	Spectrogram 1	1	0.466646029	0.467646029	3899.200	7260.500	5812.500	6093.750
205	Spectrogram 1	1	0.467646029	0.468646029	3899.200	7260.500	5812.500	6093.750
206	Spectrogram 1	1	0.468646029	0.469646029	3899.200	7260.500	5812.500	6093.750
207	Spectrogram 1	1	0.469646029	0.470646029	3899.200	7260.500	5812.500	6093.750
208	Spectrogram 1	1	0.470646029	0.471646029	3899.200	7260.500	5812.500	6093.750
209	Spectrogram 1	1	0.471646029	0.472646029	3899.200	7260.500	5718.750	5906.250
210	Spectrogram 1	1	0.472646029	0.472711105	3899.200	7260.500	5718.750	5906.250
