Selection	View	Channel	Begin Time (s)	End Time (s)	Low Freq (Hz)	High Freq (Hz)	Center Freq (Hz)	Peak Freq (Hz)
1	Spectrogram 1	1	0.975637707	0.976637707	2649.554	6405.884	5437.500	5437.500
2	Spectrogram 1	1	0.976637707	0.977637707	2649.554	6405.884	5437.500	5437.500
3	Spectrogram 1	1	0.977637707	0.978637707	2649.554	6405.884	5437.500	5437.500
4	Spectrogram 1	1	0.978637707	0.979637707	2649.554	6405.884	6000.000	6093.750
5	Spectrogram 1	1	0.979637707	0.980637707	2649.554	6405.884	6000.000	6093.750
6	Spectrogram 1	1	0.980637707	0.981637707	2649.554	6405.884	6000.000	6093.750
7	Spectrogram 1	1	0.981637707	0.982637707	2649.554	6405.884	6000.000	6093.750
8	Spectrogram 1	1	0.982637707	0.983637707	2649.554	6405.884	6000.000	6093.750
9	Spectrogram 1	1	0.983637707	0.984637707	2649.554	6405.884	6187.500	6187.500
10	Spectrogram 1	1	0.984637707	0.985637707	2649.554	6405.884	6187.500	6187.500
11	Spectrogram 1	1	0.985637707	0.986637707	2649.554	6405.884	6187.500	6187.500
12	Spectrogram 1	1	0.986637707	0.987637707	2649.554	6405.884	6187.500	6187.500
13	Spectrogram 1	1	0.987637707	0.988637707	2649.554	6405.884	6187.500	6187.500
14	Spectrogram 1	1	0.988637707	0.989637707	2649.554	6405.884	6187.500	6187.500
15	Spectrogram 1	1	0.989637707	0.990637707	2649.554	6405.884	5531.250	5437.500
16	Spectrogram 1	1	0.990637707	0.991637707	2649.554	6405.884	5531.250	5437.500
17	Spectrogram 1	1	0.991637707	0.992637707	2649.554	6405.884	5531.250	5437.500
18	Spectrogram 1	1	0.992637707	0.993637707	2649.554	6405.884	5531.250	5437.500
19	Spectrogram 1	1	0.993637707	0.994637707	2649.554	6405.884	5531.250	5437.500
20	Spectrogram 1	1	0.994637707	0.995637707	2649.554	6405.884	4500.000	4500.000
21	Spectrogram 1	1	0.995637707	0.996637707	2649.554	6405.884	4500.000	4500.000
22	Spectrogram 1	1	0.996637707	0.997637707	2649.554	6405.884	4500.000	4500.000
23	Spectrogram 1	1	0.997637707	0.998637707	2649.554	6405.884	4500.000	4500.000
24	Spectrogram 1	1	0.998637707	0.999637707	2649.554	6405.884	4500.000	4500.000
25	Spectrogram 1	1	0.999637707	1.000637707	2649.554	6405.884	4593.750	4593.750
26	Spectrogram 1	1	1.000637707	1.001637707	2649.554	6405.884	4593.750	4593.750
27	Spectrogram 1	1	1.001637707	1.002637707	2649.554	6405.884	4593.750	4593.750
28	Spectrogram 1	1	1.002637707	1.003637707	2649.554	6405.884	4593.750	4593.750
29	Spectrogram 1	1	1.003637707	1.004637707	2649.554	6405.884	4593.750	4593.750
30	Spectrogram 1	1	1.004637707	1.005637707	2649.554	6405.884	4593.750	4593.750
31	Spectrogram 1	1	1.005637707	1.006637707	2649.554	6405.884	4968.750	4968.750
32	Spectrogram 1	1	1.006637707	1.007637707	2649.554	6405.884	4968.750	4968.750
33	Spectrogram 1	1	1.007637707	1.008637707	2649.554	6405.884	4968.750	4968.750
34	Spectrogram 1	1	1.008637707	1.009637707	2649.554	6405.884	4968.750	4968.750
35	Spectrogram 1	1	1.009637707	1.010637707	2649.554	6405.884	4968.750	4968.750
36	Spectrogram 1	1	1.010637707	1.011637707	2649.554	6405.884	5250.000	5250.000
37	Spectrogram 1	1	1.011637707	1.012637707	2649.554	6405.884	5250.000	5250.000
38	Spectrogram 1	1	1.012637707	1.013637707	2649.554	6405.884	5250.000	5250.000
39	Spectrogram 1	1	1.013637707	1.014637707	2649.554	6405.884	5250.000	5250.000
40	Spectrogram 1	1	1.014637707	1.015637707	2649.554	6405.884	5250.000	5250.000
41	Spectrogram 1	1	1.015637707	1.016637707	2649.554	6405.884	5437.500	5437.500
42	Spectrogram 1	1	1.016637707	1.017637707	2649.554	6405.884	5437.500	5437.500
43	Spectrogram 1	1	1.017637707	1.018637707	2649.554	6405.884	5437.500	5437.500
44	Spectrogram 1	1	1.018637707	1.019637707	2649.554	6405.884	5437.500	5437.500
45	Spectrogram 1	1	1.019637707	1.020637707	2649.554	6405.884	5437.500	5437.500
46	Spectrogram 1	1	1.020637707	1.021637707	2649.554	6405.884	5437.500	5437.500
47	Spectrogram 1	1	1.021637707	1.022637707	2649.554	6405.884	5156.250	5062.500
48	Spectrogram 1	1	1.022637707	1.023637707	2649.554	6405.884	5156.250	5062.500
49	Spectrogram 1	1	1.023637707	1.024637707	2649.554	6405.884	5156.250	5062.500
50	Spectrogram 1	1	1.024637707	1.025637707	2649.554	6405.884	5156.250	5062.500
51	Spectrogram 1	1	1.025637707	1.026637707	2649.554	6405.884	5156.250	5062.500
52	Spectrogram 1	1	1.026637707	1.027637707	2649.554	6405.884	4781.250	4781.250
53	Spectrogram 1	1	1.027637707	1.028637707	2649.554	6405.884	4781.250	4781.250
54	Spectrogram 1	1	1.028637707	1.029637707	2649.554	6405.884	4781.250	4781.250
55	Spectrogram 1	1	1.029637707	1.030637707	2649.554	6405.884	4781.250	4781.250
56	Spectrogram 1	1	1.030637707	1.031637707	2649.554	6405.884	4781.250	4781.250
57	Spectrogram 1	1	1.031637707	1.032637707	2649.554	6405.884	4500.000	4500.000
58	Spectrogram 1	1	1.032637707	1.033637707	2649.554	6405.884	4500.000	4500.000
59	Spectrogram 1	1	1.033637707	1.034637707	2649.554	6405.884	4500.000	4500.000
60	Spectrogram 1	1	1.034637707	1.035637707	2649.554	6405.884	4500.000	4500.000
61	Spectrogram 1	1	1.035637707	1.036637707	2649.554	6405.884	4500.000	4500.000
62	Spectrogram 1	1	1.036637707	1.037637707	2649.554	6405.884	4500.000	4500.000
63	Spectrogram 1	1	1.037637707	1.038637707	2649.554	6405.884	4312.500	4125.000
64	Spectrogram 1	1	1.038637707	1.039637707	2649.554	6405.884	4312.500	4125.000
65	Spectrogram 1	1	1.039637707	1.040637707	2649.554	6405.884	4312.500	4125.000
66	Spectrogram 1	1	1.040637707	1.041637707	2649.554	6405.884	4312.500	4125.000
67	Spectrogram 1	1	1.041637707	1.042637707	2649.554	6405.884	4312.500	4125.000
68	Spectrogram 1	1	1.042637707	1.043637707	2649.554	6405.884	3937.500	3937.500
69	Spectrogram 1	1	1.043637707	1.044637707	2649.554	6405.884	3937.500	3937.500
70	Spectrogram 1	1	1.044637707	1.045637707	2649.554	6405.884	3937.500	3937.500
71	Spectrogram 1	1	1.045637707	1.046637707	2649.554	6405.884	3937.500	3937.500
72	Spectrogram 1	1	1.046637707	1.047637707	2649.554	6405.884	3937.500	3937.500
73	Spectrogram 1	1	1.047637707	1.048637707	2649.554	6405.884	3843.750	3750.000
74	Spectrogram 1	1	1.048637707	1.049637707	2649.554	6405.884	3843.750	3750.000
75	Spectrogram 1	1	1.049637707	1.050637707	2649.554	6405.884	3843.750	3750.000
76	Spectrogram 1	1	1.050637707	1.051637707	2649.554	6405.884	3843.750	3750.000
77	Spectrogram 1	1	1.051637707	1.052637707	2649.554	6405.884	3843.750	3750.000
78	Spectrogram 1	1	1.052637707	1.053637707	2649.554	6405.884	3843.750	3750.000
79	Spectrogram 1	1	1.053637707	1.054637707	2649.554	6405.884	3656.250	3656.250
80	Spectrogram 1	1	1.054637707	1.055637707	2649.554	6405.884	3656.250	3656.250
81	Spectrogram 1	1	1.055637707	1.056637707	2649.554	6405.884	3656.250	3656.250
82	Spectrogram 1	1	1.056637707	1.057637707	2649.554	6405.884	3656.250	3656.250
83	Spectrogram 1	1	1.057637707	1.058637707	2649.554	6405.884	3656.250	3656.250
84	Spectrogram 1	1	1.058637707	1.059637707	2649.554	6405.884	3562.500	3562.500
85	Spectrogram 1	1	1.059637707	1.060637707	2649.554	6405.884	3562.500	3562.500
86	Spectrogram 1	1	1.060637707	1.061637707	2649.554	6405.884	3562.500	3562.500
87	Spectrogram 1	1	1.061637707	1.062637707	2649.554	6405.884	3562.500	3562.500
88	Spectrogram 1	1	1.062637707	1.063637707	2649.554	6405.884	3562.500	3562.500
89	Spectrogram 1	1	1.063637707	1.064637707	2649.554	6405.884	3656.250	3656.250
90	Spectrogram 1	1	1.064637707	1.065637707	2649.554	6405.884	3656.250	3656.250
91	Spectrogram 1	1	1.065637707	1.066637707	2649.554	6405.884	3656.250	3656.250
92	Spectrogram 1	1	1.066637707	1.067637707	2649.554	6405.884	3656.250	3656.250
93	Spectrogram 1	1	1.067637707	1.068637707	2649.554	6405.884	3656.250	3656.250
94	Spectrogram 1	1	1.068637707	1.069637707	2649.554	6405.884	3656.250	3656.250
95	Spectrogram 1	1	1.069637707	1.070637707	2649.554	6405.884	3750.000	3750.000
96	Spectrogram 1	1	1.070637707	1.071637707	2649.554	6405.884	3750.000	3750.000
97	Spectrogram 1	1	1.071637707	1.072637707	2649.554	6405.884	3750.000	3750.000
98	Spectrogram 1	1	1.072637707	1.073637707	2649.554	6405.884	3750.000	3750.000
99	Spectrogram 1	1	1.073637707	1.074637707	2649.554	6405.884	3750.000	3750.000
100	Spectrogram 1	1	1.074637707	1.075637707	2649.554	6405.884	3937.500	3937.500
101	Spectrogram 1	1	1.075637707	1.076637707	2649.554	6405.884	3937.500	3937.500
102	Spectrogram 1	1	1.076637707	1.077637707	2649.554	6405.884	3937.500	3937.500
103	Spectrogram 1	1	1.077637707	1.078637707	2649.554	6405.884	3937.500	3937.500
104	Spectrogram 1	1	1.078637707	1.079637707	2649.554	6405.884	3937.500	3937.500
105	Spectrogram 1	1	1.079637707	1.080637707	2649.554	6405.884	3937.500	3937.500
106	Spectrogram 1	1	1.080637707	1.081637707	2649.554	6405.884	3937.500	3937.500
107	Spectrogram 1	1	1.081637707	1.082637707	2649.554	6405.884	3937.500	3937.500
108	Spectrogram 1	1	1.082637707	1.083637707	2649.554	6405.884	3937.500	3937.500
109	Spectrogram 1	1	1.083637707	1.084637707	2649.554	6405.884	3937.500	3937.500
110	Spectrogram 1	1	1.084637707	1.085637707	2649.554	6405.884	3937.500	3937.500
111	Spectrogram 1	1	1.085637707	1.086637707	2649.554	6405.884	3750.000	3750.000
112	Spectrogram 1	1	1.086637707	1.087637707	2649.554	6405.884	3750.000	3750.000
113	Spectrogram 1	1	1.087637707	1.088637707	2649.554	6405.884	3750.000	3750.000
114	Spectrogram 1	1	1.088637707	1.089637707	2649.554	6405.884	3750.000	3750.000
115	Spectrogram 1	1	1.089637707	1.090637707	2649.554	6405.884	3750.000	3750.000
116	Spectrogram 1	1	1.090637707	1.091637707	2649.554	6405.884	3656.250	3562.500
117	Spectrogram 1	1	1.091637707	1.092637707	2649.554	6405.884	3656.250	3562.500
118	Spectrogram 1	1	1.092637707	1.093637707	2649.554	6405.884	3656.250	3562.500
119	Spectrogram 1	1	1.093637707	1.094637707	2649.554	6405.884	3656.250	3562.500
120	Spectrogram 1	1	1.094637707	1.095637707	2649.554	6405.884	3656.250	3562.500
121	Spectrogram 1	1	1.095637707	1.096637707	2649.554	6405.884	3468.750	3468.750
122	Spectrogram 1	1	1.096637707	1.097637707	2649.554	6405.884	3468.750	3468.750
123	Spectrogram 1	1	1.097637707	1.098637707	2649.554	6405.884	3468.750	3468.750
124	Spectrogram 1	1	1.098637707	1.099637707	2649.554	6405.884	3468.750	3468.750
125	Spectrogram 1	1	1.099637707	1.100637707	2649.554	6405.884	3468.750	3468.750
126	Spectrogram 1	1	1.100637707	1.101637707	2649.554	6405.884	3468.750	3468.750
127	Spectrogram 1	1	1.101637707	1.102637707	2649.554	6405.884	3843.750	3843.750
128	Spectrogram 1	1	1.102637707	1.103637707	2649.554	6405.884	3843.750	3843.750
129	Spectrogram 1	1	1.103637707	1.104637707	2649.554	6405.884	3843.750	3843.750
130	Spectrogram 1	1	1.104637707	1.105637707	2649.554	6405.884	3843.750	3843.750
131	Spectrogram 1	1	1.105637707	1.106637707	2649.554	6405.884	3843.750	3843.750
132	Spectrogram 1	1	1.106637707	1.107637707	2649.554	6405.884	3281.250	3281.250
133	Spectrogram 1	1	1.107637707	1.108637707	2649.554	6405.884	3281.250	3281.250
134	Spectrogram 1	1	1.108637707	1.109637707	2649.554	6405.884	3281.250	3281.250
135	Spectrogram 1	1	1.109637707	1.110637707	2649.554	6405.884	3281.250	3281.250
136	Spectrogram 1	1	1.110637707	1.111637707	2649.554	6405.884	3281.250	3281.250
137	Spectrogram 1	1	1.111637707	1.112637707	2649.554	6405.884	3468.750	3281.250
138	Spectrogram 1	1	1.112637707	1.113637707	2649.554	6405.884	3468.750	3281.250
139	Spectrogram 1	1	1.113637707	1.114637707	2649.554	6405.884	3468.750	3281.250
140	Spectrogram 1	1	1.114637707	1.115637707	2649.554	6405.884	3468.750	3281.250
141	Spectrogram 1	1	1.115637707	1.116637707	2649.554	6405.884	3468.750	3281.250
142	Spectrogram 1	1	1.116637707	1.117637707	2649.554	6405.884	3468.750	3281.250
143	Spectrogram 1	1	1.117637707	1.118637707	2649.554	6405.884	3656.250	3562.500
144	Spectrogram 1	1	1.118637707	1.119637707	2649.554	6405.884	3656.250	3562.500
145	Spectrogram 1	1	1.119637707	1.120637707	2649.554	6405.884	3656.250	3562.500
146	Spectrogram 1	1	1.120637707	1.121637707	2649.554	6405.884	3656.250	3562.500
147	Spectrogram 1	1	1.121637707	1.122637707	2649.554	6405.884	3656.250	3562.500
148	Spectrogram 1	1	1.122637707	1.123637707	2649.554	6405.884	3468.750	3281.250
149	Spectrogram 1	1	1.123637707	1.124637707	2649.554	6405.884	3468.750	3281.250
150	Spectrogram 1	1	1.124637707	1.125637707	2649.554	6405.884	3468.750	3281.250
151	Spectrogram 1	1	1.125637707	1.126637707	2649.554	6405.884	3468.750	3281.250
152	Spectrogram 1	1	1.126637707	1.127637707	2649.554	6405.884	3468.750	3281.250
153	Spectrogram 1	1	1.127637707	1.128637707	2649.554	6405.884	4218.750	4312.500
154	Spectrogram 1	1	1.128637707	1.129637707	2649.554	6405.884	4218.750	4312.500
155	Spectrogram 1	1	1.129637707	1.130637707	2649.554	6405.884	4218.750	4312.500
156	Spectrogram 1	1	1.130637707	1.131637707	2649.554	6405.884	4218.750	4312.500
157	Spectrogram 1	1	1.131637707	1.132637707	2649.554	6405.884	4218.750	4312.500
158	Spectrogram 1	1	1.132637707	1.133637707	2649.554	6405.884	4218.750	4312.500
159	Spectrogram 1	1	1.133637707	1.134637707	2649.554	6405.884	4968.750	4968.750
160	Spectrogram 1	1	1.134637707	1.135637707	2649.554	6405.884	4968.750	4968.750
161	Spectrogram 1	1	1.135637707	1.136637707	2649.554	6405.884	4968.750	4968.750
162	Spectrogram 1	1	1.136637707	1.137637707	2649.554	6405.884	4968.750	4968.750
163	Spectrogram 1	1	1.137637707	1.138637707	2649.554	6405.884	4968.750	4968.750
164	Spectrogram 1	1	1.138637707	1.139637707	2649.554	6405.884	5062.500	5062.500
165	Spectrogram 1	1	1.139637707	1.140637707	2649.554	6405.884	5062.500	5062.500
166	Spectrogram 1	1	1.140637707	1.141637707	2649.554	6405.884	5062.500	5062.500
167	Spectrogram 1	1	1.141637707	1.142637707	2649.554	6405.884	5062.500	5062.500
168	Spectrogram 1	1	1.142637707	1.143637707	2649.554	6405.884	5062.500	5062.500
169	Spectrogram 1	1	1.143637707	1.144637707	2649.554	6405.884	5062.500	5062.500
170	Spectrogram 1	1	1.144637707	1.145637707	2649.554	6405.884	5062.500	5062.500
171	Spectrogram 1	1	1.145637707	1.146637707	2649.554	6405.884	5062.500	5062.500
172	Spectrogram 1	1	1.146637707	1.147637707	2649.554	6405.884	5062.500	5062.500
173	Spectrogram 1	1	1.147637707	1.148637707	2649.554	6405.884	5062.500	5062.500
174	Spectrogram 1	1	1.148637707	1.149637707	2649.554	6405.884	5062.500	5062.500
175	Spectrogram 1	1	1.149637707	1.150637707	2649.554	6405.884	4968.750	4968.750
176	Spectrogram 1	1	1.150637707	1.151637707	2649.554	6405.884	4968.750	4968.750
177	Spectrogram 1	1	1.151637707	1.152637707	2649.554	6405.884	4968.750	4968.750
178	Spectrogram 1	1	1.152637707	1.153637707	2649.554	6405.884	4968.750	4968.750
179	Spectrogram 1	1	1.153637707	1.154637707	2649.554	6405.884	4968.750	4968.750
180	Spectrogram 1	1	1.154637707	1.155637707	2649.554	6405.884	4968.750	4968.750
181	Spectrogram 1	1	1.155637707	1.156637707	2649.554	6405.884	4968.750	4968.750
182	Spectrogram 1	1	1.156637707	1.157637707	2649.554	6405.884	4968.750	4968.750
183	Spectrogram 1	1	1.157637707	1.158637707	2649.554	6405.884	4968.750	4968.750
184	Spectrogram 1	1	1.158637707	1.159637707	2649.554	6405.884	4968.750	4968.750
185	Spectrogram 1	1	1.159637707	1.160637707	2649.554	6405.884	4968.750	4968.750
186	Spectrogram 1	1	1.160637707	1.161637707	2649.554	6405.884	4968.750	4968.750
187	Spectrogram 1	1	1.161637707	1.162637707	2649.554	6405.884	4968.750	4968.750
188	Spectrogram 1	1	1.162637707	1.163637707	2649.554	6405.884	4968.750	4968.750
189	Spectrogram 1	1	1.163637707	1.164637707	2649.554	6405.884	4968.750	4968.750
190	Spectrogram 1	1	1.164637707	1.165637707	2649.554	6405.884	4968.750	4968.750
191	Spectrogram 1	1	1.165637707	1.166637707	2649.554	6405.884	4875.000	4875.000
192	Spectrogram 1	1	1.166637707	1.167637707	2649.554	6405.884	4875.000	4875.000
193	Spectrogram 1	1	1.167637707	1.168637707	2649.554	6405.884	4875.000	4875.000
194	Spectrogram 1	1	1.168637707	1.169637707	2649.554	6405.884	4875.000	4875.000
195	Spectrogram 1	1	1.169637707	1.170637707	2649.554	6405.884	4875.000	4875.000
196	Spectrogram 1	1	1.170637707	1.171637707	2649.554	6405.884	4781.250	4781.250
197	Spectrogram 1	1	1.171637707	1.172637707	2649.554	6405.884	4781.250	4781.250
198	Spectrogram 1	1	1.172637707	1.173637707	2649.554	6405.884	4781.250	4781.250
199	Spectrogram 1	1	1.173637707	1.174637707	2649.554	6405.884	4781.250	4781.250
200	Spectrogram 1	1	1.174637707	1.175637707	2649.554	6405.884	4781.250	4781.250
201	Spectrogram 1	1	1.175637707	1.176637707	2649.554	6405.884	4968.750	4968.750
202	Spectrogram 1	1	1.176637707	1.177637707	2649.554	6405.884	4968.750	4968.750
203	Spectrogram 1	1	1.177637707	1.178637707	2649.554	6405.884	4968.750	4968.750
204	Spectrogram 1	1	1.178637707	1.179637707	2649.554	6405.884	4968.750	4968.750
205	Spectrogram 1	1	1.179637707	1.180637707	2649.554	6405.884	4968.750	4968.750
206	Spectrogram 1	1	1.180637707	1.181637707	2649.554	6405.884	4968.750	4968.750
207	Spectrogram 1	1	1.181637707	1.182637707	2649.554	6405.884	5250.000	5250.000
208	Spectrogram 1	1	1.182637707	1.183637707	2649.554	6405.884	5250.000	5250.000
209	Spectrogram 1	1	1.183637707	1.184637707	2649.554	6405.884	5250.000	5250.000
210	Spectrogram 1	1	1.184637707	1.185637707	2649.554	6405.884	5250.000	5250.000
211	Spectrogram 1	1	1.185637707	1.186637707	2649.554	6405.884	5250.000	5250.000
212	Spectrogram 1	1	1.186637707	1.187637707	2649.554	6405.884	5437.500	5343.750
213	Spectrogram 1	1	1.187637707	1.188637707	2649.554	6405.884	5437.500	5343.750
214	Spectrogram 1	1	1.188637707	1.189637707	2649.554	6405.884	5437.500	5343.750
215	Spectrogram 1	1	1.189637707	1.190637707	2649.554	6405.884	5437.500	5343.750
216	Spectrogram 1	1	1.190637707	1.191637707	2649.554	6405.884	5437.500	5343.750
217	Spectrogram 1	1	1.191637707	1.192637707	2649.554	6405.884	5718.750	4968.750
218	Spectrogram 1	1	1.192637707	1.193637707	2649.554	6405.884	5718.750	4968.750
219	Spectrogram 1	1	1.193637707	1.194637707	2649.554	6405.884	5718.750	4968.750
220	Spectrogram 1	1	1.194637707	1.195637707	2649.554	6405.884	5718.750	4968.750
221	Spectrogram 1	1	1.195637707	1.196637707	2649.554	6405.884	5718.750	4968.750
222	Spectrogram 1	1	1.196637707	1.197637707	2649.554	6405.884	5718.750	4968.750
223	Spectrogram 1	1	1.197637707	1.198637707	2649.554	6405.884	6093.750	6093.750
224	Spectrogram 1	1	1.198637707	1.199637707	2649.554	6405.884	6093.750	6093.750
225	Spectrogram 1	1	1.199637707	1.200637707	2649.554	6405.884	6093.750	6093.750
226	Spectrogram 1	1	1.200637707	1.201637707	2649.554	6405.884	6093.750	6093.750
227	Spectrogram 1	1	1.201637707	1.202637707	2649.554	6405.884	6093.750	6093.750
228	Spectrogram 1	1	1.202637707	1.203637707	2649.554	6405.884	5437.500	5437.500
229	Spectrogram 1	1	1.203637707	1.204637707	2649.554	6405.884	5437.500	5437.500
230	Spectrogram 1	1	1.204637707	1.205637707	2649.554	6405.884	5437.500	5437.500
231	Spectrogram 1	1	1.205637707	1.206637707	2649.554	6405.884	5437.500	5437.500
232	Spectrogram 1	1	1.206637707	1.207637707	2649.554	6405.884	5437.500	5437.500
233	Spectrogram 1	1	1.207637707	1.208637707	2649.554	6405.884	5062.500	4968.750
234	Spectrogram 1	1	1.208637707	1.209637707	2649.554	6405.884	5062.500	4968.750
235	Spectrogram 1	1	1.209637707	1.210637707	2649.554	6405.884	5062.500	4968.750
236	Spectrogram 1	1	1.210637707	1.211637707	2649.554	6405.884	5062.500	4968.750
237	Spectrogram 1	1	1.211637707	1.212637707	2649.554	6405.884	5062.500	4968.750
238	Spectrogram 1	1	1.212637707	1.213637707	2649.554	6405.884	5062.500	4968.750
239	Spectrogram 1	1	1.213637707	1.214637707	2649.554	6405.884	4687.500	4687.500
240	Spectrogram 1	1	1.214637707	1.215637707	2649.554	6405.884	4687.500	4687.500
241	Spectrogram 1	1	1.215637707	1.216637707	2649.554	6405.884	4687.500	4687.500
242	Spectrogram 1	1	1.216637707	1.217637707	2649.554	6405.884	4687.500	4687.500
243	Spectrogram 1	1	1.217637707	1.218637707	2649.554	6405.884	4687.500	4687.500
244	Spectrogram 1	1	1.218637707	1.219637707	2649.554	6405.884	4500.000	4500.000
245	Spectrogram 1	1	1.219637707	1.220637707	2649.554	6405.884	4500.000	4500.000
246	Spectrogram 1	1	1.220637707	1.221637707	2649.554	6405.884	4500.000	4500.000
247	Spectrogram 1	1	1.221637707	1.222637707	2649.554	6405.884	4500.000	4500.000
248	Spectrogram 1	1	1.222637707	1.223637707	2649.554	6405.884	4500.000	4500.000
249	Spectrogram 1	1	1.223637707	1.224637707	2649.554	6405.884	4406.250	5062.500
250	Spectrogram 1	1	1.224637707	1.225637707	2649.554	6405.884	4406.250	5062.500
251	Spectrogram 1	1	1.225637707	1.226637707	2649.554	6405.884	4406.250	5062.500
252	Spectrogram 1	1	1.226637707	1.227637707	2649.554	6405.884	4406.250	5062.500
253	Spectrogram 1	1	1.227637707	1.228637707	2649.554	6405.884	4406.250	5062.500
254	Spectrogram 1	1	1.228637707	1.229637707	2649.554	6405.884	4406.250	5062.500
255	Spectrogram 1	1	1.229637707	1.230637707	2649.554	6405.884	4781.250	4687.500
256	Spectrogram 1	1	1.230637707	1.231637707	2649.554	6405.884	4781.250	4687.500
257	Spectrogram 1	1	1.231637707	1.232637707	2649.554	6405.884	4781.250	4687.500
258	Spectrogram 1	1	1.232637707	1.233578643	2649.554	6405.884	4781.250	4687.500
