Selection	View	Channel	Begin Time (s)	End Time (s)	Low Freq (Hz)	High Freq (Hz)	Center Freq (Hz)	Peak Freq (Hz)
1	Spectrogram 1	1	81.641478586	81.642478586	2783.172	6379.700	5156.250	5156.250
2	Spectrogram 1	1	81.642478586	81.643478586	2783.172	6379.700	5156.250	5156.250
3	Spectrogram 1	1	81.643478586	81.644478586	2783.172	6379.700	5156.250	5156.250
4	Spectrogram 1	1	81.644478586	81.645478586	2783.172	6379.700	5156.250	5156.250
5	Spectrogram 1	1	81.645478586	81.646478586	2783.172	6379.700	5531.250	5625.000
6	Spectrogram 1	1	81.646478586	81.647478586	2783.172	6379.700	5531.250	5625.000
7	Spectrogram 1	1	81.647478586	81.648478586	2783.172	6379.700	5531.250	5625.000
8	Spectrogram 1	1	81.648478586	81.649478586	2783.172	6379.700	5531.250	5625.000
9	Spectrogram 1	1	81.649478586	81.650478586	2783.172	6379.700	5531.250	5625.000
10	Spectrogram 1	1	81.650478586	81.651478586	2783.172	6379.700	5812.500	5812.500
11	Spectrogram 1	1	81.651478586	81.652478586	2783.172	6379.700	5812.500	5812.500
12	Spectrogram 1	1	81.652478586	81.653478586	2783.172	6379.700	5812.500	5812.500
13	Spectrogram 1	1	81.653478586	81.654478586	2783.172	6379.700	5812.500	5812.500
14	Spectrogram 1	1	81.654478586	81.655478586	2783.172	6379.700	5812.500	5812.500
15	Spectrogram 1	1	81.655478586	81.656478586	2783.172	6379.700	5812.500	5812.500
16	Spectrogram 1	1	81.656478586	81.657478586	2783.172	6379.700	5343.750	5343.750
17	Spectrogram 1	1	81.657478586	81.658478586	2783.172	6379.700	5343.750	5343.750
18	Spectrogram 1	1	81.658478586	81.659478586	2783.172	6379.700	5343.750	5343.750
19	Spectrogram 1	1	81.659478586	81.660478586	2783.172	6379.700	5343.750	5343.750
20	Spectrogram 1	1	81.660478586	81.661478586	2783.172	6379.700	5343.750	5343.750
21	Spectrogram 1	1	81.661478586	81.662478586	2783.172	6379.700	5062.500	5062.500
22	Spectrogram 1	1	81.662478586	81.663478586	2783.172	6379.700	5062.500	5062.500
23	Spectrogram 1	1	81.663478586	81.664478586	2783.172	6379.700	5062.500	5062.500
24	Spectrogram 1	1	81.664478586	81.665478586	2783.172	6379.700	5062.500	5062.500
25	Spectrogram 1	1	81.665478586	81.666478586	2783.172	6379.700	5062.500	5062.500
26	Spectrogram 1	1	81.666478586	81.667478586	2783.172	6379.700	4593.750	4593.750
27	Spectrogram 1	1	81.667478586	81.668478586	2783.172	6379.700	4593.750	4593.750
28	Spectrogram 1	1	81.668478586	81.669478586	2783.172	6379.700	4593.750	4593.750
29	Spectrogram 1	1	81.669478586	81.670478586	2783.172	6379.700	4593.750	4593.750
30	Spectrogram 1	1	81.670478586	81.671478586	2783.172	6379.700	4593.750	4593.750
31	Spectrogram 1	1	81.671478586	81.672478586	2783.172	6379.700	4593.750	4593.750
32	Spectrogram 1	1	81.672478586	81.673478586	2783.172	6379.700	4406.250	4406.250
33	Spectrogram 1	1	81.673478586	81.674478586	2783.172	6379.700	4406.250	4406.250
34	Spectrogram 1	1	81.674478586	81.675478586	2783.172	6379.700	4406.250	4406.250
35	Spectrogram 1	1	81.675478586	81.676478586	2783.172	6379.700	4406.250	4406.250
36	Spectrogram 1	1	81.676478586	81.677478586	2783.172	6379.700	4406.250	4406.250
37	Spectrogram 1	1	81.677478586	81.678478586	2783.172	6379.700	4218.750	4218.750
38	Spectrogram 1	1	81.678478586	81.679478586	2783.172	6379.700	4218.750	4218.750
39	Spectrogram 1	1	81.679478586	81.680478586	2783.172	6379.700	4218.750	4218.750
40	Spectrogram 1	1	81.680478586	81.681478586	2783.172	6379.700	4218.750	4218.750
41	Spectrogram 1	1	81.681478586	81.682478586	2783.172	6379.700	4218.750	4218.750
42	Spectrogram 1	1	81.682478586	81.683478586	2783.172	6379.700	3843.750	3843.750
43	Spectrogram 1	1	81.683478586	81.684478586	2783.172	6379.700	3843.750	3843.750
44	Spectrogram 1	1	81.684478586	81.685478586	2783.172	6379.700	3843.750	3843.750
45	Spectrogram 1	1	81.685478586	81.686478586	2783.172	6379.700	3843.750	3843.750
46	Spectrogram 1	1	81.686478586	81.687478586	2783.172	6379.700	3843.750	3843.750
47	Spectrogram 1	1	81.687478586	81.688478586	2783.172	6379.700	3843.750	3843.750
48	Spectrogram 1	1	81.688478586	81.689478586	2783.172	6379.700	3562.500	3562.500
49	Spectrogram 1	1	81.689478586	81.690478586	2783.172	6379.700	3562.500	3562.500
50	Spectrogram 1	1	81.690478586	81.691478586	2783.172	6379.700	3562.500	3562.500
51	Spectrogram 1	1	81.691478586	81.692478586	2783.172	6379.700	3562.500	3562.500
52	Spectrogram 1	1	81.692478586	81.693478586	2783.172	6379.700	3562.500	3562.500
53	Spectrogram 1	1	81.693478586	81.694478586	2783.172	6379.700	3281.250	3281.250
54	Spectrogram 1	1	81.694478586	81.695478586	2783.172	6379.700	3281.250	3281.250
55	Spectrogram 1	1	81.695478586	81.696478586	2783.172	6379.700	3281.250	3281.250
56	Spectrogram 1	1	81.696478586	81.697478586	2783.172	6379.700	3281.250	3281.250
57	Spectrogram 1	1	81.697478586	81.698478586	2783.172	6379.700	3281.250	3281.250
58	Spectrogram 1	1	81.698478586	81.699478586	2783.172	6379.700	3187.500	3187.500
59	Spectrogram 1	1	81.699478586	81.700478586	2783.172	6379.700	3187.500	3187.500
60	Spectrogram 1	1	81.700478586	81.701478586	2783.172	6379.700	3187.500	3187.500
61	Spectrogram 1	1	81.701478586	81.702478586	2783.172	6379.700	3187.500	3187.500
62	Spectrogram 1	1	81.702478586	81.703478586	2783.172	6379.700	3187.500	3187.500
63	Spectrogram 1	1	81.703478586	81.704478586	2783.172	6379.700	3187.500	3187.500
64	Spectrogram 1	1	81.704478586	81.705478586	2783.172	6379.700	3187.500	3187.500
65	Spectrogram 1	1	81.705478586	81.706478586	2783.172	6379.700	3187.500	3187.500
66	Spectrogram 1	1	81.706478586	81.707478586	2783.172	6379.700	3187.500	3187.500
67	Spectrogram 1	1	81.707478586	81.708478586	2783.172	6379.700	3187.500	3187.500
68	Spectrogram 1	1	81.708478586	81.709478586	2783.172	6379.700	3187.500	3187.500
69	Spectrogram 1	1	81.709478586	81.710478586	2783.172	6379.700	3187.500	3187.500
70	Spectrogram 1	1	81.710478586	81.711478586	2783.172	6379.700	3187.500	3187.500
71	Spectrogram 1	1	81.711478586	81.712478586	2783.172	6379.700	3187.500	3187.500
72	Spectrogram 1	1	81.712478586	81.713478586	2783.172	6379.700	3187.500	3187.500
73	Spectrogram 1	1	81.713478586	81.714478586	2783.172	6379.700	3187.500	3187.500
74	Spectrogram 1	1	81.714478586	81.715478586	2783.172	6379.700	3281.250	3281.250
75	Spectrogram 1	1	81.715478586	81.716478586	2783.172	6379.700	3281.250	3281.250
76	Spectrogram 1	1	81.716478586	81.717478586	2783.172	6379.700	3281.250	3281.250
77	Spectrogram 1	1	81.717478586	81.718478586	2783.172	6379.700	3281.250	3281.250
78	Spectrogram 1	1	81.718478586	81.719478586	2783.172	6379.700	3281.250	3281.250
79	Spectrogram 1	1	81.719478586	81.720478586	2783.172	6379.700	3281.250	3281.250
80	Spectrogram 1	1	81.720478586	81.721478586	2783.172	6379.700	3281.250	3281.250
81	Spectrogram 1	1	81.721478586	81.722478586	2783.172	6379.700	3281.250	3281.250
82	Spectrogram 1	1	81.722478586	81.723478586	2783.172	6379.700	3281.250	3281.250
83	Spectrogram 1	1	81.723478586	81.724478586	2783.172	6379.700	3281.250	3281.250
84	Spectrogram 1	1	81.724478586	81.725478586	2783.172	6379.700	3281.250	3281.250
85	Spectrogram 1	1	81.725478586	81.726478586	2783.172	6379.700	3281.250	3281.250
86	Spectrogram 1	1	81.726478586	81.727478586	2783.172	6379.700	3281.250	3281.250
87	Spectrogram 1	1	81.727478586	81.728478586	2783.172	6379.700	3281.250	3281.250
88	Spectrogram 1	1	81.728478586	81.729478586	2783.172	6379.700	3281.250	3281.250
89	Spectrogram 1	1	81.729478586	81.730478586	2783.172	6379.700	3281.250	3281.250
90	Spectrogram 1	1	81.730478586	81.731478586	2783.172	6379.700	3281.250	3281.250
91	Spectrogram 1	1	81.731478586	81.732478586	2783.172	6379.700	3281.250	3281.250
92	Spectrogram 1	1	81.732478586	81.733478586	2783.172	6379.700	3281.250	3281.250
93	Spectrogram 1	1	81.733478586	81.734478586	2783.172	6379.700	3281.250	3281.250
94	Spectrogram 1	1	81.734478586	81.735478586	2783.172	6379.700	3281.250	3281.250
95	Spectrogram 1	1	81.735478586	81.736478586	2783.172	6379.700	3281.250	3281.250
96	Spectrogram 1	1	81.736478586	81.737478586	2783.172	6379.700	3281.250	3281.250
97	Spectrogram 1	1	81.737478586	81.738478586	2783.172	6379.700	3281.250	3281.250
98	Spectrogram 1	1	81.738478586	81.739478586	2783.172	6379.700	3281.250	3281.250
99	Spectrogram 1	1	81.739478586	81.740478586	2783.172	6379.700	3281.250	3281.250
100	Spectrogram 1	1	81.740478586	81.741478586	2783.172	6379.700	3281.250	3281.250
101	Spectrogram 1	1	81.741478586	81.742478586	2783.172	6379.700	3187.500	3093.750
102	Spectrogram 1	1	81.742478586	81.743478586	2783.172	6379.700	3187.500	3093.750
103	Spectrogram 1	1	81.743478586	81.744478586	2783.172	6379.700	3187.500	3093.750
104	Spectrogram 1	1	81.744478586	81.745478586	2783.172	6379.700	3187.500	3093.750
105	Spectrogram 1	1	81.745478586	81.746478586	2783.172	6379.700	3187.500	3093.750
106	Spectrogram 1	1	81.746478586	81.747478586	2783.172	6379.700	3093.750	3000.000
107	Spectrogram 1	1	81.747478586	81.748478586	2783.172	6379.700	3093.750	3000.000
108	Spectrogram 1	1	81.748478586	81.749478586	2783.172	6379.700	3093.750	3000.000
109	Spectrogram 1	1	81.749478586	81.750478586	2783.172	6379.700	3093.750	3000.000
110	Spectrogram 1	1	81.750478586	81.751478586	2783.172	6379.700	3093.750	3000.000
111	Spectrogram 1	1	81.751478586	81.752478586	2783.172	6379.700	3093.750	3000.000
112	Spectrogram 1	1	81.752478586	81.753478586	2783.172	6379.700	3000.000	3000.000
113	Spectrogram 1	1	81.753478586	81.754478586	2783.172	6379.700	3000.000	3000.000
114	Spectrogram 1	1	81.754478586	81.755478586	2783.172	6379.700	3000.000	3000.000
115	Spectrogram 1	1	81.755478586	81.756478586	2783.172	6379.700	3000.000	3000.000
116	Spectrogram 1	1	81.756478586	81.757478586	2783.172	6379.700	3000.000	3000.000
117	Spectrogram 1	1	81.757478586	81.758478586	2783.172	6379.700	2906.250	2906.250
118	Spectrogram 1	1	81.758478586	81.759478586	2783.172	6379.700	2906.250	2906.250
119	Spectrogram 1	1	81.759478586	81.760478586	2783.172	6379.700	2906.250	2906.250
120	Spectrogram 1	1	81.760478586	81.761478586	2783.172	6379.700	2906.250	2906.250
121	Spectrogram 1	1	81.761478586	81.762478586	2783.172	6379.700	2906.250	2906.250
122	Spectrogram 1	1	81.762478586	81.763478586	2783.172	6379.700	4500.000	2906.250
123	Spectrogram 1	1	81.763478586	81.764478586	2783.172	6379.700	4500.000	2906.250
124	Spectrogram 1	1	81.764478586	81.765478586	2783.172	6379.700	4500.000	2906.250
125	Spectrogram 1	1	81.765478586	81.766478586	2783.172	6379.700	4500.000	2906.250
126	Spectrogram 1	1	81.766478586	81.767478586	2783.172	6379.700	4500.000	2906.250
127	Spectrogram 1	1	81.767478586	81.768478586	2783.172	6379.700	4500.000	2906.250
128	Spectrogram 1	1	81.768478586	81.769478586	2783.172	6379.700	4593.750	2812.500
129	Spectrogram 1	1	81.769478586	81.770478586	2783.172	6379.700	4593.750	2812.500
130	Spectrogram 1	1	81.770478586	81.771478586	2783.172	6379.700	4593.750	2812.500
131	Spectrogram 1	1	81.771478586	81.772478586	2783.172	6379.700	4593.750	2812.500
132	Spectrogram 1	1	81.772478586	81.773478586	2783.172	6379.700	4593.750	2812.500
133	Spectrogram 1	1	81.773478586	81.774478586	2783.172	6379.700	4406.250	4500.000
134	Spectrogram 1	1	81.774478586	81.775478586	2783.172	6379.700	4406.250	4500.000
135	Spectrogram 1	1	81.775478586	81.776478586	2783.172	6379.700	4406.250	4500.000
136	Spectrogram 1	1	81.776478586	81.777478586	2783.172	6379.700	4406.250	4500.000
137	Spectrogram 1	1	81.777478586	81.778478586	2783.172	6379.700	4406.250	4500.000
138	Spectrogram 1	1	81.778478586	81.779478586	2783.172	6379.700	3281.250	3281.250
139	Spectrogram 1	1	81.779478586	81.780478586	2783.172	6379.700	3281.250	3281.250
140	Spectrogram 1	1	81.780478586	81.781478586	2783.172	6379.700	3281.250	3281.250
141	Spectrogram 1	1	81.781478586	81.782478586	2783.172	6379.700	3281.250	3281.250
142	Spectrogram 1	1	81.782478586	81.783478586	2783.172	6379.700	3281.250	3281.250
143	Spectrogram 1	1	81.783478586	81.784478586	2783.172	6379.700	3281.250	3281.250
144	Spectrogram 1	1	81.784478586	81.785478586	2783.172	6379.700	4218.750	4406.250
145	Spectrogram 1	1	81.785478586	81.786478586	2783.172	6379.700	4218.750	4406.250
146	Spectrogram 1	1	81.786478586	81.787478586	2783.172	6379.700	4218.750	4406.250
147	Spectrogram 1	1	81.787478586	81.788478586	2783.172	6379.700	4218.750	4406.250
148	Spectrogram 1	1	81.788478586	81.789478586	2783.172	6379.700	4218.750	4406.250
149	Spectrogram 1	1	81.789478586	81.790478586	2783.172	6379.700	5062.500	5062.500
150	Spectrogram 1	1	81.790478586	81.791478586	2783.172	6379.700	5062.500	5062.500
151	Spectrogram 1	1	81.791478586	81.792478586	2783.172	6379.700	5062.500	5062.500
152	Spectrogram 1	1	81.792478586	81.793478586	2783.172	6379.700	5062.500	5062.500
153	Spectrogram 1	1	81.793478586	81.794478586	2783.172	6379.700	5062.500	5062.500
154	Spectrogram 1	1	81.794478586	81.795478586	2783.172	6379.700	5156.250	5156.250
155	Spectrogram 1	1	81.795478586	81.796478586	2783.172	6379.700	5156.250	5156.250
156	Spectrogram 1	1	81.796478586	81.797478586	2783.172	6379.700	5156.250	5156.250
157	Spectrogram 1	1	81.797478586	81.798478586	2783.172	6379.700	5156.250	5156.250
158	Spectrogram 1	1	81.798478586	81.799478586	2783.172	6379.700	5156.250	5156.250
159	Spectrogram 1	1	81.799478586	81.800478586	2783.172	6379.700	5156.250	5156.250
160	Spectrogram 1	1	81.800478586	81.801478586	2783.172	6379.700	5062.500	5062.500
161	Spectrogram 1	1	81.801478586	81.802478586	2783.172	6379.700	5062.500	5062.500
162	Spectrogram 1	1	81.802478586	81.803478586	2783.172	6379.700	5062.500	5062.500
163	Spectrogram 1	1	81.803478586	81.804478586	2783.172	6379.700	5062.500	5062.500
164	Spectrogram 1	1	81.804478586	81.805478586	2783.172	6379.700	5062.500	5062.500
165	Spectrogram 1	1	81.805478586	81.806478586	2783.172	6379.700	4968.750	4968.750
166	Spectrogram 1	1	81.806478586	81.807478586	2783.172	6379.700	4968.750	4968.750
167	Spectrogram 1	1	81.807478586	81.808478586	2783.172	6379.700	4968.750	4968.750
168	Spectrogram 1	1	81.808478586	81.809478586	2783.172	6379.700	4968.750	4968.750
169	Spectrogram 1	1	81.809478586	81.810478586	2783.172	6379.700	4968.750	4968.750
170	Spectrogram 1	1	81.810478586	81.811478586	2783.172	6379.700	4875.000	4875.000
171	Spectrogram 1	1	81.811478586	81.812478586	2783.172	6379.700	4875.000	4875.000
172	Spectrogram 1	1	81.812478586	81.813478586	2783.172	6379.700	4875.000	4875.000
173	Spectrogram 1	1	81.813478586	81.814478586	2783.172	6379.700	4875.000	4875.000
174	Spectrogram 1	1	81.814478586	81.815478586	2783.172	6379.700	4875.000	4875.000
175	Spectrogram 1	1	81.815478586	81.816478586	2783.172	6379.700	4875.000	4875.000
176	Spectrogram 1	1	81.816478586	81.817478586	2783.172	6379.700	4875.000	4875.000
177	Spectrogram 1	1	81.817478586	81.818478586	2783.172	6379.700	4875.000	4875.000
178	Spectrogram 1	1	81.818478586	81.819478586	2783.172	6379.700	4875.000	4875.000
179	Spectrogram 1	1	81.819478586	81.820478586	2783.172	6379.700	4875.000	4875.000
180	Spectrogram 1	1	81.820478586	81.821478586	2783.172	6379.700	4875.000	4875.000
181	Spectrogram 1	1	81.821478586	81.822478586	2783.172	6379.700	4968.750	4968.750
182	Spectrogram 1	1	81.822478586	81.823478586	2783.172	6379.700	4968.750	4968.750
183	Spectrogram 1	1	81.823478586	81.824478586	2783.172	6379.700	4968.750	4968.750
184	Spectrogram 1	1	81.824478586	81.825478586	2783.172	6379.700	4968.750	4968.750
185	Spectrogram 1	1	81.825478586	81.826478586	2783.172	6379.700	4968.750	4968.750
186	Spectrogram 1	1	81.826478586	81.827478586	2783.172	6379.700	5062.500	5062.500
187	Spectrogram 1	1	81.827478586	81.828478586	2783.172	6379.700	5062.500	5062.500
188	Spectrogram 1	1	81.828478586	81.829478586	2783.172	6379.700	5062.500	5062.500
189	Spectrogram 1	1	81.829478586	81.830478586	2783.172	6379.700	5062.500	5062.500
190	Spectrogram 1	1	81.830478586	81.831478586	2783.172	6379.700	5062.500	5062.500
191	Spectrogram 1	1	81.831478586	81.832478586	2783.172	6379.700	5062.500	5062.500
192	Spectrogram 1	1	81.832478586	81.833478586	2783.172	6379.700	5156.250	5156.250
193	Spectrogram 1	1	81.833478586	81.834478586	2783.172	6379.700	5156.250	5156.250
194	Spectrogram 1	1	81.834478586	81.835478586	2783.172	6379.700	5156.250	5156.250
195	Spectrogram 1	1	81.835478586	81.836478586	2783.172	6379.700	5156.250	5156.250
196	Spectrogram 1	1	81.836478586	81.837478586	2783.172	6379.700	5156.250	5156.250
197	Spectrogram 1	1	81.837478586	81.838478586	2783.172	6379.700	5250.000	5250.000
198	Spectrogram 1	1	81.838478586	81.839478586	2783.172	6379.700	5250.000	5250.000
199	Spectrogram 1	1	81.839478586	81.840478586	2783.172	6379.700	5250.000	5250.000
200	Spectrogram 1	1	81.840478586	81.841478586	2783.172	6379.700	5250.000	5250.000
201	Spectrogram 1	1	81.841478586	81.842478586	2783.172	6379.700	5250.000	5250.000
202	Spectrogram 1	1	81.842478586	81.843478586	2783.172	6379.700	5437.500	5437.500
203	Spectrogram 1	1	81.843478586	81.844478586	2783.172	6379.700	5437.500	5437.500
204	Spectrogram 1	1	81.844478586	81.845478586	2783.172	6379.700	5437.500	5437.500
205	Spectrogram 1	1	81.845478586	81.846478586	2783.172	6379.700	5437.500	5437.500
206	Spectrogram 1	1	81.846478586	81.847478586	2783.172	6379.700	5437.500	5437.500
207	Spectrogram 1	1	81.847478586	81.848478586	2783.172	6379.700	5437.500	5437.500
208	Spectrogram 1	1	81.848478586	81.849478586	2783.172	6379.700	5625.000	5625.000
209	Spectrogram 1	1	81.849478586	81.850478586	2783.172	6379.700	5625.000	5625.000
210	Spectrogram 1	1	81.850478586	81.851478586	2783.172	6379.700	5625.000	5625.000
211	Spectrogram 1	1	81.851478586	81.852478586	2783.172	6379.700	5625.000	5625.000
212	Spectrogram 1	1	81.852478586	81.853478586	2783.172	6379.700	5625.000	5625.000
213	Spectrogram 1	1	81.853478586	81.854478586	2783.172	6379.700	5906.250	5906.250
214	Spectrogram 1	1	81.854478586	81.855478586	2783.172	6379.700	5906.250	5906.250
215	Spectrogram 1	1	81.855478586	81.856478586	2783.172	6379.700	5906.250	5906.250
216	Spectrogram 1	1	81.856478586	81.857478586	2783.172	6379.700	5906.250	5906.250
217	Spectrogram 1	1	81.857478586	81.858478586	2783.172	6379.700	5906.250	5906.250
218	Spectrogram 1	1	81.858478586	81.859478586	2783.172	6379.700	6187.500	6187.500
219	Spectrogram 1	1	81.859478586	81.860478586	2783.172	6379.700	6187.500	6187.500
220	Spectrogram 1	1	81.860478586	81.861478586	2783.172	6379.700	6187.500	6187.500
221	Spectrogram 1	1	81.861478586	81.862478586	2783.172	6379.700	6187.500	6187.500
222	Spectrogram 1	1	81.862478586	81.863478586	2783.172	6379.700	6187.500	6187.500
223	Spectrogram 1	1	81.863478586	81.864478586	2783.172	6379.700	6187.500	6187.500
224	Spectrogram 1	1	81.864478586	81.865478586	2783.172	6379.700	5625.000	5531.250
225	Spectrogram 1	1	81.865478586	81.866478586	2783.172	6379.700	5625.000	5531.250
226	Spectrogram 1	1	81.866478586	81.867478586	2783.172	6379.700	5625.000	5531.250
227	Spectrogram 1	1	81.867478586	81.868478586	2783.172	6379.700	5625.000	5531.250
228	Spectrogram 1	1	81.868478586	81.869478586	2783.172	6379.700	5625.000	5531.250
229	Spectrogram 1	1	81.869478586	81.870478586	2783.172	6379.700	5062.500	5062.500
230	Spectrogram 1	1	81.870478586	81.871478586	2783.172	6379.700	5062.500	5062.500
231	Spectrogram 1	1	81.871478586	81.872478586	2783.172	6379.700	5062.500	5062.500
232	Spectrogram 1	1	81.872478586	81.873478586	2783.172	6379.700	5062.500	5062.500
233	Spectrogram 1	1	81.873478586	81.874478586	2783.172	6379.700	5062.500	5062.500
234	Spectrogram 1	1	81.874478586	81.875478586	2783.172	6379.700	4593.750	4593.750
235	Spectrogram 1	1	81.875478586	81.876478586	2783.172	6379.700	4593.750	4593.750
236	Spectrogram 1	1	81.876478586	81.877478586	2783.172	6379.700	4593.750	4593.750
237	Spectrogram 1	1	81.877478586	81.878478586	2783.172	6379.700	4593.750	4593.750
238	Spectrogram 1	1	81.878478586	81.879478586	2783.172	6379.700	4593.750	4593.750
239	Spectrogram 1	1	81.879478586	81.880478586	2783.172	6379.700	4593.750	4593.750
240	Spectrogram 1	1	81.880478586	81.881478586	2783.172	6379.700	4406.250	4312.500
241	Spectrogram 1	1	81.881478586	81.882478586	2783.172	6379.700	4406.250	4312.500
242	Spectrogram 1	1	81.882478586	81.883400000	2783.172	6379.700	4406.250	4312.500
