Selection	View	Channel	Begin Time (s)	End Time (s)	Low Freq (Hz)	High Freq (Hz)	Center Freq (Hz)	Peak Freq (Hz)
1	Spectrogram 1	1	8.991958412	8.992958412	3222.259	5984.356	4312.500	4312.500
2	Spectrogram 1	1	8.992958412	8.993958412	3222.259	5984.356	4312.500	4312.500
3	Spectrogram 1	1	8.993958412	8.994958412	3222.259	5984.356	4312.500	4312.500
4	Spectrogram 1	1	8.994958412	8.995958412	3222.259	5984.356	4968.750	4968.750
5	Spectrogram 1	1	8.995958412	8.996958412	3222.259	5984.356	4968.750	4968.750
6	Spectrogram 1	1	8.996958412	8.997958412	3222.259	5984.356	4968.750	4968.750
7	Spectrogram 1	1	8.997958412	8.998958412	3222.259	5984.356	4968.750	4968.750
8	Spectrogram 1	1	8.998958412	8.999958412	3222.259	5984.356	4968.750	4968.750
9	Spectrogram 1	1	8.999958412	9.000958412	3222.259	5984.356	5156.250	5156.250
10	Spectrogram 1	1	9.000958412	9.001958412	3222.259	5984.356	5156.250	5156.250
11	Spectrogram 1	1	9.001958412	9.002958412	3222.259	5984.356	5156.250	5156.250
12	Spectrogram 1	1	9.002958412	9.003958412	3222.259	5984.356	5156.250	5156.250
13	Spectrogram 1	1	9.003958412	9.004958412	3222.259	5984.356	5156.250	5156.250
14	Spectrogram 1	1	9.004958412	9.005958412	3222.259	5984.356	5156.250	5156.250
15	Spectrogram 1	1	9.005958412	9.006958412	3222.259	5984.356	5156.250	5156.250
16	Spectrogram 1	1	9.006958412	9.007958412	3222.259	5984.356	5156.250	5156.250
17	Spectrogram 1	1	9.007958412	9.008958412	3222.259	5984.356	5156.250	5156.250
18	Spectrogram 1	1	9.008958412	9.009958412	3222.259	5984.356	5156.250	5156.250
19	Spectrogram 1	1	9.009958412	9.010958412	3222.259	5984.356	5156.250	5156.250
20	Spectrogram 1	1	9.010958412	9.011958412	3222.259	5984.356	4875.000	4875.000
21	Spectrogram 1	1	9.011958412	9.012958412	3222.259	5984.356	4875.000	4875.000
22	Spectrogram 1	1	9.012958412	9.013958412	3222.259	5984.356	4875.000	4875.000
23	Spectrogram 1	1	9.013958412	9.014958412	3222.259	5984.356	4875.000	4875.000
24	Spectrogram 1	1	9.014958412	9.015958412	3222.259	5984.356	4875.000	4875.000
25	Spectrogram 1	1	9.015958412	9.016958412	3222.259	5984.356	4500.000	4500.000
26	Spectrogram 1	1	9.016958412	9.017958412	3222.259	5984.356	4500.000	4500.000
27	Spectrogram 1	1	9.017958412	9.018958412	3222.259	5984.356	4500.000	4500.000
28	Spectrogram 1	1	9.018958412	9.019958412	3222.259	5984.356	4500.000	4500.000
29	Spectrogram 1	1	9.019958412	9.020958412	3222.259	5984.356	4500.000	4500.000
30	Spectrogram 1	1	9.020958412	9.021958412	3222.259	5984.356	4312.500	4312.500
31	Spectrogram 1	1	9.021958412	9.022958412	3222.259	5984.356	4312.500	4312.500
32	Spectrogram 1	1	9.022958412	9.023958412	3222.259	5984.356	4312.500	4312.500
33	Spectrogram 1	1	9.023958412	9.024958412	3222.259	5984.356	4312.500	4312.500
34	Spectrogram 1	1	9.024958412	9.025958412	3222.259	5984.356	4312.500	4312.500
35	Spectrogram 1	1	9.025958412	9.026958412	3222.259	5984.356	4312.500	4312.500
36	Spectrogram 1	1	9.026958412	9.027958412	3222.259	5984.356	4218.750	4218.750
37	Spectrogram 1	1	9.027958412	9.028958412	3222.259	5984.356	4218.750	4218.750
38	Spectrogram 1	1	9.028958412	9.029958412	3222.259	5984.356	4218.750	4218.750
39	Spectrogram 1	1	9.029958412	9.030958412	3222.259	5984.356	4218.750	4218.750
40	Spectrogram 1	1	9.030958412	9.031958412	3222.259	5984.356	4218.750	4218.750
41	Spectrogram 1	1	9.031958412	9.032958412	3222.259	5984.356	4125.000	4031.250
42	Spectrogram 1	1	9.032958412	9.033958412	3222.259	5984.356	4125.000	4031.250
43	Spectrogram 1	1	9.033958412	9.034958412	3222.259	5984.356	4125.000	4031.250
44	Spectrogram 1	1	9.034958412	9.035958412	3222.259	5984.356	4125.000	4031.250
45	Spectrogram 1	1	9.035958412	9.036958412	3222.259	5984.356	4125.000	4031.250
46	Spectrogram 1	1	9.036958412	9.037958412	3222.259	5984.356	3937.500	3937.500
47	Spectrogram 1	1	9.037958412	9.038958412	3222.259	5984.356	3937.500	3937.500
48	Spectrogram 1	1	9.038958412	9.039958412	3222.259	5984.356	3937.500	3937.500
49	Spectrogram 1	1	9.039958412	9.040958412	3222.259	5984.356	3937.500	3937.500
50	Spectrogram 1	1	9.040958412	9.041958412	3222.259	5984.356	3937.500	3937.500
51	Spectrogram 1	1	9.041958412	9.042958412	3222.259	5984.356	3937.500	3937.500
52	Spectrogram 1	1	9.042958412	9.043958412	3222.259	5984.356	3937.500	3843.750
53	Spectrogram 1	1	9.043958412	9.044958412	3222.259	5984.356	3937.500	3843.750
54	Spectrogram 1	1	9.044958412	9.045958412	3222.259	5984.356	3937.500	3843.750
55	Spectrogram 1	1	9.045958412	9.046958412	3222.259	5984.356	3937.500	3843.750
56	Spectrogram 1	1	9.046958412	9.047958412	3222.259	5984.356	3937.500	3843.750
57	Spectrogram 1	1	9.047958412	9.048958412	3222.259	5984.356	3750.000	3750.000
58	Spectrogram 1	1	9.048958412	9.049958412	3222.259	5984.356	3750.000	3750.000
59	Spectrogram 1	1	9.049958412	9.050958412	3222.259	5984.356	3750.000	3750.000
60	Spectrogram 1	1	9.050958412	9.051958412	3222.259	5984.356	3750.000	3750.000
61	Spectrogram 1	1	9.051958412	9.052958412	3222.259	5984.356	3750.000	3750.000
62	Spectrogram 1	1	9.052958412	9.053958412	3222.259	5984.356	3843.750	3843.750
63	Spectrogram 1	1	9.053958412	9.054958412	3222.259	5984.356	3843.750	3843.750
64	Spectrogram 1	1	9.054958412	9.055958412	3222.259	5984.356	3843.750	3843.750
65	Spectrogram 1	1	9.055958412	9.056958412	3222.259	5984.356	3843.750	3843.750
66	Spectrogram 1	1	9.056958412	9.057958412	3222.259	5984.356	3843.750	3843.750
67	Spectrogram 1	1	9.057958412	9.058958412	3222.259	5984.356	3843.750	3843.750
68	Spectrogram 1	1	9.058958412	9.059958412	3222.259	5984.356	3843.750	3843.750
69	Spectrogram 1	1	9.059958412	9.060958412	3222.259	5984.356	3843.750	3843.750
70	Spectrogram 1	1	9.060958412	9.061958412	3222.259	5984.356	3843.750	3843.750
71	Spectrogram 1	1	9.061958412	9.062958412	3222.259	5984.356	3843.750	3843.750
72	Spectrogram 1	1	9.062958412	9.063958412	3222.259	5984.356	3843.750	3843.750
73	Spectrogram 1	1	9.063958412	9.064958412	3222.259	5984.356	3750.000	3750.000
74	Spectrogram 1	1	9.064958412	9.065958412	3222.259	5984.356	3750.000	3750.000
75	Spectrogram 1	1	9.065958412	9.066958412	3222.259	5984.356	3750.000	3750.000
76	Spectrogram 1	1	9.066958412	9.067958412	3222.259	5984.356	3750.000	3750.000
77	Spectrogram 1	1	9.067958412	9.068958412	3222.259	5984.356	3750.000	3750.000
78	Spectrogram 1	1	9.068958412	9.069958412	3222.259	5984.356	3843.750	3750.000
79	Spectrogram 1	1	9.069958412	9.070958412	3222.259	5984.356	3843.750	3750.000
80	Spectrogram 1	1	9.070958412	9.071958412	3222.259	5984.356	3843.750	3750.000
81	Spectrogram 1	1	9.071958412	9.072958412	3222.259	5984.356	3843.750	3750.000
82	Spectrogram 1	1	9.072958412	9.073958412	3222.259	5984.356	3843.750	3750.000
83	Spectrogram 1	1	9.073958412	9.074958412	3222.259	5984.356	3843.750	3750.000
84	Spectrogram 1	1	9.074958412	9.075958412	3222.259	5984.356	4031.250	4031.250
85	Spectrogram 1	1	9.075958412	9.076958412	3222.259	5984.356	4031.250	4031.250
86	Spectrogram 1	1	9.076958412	9.077958412	3222.259	5984.356	4031.250	4031.250
87	Spectrogram 1	1	9.077958412	9.078958412	3222.259	5984.356	4031.250	4031.250
88	Spectrogram 1	1	9.078958412	9.079958412	3222.259	5984.356	4031.250	4031.250
89	Spectrogram 1	1	9.079958412	9.080958412	3222.259	5984.356	4125.000	4125.000
90	Spectrogram 1	1	9.080958412	9.081958412	3222.259	5984.356	4125.000	4125.000
91	Spectrogram 1	1	9.081958412	9.082958412	3222.259	5984.356	4125.000	4125.000
92	Spectrogram 1	1	9.082958412	9.083958412	3222.259	5984.356	4125.000	4125.000
93	Spectrogram 1	1	9.083958412	9.084958412	3222.259	5984.356	4125.000	4125.000
94	Spectrogram 1	1	9.084958412	9.085958412	3222.259	5984.356	3937.500	3937.500
95	Spectrogram 1	1	9.085958412	9.086958412	3222.259	5984.356	3937.500	3937.500
96	Spectrogram 1	1	9.086958412	9.087958412	3222.259	5984.356	3937.500	3937.500
97	Spectrogram 1	1	9.087958412	9.088958412	3222.259	5984.356	3937.500	3937.500
98	Spectrogram 1	1	9.088958412	9.089958412	3222.259	5984.356	3937.500	3937.500
99	Spectrogram 1	1	9.089958412	9.090958412	3222.259	5984.356	3937.500	3937.500
100	Spectrogram 1	1	9.090958412	9.091958412	3222.259	5984.356	3937.500	3937.500
101	Spectrogram 1	1	9.091958412	9.092958412	3222.259	5984.356	3937.500	3937.500
102	Spectrogram 1	1	9.092958412	9.093958412	3222.259	5984.356	3937.500	3937.500
103	Spectrogram 1	1	9.093958412	9.094958412	3222.259	5984.356	3937.500	3937.500
104	Spectrogram 1	1	9.094958412	9.095958412	3222.259	5984.356	3937.500	3937.500
105	Spectrogram 1	1	9.095958412	9.096958412	3222.259	5984.356	3562.500	3562.500
106	Spectrogram 1	1	9.096958412	9.097958412	3222.259	5984.356	3562.500	3562.500
107	Spectrogram 1	1	9.097958412	9.098958412	3222.259	5984.356	3562.500	3562.500
108	Spectrogram 1	1	9.098958412	9.099958412	3222.259	5984.356	3562.500	3562.500
109	Spectrogram 1	1	9.099958412	9.100958412	3222.259	5984.356	3562.500	3562.500
110	Spectrogram 1	1	9.100958412	9.101958412	3222.259	5984.356	3562.500	3562.500
111	Spectrogram 1	1	9.101958412	9.102958412	3222.259	5984.356	3562.500	3562.500
112	Spectrogram 1	1	9.102958412	9.103958412	3222.259	5984.356	3562.500	3562.500
113	Spectrogram 1	1	9.103958412	9.104958412	3222.259	5984.356	3562.500	3562.500
114	Spectrogram 1	1	9.104958412	9.105958412	3222.259	5984.356	3562.500	3562.500
115	Spectrogram 1	1	9.105958412	9.106958412	3222.259	5984.356	3562.500	3562.500
116	Spectrogram 1	1	9.106958412	9.107958412	3222.259	5984.356	3468.750	3468.750
117	Spectrogram 1	1	9.107958412	9.108958412	3222.259	5984.356	3468.750	3468.750
118	Spectrogram 1	1	9.108958412	9.109958412	3222.259	5984.356	3468.750	3468.750
119	Spectrogram 1	1	9.109958412	9.110958412	3222.259	5984.356	3468.750	3468.750
120	Spectrogram 1	1	9.110958412	9.111958412	3222.259	5984.356	3468.750	3468.750
121	Spectrogram 1	1	9.111958412	9.112958412	3222.259	5984.356	3468.750	3468.750
122	Spectrogram 1	1	9.112958412	9.113958412	3222.259	5984.356	3468.750	3468.750
123	Spectrogram 1	1	9.113958412	9.114958412	3222.259	5984.356	3468.750	3468.750
124	Spectrogram 1	1	9.114958412	9.115958412	3222.259	5984.356	3468.750	3468.750
125	Spectrogram 1	1	9.115958412	9.116958412	3222.259	5984.356	3468.750	3468.750
126	Spectrogram 1	1	9.116958412	9.117958412	3222.259	5984.356	3375.000	3375.000
127	Spectrogram 1	1	9.117958412	9.118958412	3222.259	5984.356	3375.000	3375.000
128	Spectrogram 1	1	9.118958412	9.119958412	3222.259	5984.356	3375.000	3375.000
129	Spectrogram 1	1	9.119958412	9.120958412	3222.259	5984.356	3375.000	3375.000
130	Spectrogram 1	1	9.120958412	9.121958412	3222.259	5984.356	3375.000	3375.000
131	Spectrogram 1	1	9.121958412	9.122958412	3222.259	5984.356	3375.000	3375.000
132	Spectrogram 1	1	9.122958412	9.123958412	3222.259	5984.356	3375.000	3281.250
133	Spectrogram 1	1	9.123958412	9.124958412	3222.259	5984.356	3375.000	3281.250
134	Spectrogram 1	1	9.124958412	9.125958412	3222.259	5984.356	3375.000	3281.250
135	Spectrogram 1	1	9.125958412	9.126958412	3222.259	5984.356	3375.000	3281.250
136	Spectrogram 1	1	9.126958412	9.127958412	3222.259	5984.356	3375.000	3281.250
137	Spectrogram 1	1	9.127958412	9.128958412	3222.259	5984.356	3375.000	3375.000
138	Spectrogram 1	1	9.128958412	9.129958412	3222.259	5984.356	3375.000	3375.000
139	Spectrogram 1	1	9.129958412	9.130958412	3222.259	5984.356	3375.000	3375.000
140	Spectrogram 1	1	9.130958412	9.131958412	3222.259	5984.356	3375.000	3375.000
141	Spectrogram 1	1	9.131958412	9.132958412	3222.259	5984.356	3375.000	3375.000
142	Spectrogram 1	1	9.132958412	9.133958412	3222.259	5984.356	3468.750	3375.000
143	Spectrogram 1	1	9.133958412	9.134958412	3222.259	5984.356	3468.750	3375.000
144	Spectrogram 1	1	9.134958412	9.135958412	3222.259	5984.356	3468.750	3375.000
145	Spectrogram 1	1	9.135958412	9.136958412	3222.259	5984.356	3468.750	3375.000
146	Spectrogram 1	1	9.136958412	9.137958412	3222.259	5984.356	3468.750	3375.000
147	Spectrogram 1	1	9.137958412	9.138958412	3222.259	5984.356	3468.750	3375.000
148	Spectrogram 1	1	9.138958412	9.139958412	3222.259	5984.356	3468.750	3468.750
149	Spectrogram 1	1	9.139958412	9.140958412	3222.259	5984.356	3468.750	3468.750
150	Spectrogram 1	1	9.140958412	9.141958412	3222.259	5984.356	3468.750	3468.750
151	Spectrogram 1	1	9.141958412	9.142958412	3222.259	5984.356	3468.750	3468.750
152	Spectrogram 1	1	9.142958412	9.143958412	3222.259	5984.356	3468.750	3468.750
153	Spectrogram 1	1	9.143958412	9.144958412	3222.259	5984.356	3468.750	3468.750
154	Spectrogram 1	1	9.144958412	9.145958412	3222.259	5984.356	3468.750	3468.750
155	Spectrogram 1	1	9.145958412	9.146958412	3222.259	5984.356	3468.750	3468.750
156	Spectrogram 1	1	9.146958412	9.147958412	3222.259	5984.356	3468.750	3468.750
157	Spectrogram 1	1	9.147958412	9.148958412	3222.259	5984.356	3468.750	3468.750
158	Spectrogram 1	1	9.148958412	9.149958412	3222.259	5984.356	3750.000	3468.750
159	Spectrogram 1	1	9.149958412	9.150958412	3222.259	5984.356	3750.000	3468.750
160	Spectrogram 1	1	9.150958412	9.151958412	3222.259	5984.356	3750.000	3468.750
161	Spectrogram 1	1	9.151958412	9.152958412	3222.259	5984.356	3750.000	3468.750
162	Spectrogram 1	1	9.152958412	9.153958412	3222.259	5984.356	3750.000	3468.750
163	Spectrogram 1	1	9.153958412	9.154958412	3222.259	5984.356	3750.000	3468.750
164	Spectrogram 1	1	9.154958412	9.155958412	3222.259	5984.356	4312.500	4312.500
165	Spectrogram 1	1	9.155958412	9.156958412	3222.259	5984.356	4312.500	4312.500
166	Spectrogram 1	1	9.156958412	9.157958412	3222.259	5984.356	4312.500	4312.500
167	Spectrogram 1	1	9.157958412	9.158958412	3222.259	5984.356	4312.500	4312.500
168	Spectrogram 1	1	9.158958412	9.159958412	3222.259	5984.356	4312.500	4312.500
169	Spectrogram 1	1	9.159958412	9.160958412	3222.259	5984.356	4593.750	4593.750
170	Spectrogram 1	1	9.160958412	9.161958412	3222.259	5984.356	4593.750	4593.750
171	Spectrogram 1	1	9.161958412	9.162958412	3222.259	5984.356	4593.750	4593.750
172	Spectrogram 1	1	9.162958412	9.163958412	3222.259	5984.356	4593.750	4593.750
173	Spectrogram 1	1	9.163958412	9.164958412	3222.259	5984.356	4593.750	4593.750
174	Spectrogram 1	1	9.164958412	9.165958412	3222.259	5984.356	4781.250	4781.250
175	Spectrogram 1	1	9.165958412	9.166958412	3222.259	5984.356	4781.250	4781.250
176	Spectrogram 1	1	9.166958412	9.167958412	3222.259	5984.356	4781.250	4781.250
177	Spectrogram 1	1	9.167958412	9.168958412	3222.259	5984.356	4781.250	4781.250
178	Spectrogram 1	1	9.168958412	9.169958412	3222.259	5984.356	4781.250	4781.250
179	Spectrogram 1	1	9.169958412	9.170958412	3222.259	5984.356	4781.250	4781.250
180	Spectrogram 1	1	9.170958412	9.171958412	3222.259	5984.356	4875.000	4875.000
181	Spectrogram 1	1	9.171958412	9.172958412	3222.259	5984.356	4875.000	4875.000
182	Spectrogram 1	1	9.172958412	9.173958412	3222.259	5984.356	4875.000	4875.000
183	Spectrogram 1	1	9.173958412	9.174958412	3222.259	5984.356	4875.000	4875.000
184	Spectrogram 1	1	9.174958412	9.175958412	3222.259	5984.356	4875.000	4875.000
185	Spectrogram 1	1	9.175958412	9.176958412	3222.259	5984.356	4875.000	4875.000
186	Spectrogram 1	1	9.176958412	9.177958412	3222.259	5984.356	4875.000	4875.000
187	Spectrogram 1	1	9.177958412	9.178958412	3222.259	5984.356	4875.000	4875.000
188	Spectrogram 1	1	9.178958412	9.179958412	3222.259	5984.356	4875.000	4875.000
189	Spectrogram 1	1	9.179958412	9.180958412	3222.259	5984.356	4875.000	4875.000
190	Spectrogram 1	1	9.180958412	9.181958412	3222.259	5984.356	4875.000	4875.000
191	Spectrogram 1	1	9.181958412	9.182958412	3222.259	5984.356	4875.000	4875.000
192	Spectrogram 1	1	9.182958412	9.183958412	3222.259	5984.356	4875.000	4875.000
193	Spectrogram 1	1	9.183958412	9.184958412	3222.259	5984.356	4875.000	4875.000
194	Spectrogram 1	1	9.184958412	9.185958412	3222.259	5984.356	4875.000	4875.000
195	Spectrogram 1	1	9.185958412	9.186958412	3222.259	5984.356	4875.000	4875.000
196	Spectrogram 1	1	9.186958412	9.187958412	3222.259	5984.356	4875.000	4875.000
197	Spectrogram 1	1	9.187958412	9.188958412	3222.259	5984.356	4875.000	4875.000
198	Spectrogram 1	1	9.188958412	9.189958412	3222.259	5984.356	4875.000	4875.000
199	Spectrogram 1	1	9.189958412	9.190958412	3222.259	5984.356	4875.000	4875.000
200	Spectrogram 1	1	9.190958412	9.191958412	3222.259	5984.356	4875.000	4875.000
201	Spectrogram 1	1	9.191958412	9.192958412	3222.259	5984.356	4875.000	4875.000
202	Spectrogram 1	1	9.192958412	9.193958412	3222.259	5984.356	4875.000	4875.000
203	Spectrogram 1	1	9.193958412	9.194958412	3222.259	5984.356	4875.000	4875.000
204	Spectrogram 1	1	9.194958412	9.195958412	3222.259	5984.356	4875.000	4875.000
205	Spectrogram 1	1	9.195958412	9.196958412	3222.259	5984.356	4875.000	4875.000
206	Spectrogram 1	1	9.196958412	9.197958412	3222.259	5984.356	4968.750	4968.750
207	Spectrogram 1	1	9.197958412	9.198958412	3222.259	5984.356	4968.750	4968.750
208	Spectrogram 1	1	9.198958412	9.199958412	3222.259	5984.356	4968.750	4968.750
209	Spectrogram 1	1	9.199958412	9.200958412	3222.259	5984.356	4968.750	4968.750
210	Spectrogram 1	1	9.200958412	9.201958412	3222.259	5984.356	4968.750	4968.750
211	Spectrogram 1	1	9.201958412	9.202958412	3222.259	5984.356	4968.750	4968.750
212	Spectrogram 1	1	9.202958412	9.203958412	3222.259	5984.356	5062.500	5062.500
213	Spectrogram 1	1	9.203958412	9.204958412	3222.259	5984.356	5062.500	5062.500
214	Spectrogram 1	1	9.204958412	9.205958412	3222.259	5984.356	5062.500	5062.500
215	Spectrogram 1	1	9.205958412	9.206958412	3222.259	5984.356	5062.500	5062.500
216	Spectrogram 1	1	9.206958412	9.207958412	3222.259	5984.356	5062.500	5062.500
217	Spectrogram 1	1	9.207958412	9.208958412	3222.259	5984.356	5250.000	5250.000
218	Spectrogram 1	1	9.208958412	9.209958412	3222.259	5984.356	5250.000	5250.000
219	Spectrogram 1	1	9.209958412	9.210958412	3222.259	5984.356	5250.000	5250.000
220	Spectrogram 1	1	9.210958412	9.211958412	3222.259	5984.356	5250.000	5250.000
221	Spectrogram 1	1	9.211958412	9.212958412	3222.259	5984.356	5250.000	5250.000
222	Spectrogram 1	1	9.212958412	9.213958412	3222.259	5984.356	5343.750	5343.750
223	Spectrogram 1	1	9.213958412	9.214958412	3222.259	5984.356	5343.750	5343.750
224	Spectrogram 1	1	9.214958412	9.215958412	3222.259	5984.356	5343.750	5343.750
225	Spectrogram 1	1	9.215958412	9.216958412	3222.259	5984.356	5343.750	5343.750
226	Spectrogram 1	1	9.216958412	9.217958412	3222.259	5984.356	5343.750	5343.750
227	Spectrogram 1	1	9.217958412	9.218958412	3222.259	5984.356	5343.750	5343.750
228	Spectrogram 1	1	9.218958412	9.219958412	3222.259	5984.356	5625.000	5062.500
229	Spectrogram 1	1	9.219958412	9.220958412	3222.259	5984.356	5625.000	5062.500
230	Spectrogram 1	1	9.220958412	9.221958412	3222.259	5984.356	5625.000	5062.500
231	Spectrogram 1	1	9.221958412	9.222958412	3222.259	5984.356	5625.000	5062.500
232	Spectrogram 1	1	9.222958412	9.223958412	3222.259	5984.356	5625.000	5062.500
233	Spectrogram 1	1	9.223958412	9.224958412	3222.259	5984.356	5812.500	5906.250
234	Spectrogram 1	1	9.224958412	9.225958412	3222.259	5984.356	5812.500	5906.250
235	Spectrogram 1	1	9.225958412	9.226958412	3222.259	5984.356	5812.500	5906.250
236	Spectrogram 1	1	9.226958412	9.227958412	3222.259	5984.356	5812.500	5906.250
237	Spectrogram 1	1	9.227958412	9.228958412	3222.259	5984.356	5812.500	5906.250
238	Spectrogram 1	1	9.228958412	9.229958412	3222.259	5984.356	5531.250	5531.250
239	Spectrogram 1	1	9.229958412	9.230958412	3222.259	5984.356	5531.250	5531.250
240	Spectrogram 1	1	9.230958412	9.231958412	3222.259	5984.356	5531.250	5531.250
241	Spectrogram 1	1	9.231958412	9.232958412	3222.259	5984.356	5531.250	5531.250
242	Spectrogram 1	1	9.232958412	9.233958412	3222.259	5984.356	5531.250	5531.250
243	Spectrogram 1	1	9.233958412	9.234958412	3222.259	5984.356	5531.250	5531.250
244	Spectrogram 1	1	9.234958412	9.235958412	3222.259	5984.356	5250.000	4968.750
245	Spectrogram 1	1	9.235958412	9.236958412	3222.259	5984.356	5250.000	4968.750
246	Spectrogram 1	1	9.236958412	9.237958412	3222.259	5984.356	5250.000	4968.750
247	Spectrogram 1	1	9.237958412	9.238958412	3222.259	5984.356	5250.000	4968.750
248	Spectrogram 1	1	9.238958412	9.239958412	3222.259	5984.356	5250.000	4968.750
249	Spectrogram 1	1	9.239958412	9.240958412	3222.259	5984.356	5343.750	4968.750
250	Spectrogram 1	1	9.240958412	9.241958412	3222.259	5984.356	5343.750	4968.750
251	Spectrogram 1	1	9.241958412	9.242958412	3222.259	5984.356	5343.750	4968.750
252	Spectrogram 1	1	9.242958412	9.243958412	3222.259	5984.356	5343.750	4968.750
253	Spectrogram 1	1	9.243958412	9.244958412	3222.259	5984.356	5343.750	4968.750
254	Spectrogram 1	1	9.244958412	9.245958412	3222.259	5984.356	4875.000	5531.250
255	Spectrogram 1	1	9.245958412	9.246958412	3222.259	5984.356	4875.000	5531.250
256	Spectrogram 1	1	9.246958412	9.247958412	3222.259	5984.356	4875.000	5531.250
257	Spectrogram 1	1	9.247958412	9.248958412	3222.259	5984.356	4875.000	5531.250
258	Spectrogram 1	1	9.248958412	9.249958412	3222.259	5984.356	4875.000	5531.250
259	Spectrogram 1	1	9.249958412	9.250958412	3222.259	5984.356	4875.000	5531.250
260	Spectrogram 1	1	9.250958412	9.251958412	3222.259	5984.356	5062.500	5062.500
261	Spectrogram 1	1	9.251958412	9.252958412	3222.259	5984.356	5062.500	5062.500
262	Spectrogram 1	1	9.252958412	9.253958412	3222.259	5984.356	5062.500	5062.500
263	Spectrogram 1	1	9.253958412	9.254958412	3222.259	5984.356	5062.500	5062.500
264	Spectrogram 1	1	9.254958412	9.255958412	3222.259	5984.356	5062.500	5062.500
265	Spectrogram 1	1	9.255958412	9.256710997	3222.259	5984.356	4875.000	4781.250
