Selection	View	Channel	Begin Time (s)	End Time (s)	Low Freq (Hz)	High Freq (Hz)	Center Freq (Hz)	Peak Freq (Hz)
1	Spectrogram 1	2	25.881676658	25.882676658	3428.571	6560.000	6468.750	6468.750
2	Spectrogram 1	2	25.882676658	25.883676658	3428.571	6560.000	6468.750	6468.750
3	Spectrogram 1	2	25.883676658	25.884676658	3428.571	6560.000	6468.750	6468.750
4	Spectrogram 1	2	25.884676658	25.885676658	3428.571	6560.000	6468.750	6468.750
5	Spectrogram 1	2	25.885676658	25.886676658	3428.571	6560.000	6375.000	6375.000
6	Spectrogram 1	2	25.886676658	25.887676658	3428.571	6560.000	6375.000	6375.000
7	Spectrogram 1	2	25.887676658	25.888676658	3428.571	6560.000	6375.000	6375.000
8	Spectrogram 1	2	25.888676658	25.889676658	3428.571	6560.000	6375.000	6375.000
9	Spectrogram 1	2	25.889676658	25.890676658	3428.571	6560.000	6375.000	6375.000
10	Spectrogram 1	2	25.890676658	25.891676658	3428.571	6560.000	6375.000	6375.000
11	Spectrogram 1	2	25.891676658	25.892676658	3428.571	6560.000	6375.000	6375.000
12	Spectrogram 1	2	25.892676658	25.893676658	3428.571	6560.000	6375.000	6375.000
13	Spectrogram 1	2	25.893676658	25.894676658	3428.571	6560.000	6375.000	6375.000
14	Spectrogram 1	2	25.894676658	25.895676658	3428.571	6560.000	6375.000	6375.000
15	Spectrogram 1	2	25.895676658	25.896676658	3428.571	6560.000	6375.000	6375.000
16	Spectrogram 1	2	25.896676658	25.897676658	3428.571	6560.000	6375.000	6375.000
17	Spectrogram 1	2	25.897676658	25.898676658	3428.571	6560.000	6375.000	6375.000
18	Spectrogram 1	2	25.898676658	25.899676658	3428.571	6560.000	6375.000	6375.000
19	Spectrogram 1	2	25.899676658	25.900676658	3428.571	6560.000	6375.000	6375.000
20	Spectrogram 1	2	25.900676658	25.901676658	3428.571	6560.000	6375.000	6375.000
21	Spectrogram 1	2	25.901676658	25.902676658	3428.571	6560.000	5437.500	5437.500
22	Spectrogram 1	2	25.902676658	25.903676658	3428.571	6560.000	5437.500	5437.500
23	Spectrogram 1	2	25.903676658	25.904676658	3428.571	6560.000	5437.500	5437.500
24	Spectrogram 1	2	25.904676658	25.905676658	3428.571	6560.000	5437.500	5437.500
25	Spectrogram 1	2	25.905676658	25.906676658	3428.571	6560.000	5437.500	5437.500
26	Spectrogram 1	2	25.906676658	25.907676658	3428.571	6560.000	5250.000	5250.000
27	Spectrogram 1	2	25.907676658	25.908676658	3428.571	6560.000	5250.000	5250.000
28	Spectrogram 1	2	25.908676658	25.909676658	3428.571	6560.000	5250.000	5250.000
29	Spectrogram 1	2	25.909676658	25.910676658	3428.571	6560.000	5250.000	5250.000
30	Spectrogram 1	2	25.910676658	25.911676658	3428.571	6560.000	5250.000	5250.000
31	Spectrogram 1	2	25.911676658	25.912676658	3428.571	6560.000	5531.250	5531.250
32	Spectrogram 1	2	25.912676658	25.913676658	3428.571	6560.000	5531.250	5531.250
33	Spectrogram 1	2	25.913676658	25.914676658	3428.571	6560.000	5531.250	5531.250
34	Spectrogram 1	2	25.914676658	25.915676658	3428.571	6560.000	5531.250	5531.250
35	Spectrogram 1	2	25.915676658	25.916676658	3428.571	6560.000	5531.250	5531.250
36	Spectrogram 1	2	25.916676658	25.917676658	3428.571	6560.000	5531.250	5531.250
37	Spectrogram 1	2	25.917676658	25.918676658	3428.571	6560.000	5531.250	5531.250
38	Spectrogram 1	2	25.918676658	25.919676658	3428.571	6560.000	5531.250	5531.250
39	Spectrogram 1	2	25.919676658	25.920676658	3428.571	6560.000	5531.250	5531.250
40	Spectrogram 1	2	25.920676658	25.921676658	3428.571	6560.000	5531.250	5531.250
41	Spectrogram 1	2	25.921676658	25.922676658	3428.571	6560.000	5531.250	5531.250
42	Spectrogram 1	2	25.922676658	25.923676658	3428.571	6560.000	5437.500	5437.500
43	Spectrogram 1	2	25.923676658	25.924676658	3428.571	6560.000	5437.500	5437.500
44	Spectrogram 1	2	25.924676658	25.925676658	3428.571	6560.000	5437.500	5437.500
45	Spectrogram 1	2	25.925676658	25.926676658	3428.571	6560.000	5437.500	5437.500
46	Spectrogram 1	2	25.926676658	25.927676658	3428.571	6560.000	5437.500	5437.500
47	Spectrogram 1	2	25.927676658	25.928676658	3428.571	6560.000	5343.750	5437.500
48	Spectrogram 1	2	25.928676658	25.929676658	3428.571	6560.000	5343.750	5437.500
49	Spectrogram 1	2	25.929676658	25.930676658	3428.571	6560.000	5343.750	5437.500
50	Spectrogram 1	2	25.930676658	25.931676658	3428.571	6560.000	5343.750	5437.500
51	Spectrogram 1	2	25.931676658	25.932676658	3428.571	6560.000	5343.750	5437.500
52	Spectrogram 1	2	25.932676658	25.933676658	3428.571	6560.000	5343.750	5437.500
53	Spectrogram 1	2	25.933676658	25.934676658	3428.571	6560.000	4968.750	4875.000
54	Spectrogram 1	2	25.934676658	25.935676658	3428.571	6560.000	4968.750	4875.000
55	Spectrogram 1	2	25.935676658	25.936676658	3428.571	6560.000	4968.750	4875.000
56	Spectrogram 1	2	25.936676658	25.937676658	3428.571	6560.000	4968.750	4875.000
57	Spectrogram 1	2	25.937676658	25.938676658	3428.571	6560.000	4968.750	4875.000
58	Spectrogram 1	2	25.938676658	25.939676658	3428.571	6560.000	4781.250	4687.500
59	Spectrogram 1	2	25.939676658	25.940676658	3428.571	6560.000	4781.250	4687.500
60	Spectrogram 1	2	25.940676658	25.941676658	3428.571	6560.000	4781.250	4687.500
61	Spectrogram 1	2	25.941676658	25.942676658	3428.571	6560.000	4781.250	4687.500
62	Spectrogram 1	2	25.942676658	25.943676658	3428.571	6560.000	4781.250	4687.500
63	Spectrogram 1	2	25.943676658	25.944676658	3428.571	6560.000	4406.250	4406.250
64	Spectrogram 1	2	25.944676658	25.945676658	3428.571	6560.000	4406.250	4406.250
65	Spectrogram 1	2	25.945676658	25.946676658	3428.571	6560.000	4406.250	4406.250
66	Spectrogram 1	2	25.946676658	25.947676658	3428.571	6560.000	4406.250	4406.250
67	Spectrogram 1	2	25.947676658	25.948676658	3428.571	6560.000	4406.250	4406.250
68	Spectrogram 1	2	25.948676658	25.949676658	3428.571	6560.000	4406.250	4406.250
69	Spectrogram 1	2	25.949676658	25.950676658	3428.571	6560.000	4218.750	4218.750
70	Spectrogram 1	2	25.950676658	25.951676658	3428.571	6560.000	4218.750	4218.750
71	Spectrogram 1	2	25.951676658	25.952676658	3428.571	6560.000	4218.750	4218.750
72	Spectrogram 1	2	25.952676658	25.953676658	3428.571	6560.000	4218.750	4218.750
73	Spectrogram 1	2	25.953676658	25.954676658	3428.571	6560.000	4218.750	4218.750
74	Spectrogram 1	2	25.954676658	25.955676658	3428.571	6560.000	4031.250	4031.250
75	Spectrogram 1	2	25.955676658	25.956676658	3428.571	6560.000	4031.250	4031.250
76	Spectrogram 1	2	25.956676658	25.957676658	3428.571	6560.000	4031.250	4031.250
77	Spectrogram 1	2	25.957676658	25.958676658	3428.571	6560.000	4031.250	4031.250
78	Spectrogram 1	2	25.958676658	25.959676658	3428.571	6560.000	4031.250	4031.250
79	Spectrogram 1	2	25.959676658	25.960676658	3428.571	6560.000	3937.500	3937.500
80	Spectrogram 1	2	25.960676658	25.961676658	3428.571	6560.000	3937.500	3937.500
81	Spectrogram 1	2	25.961676658	25.962676658	3428.571	6560.000	3937.500	3937.500
82	Spectrogram 1	2	25.962676658	25.963676658	3428.571	6560.000	3937.500	3937.500
83	Spectrogram 1	2	25.963676658	25.964676658	3428.571	6560.000	3937.500	3937.500
84	Spectrogram 1	2	25.964676658	25.965676658	3428.571	6560.000	3937.500	3937.500
85	Spectrogram 1	2	25.965676658	25.966676658	3428.571	6560.000	3937.500	3843.750
86	Spectrogram 1	2	25.966676658	25.967676658	3428.571	6560.000	3937.500	3843.750
87	Spectrogram 1	2	25.967676658	25.968676658	3428.571	6560.000	3937.500	3843.750
88	Spectrogram 1	2	25.968676658	25.969676658	3428.571	6560.000	3937.500	3843.750
89	Spectrogram 1	2	25.969676658	25.970676658	3428.571	6560.000	3937.500	3843.750
90	Spectrogram 1	2	25.970676658	25.971676658	3428.571	6560.000	3937.500	3937.500
91	Spectrogram 1	2	25.971676658	25.972676658	3428.571	6560.000	3937.500	3937.500
92	Spectrogram 1	2	25.972676658	25.973676658	3428.571	6560.000	3937.500	3937.500
93	Spectrogram 1	2	25.973676658	25.974676658	3428.571	6560.000	3937.500	3937.500
94	Spectrogram 1	2	25.974676658	25.975676658	3428.571	6560.000	3937.500	3937.500
95	Spectrogram 1	2	25.975676658	25.976676658	3428.571	6560.000	3937.500	3937.500
96	Spectrogram 1	2	25.976676658	25.977676658	3428.571	6560.000	3937.500	3937.500
97	Spectrogram 1	2	25.977676658	25.978676658	3428.571	6560.000	3937.500	3937.500
98	Spectrogram 1	2	25.978676658	25.979676658	3428.571	6560.000	3937.500	3937.500
99	Spectrogram 1	2	25.979676658	25.980676658	3428.571	6560.000	3937.500	3937.500
100	Spectrogram 1	2	25.980676658	25.981676658	3428.571	6560.000	3937.500	3937.500
101	Spectrogram 1	2	25.981676658	25.982676658	3428.571	6560.000	3937.500	3937.500
102	Spectrogram 1	2	25.982676658	25.983676658	3428.571	6560.000	3937.500	3937.500
103	Spectrogram 1	2	25.983676658	25.984676658	3428.571	6560.000	3937.500	3937.500
104	Spectrogram 1	2	25.984676658	25.985676658	3428.571	6560.000	3937.500	3937.500
105	Spectrogram 1	2	25.985676658	25.986676658	3428.571	6560.000	3937.500	3937.500
106	Spectrogram 1	2	25.986676658	25.987676658	3428.571	6560.000	4031.250	4031.250
107	Spectrogram 1	2	25.987676658	25.988676658	3428.571	6560.000	4031.250	4031.250
108	Spectrogram 1	2	25.988676658	25.989676658	3428.571	6560.000	4031.250	4031.250
109	Spectrogram 1	2	25.989676658	25.990676658	3428.571	6560.000	4031.250	4031.250
110	Spectrogram 1	2	25.990676658	25.991676658	3428.571	6560.000	4031.250	4031.250
111	Spectrogram 1	2	25.991676658	25.992676658	3428.571	6560.000	4125.000	4125.000
112	Spectrogram 1	2	25.992676658	25.993676658	3428.571	6560.000	4125.000	4125.000
113	Spectrogram 1	2	25.993676658	25.994676658	3428.571	6560.000	4125.000	4125.000
114	Spectrogram 1	2	25.994676658	25.995676658	3428.571	6560.000	4125.000	4125.000
115	Spectrogram 1	2	25.995676658	25.996676658	3428.571	6560.000	4125.000	4125.000
116	Spectrogram 1	2	25.996676658	25.997676658	3428.571	6560.000	4125.000	4125.000
117	Spectrogram 1	2	25.997676658	25.998676658	3428.571	6560.000	4125.000	4125.000
118	Spectrogram 1	2	25.998676658	25.999676658	3428.571	6560.000	4125.000	4125.000
119	Spectrogram 1	2	25.999676658	26.000676658	3428.571	6560.000	4125.000	4125.000
120	Spectrogram 1	2	26.000676658	26.001676658	3428.571	6560.000	4125.000	4125.000
121	Spectrogram 1	2	26.001676658	26.002676658	3428.571	6560.000	4125.000	4125.000
122	Spectrogram 1	2	26.002676658	26.003676658	3428.571	6560.000	4031.250	4031.250
123	Spectrogram 1	2	26.003676658	26.004676658	3428.571	6560.000	4031.250	4031.250
124	Spectrogram 1	2	26.004676658	26.005676658	3428.571	6560.000	4031.250	4031.250
125	Spectrogram 1	2	26.005676658	26.006676658	3428.571	6560.000	4031.250	4031.250
126	Spectrogram 1	2	26.006676658	26.007676658	3428.571	6560.000	4031.250	4031.250
127	Spectrogram 1	2	26.007676658	26.008676658	3428.571	6560.000	3937.500	3937.500
128	Spectrogram 1	2	26.008676658	26.009676658	3428.571	6560.000	3937.500	3937.500
129	Spectrogram 1	2	26.009676658	26.010676658	3428.571	6560.000	3937.500	3937.500
130	Spectrogram 1	2	26.010676658	26.011676658	3428.571	6560.000	3937.500	3937.500
131	Spectrogram 1	2	26.011676658	26.012676658	3428.571	6560.000	3937.500	3937.500
132	Spectrogram 1	2	26.012676658	26.013676658	3428.571	6560.000	3937.500	3937.500
133	Spectrogram 1	2	26.013676658	26.014676658	3428.571	6560.000	3843.750	3843.750
134	Spectrogram 1	2	26.014676658	26.015676658	3428.571	6560.000	3843.750	3843.750
135	Spectrogram 1	2	26.015676658	26.016676658	3428.571	6560.000	3843.750	3843.750
136	Spectrogram 1	2	26.016676658	26.017676658	3428.571	6560.000	3843.750	3843.750
137	Spectrogram 1	2	26.017676658	26.018676658	3428.571	6560.000	3843.750	3843.750
138	Spectrogram 1	2	26.018676658	26.019676658	3428.571	6560.000	3843.750	3843.750
139	Spectrogram 1	2	26.019676658	26.020676658	3428.571	6560.000	3843.750	3843.750
140	Spectrogram 1	2	26.020676658	26.021676658	3428.571	6560.000	3843.750	3843.750
141	Spectrogram 1	2	26.021676658	26.022676658	3428.571	6560.000	3843.750	3843.750
142	Spectrogram 1	2	26.022676658	26.023676658	3428.571	6560.000	3843.750	3843.750
143	Spectrogram 1	2	26.023676658	26.024676658	3428.571	6560.000	3937.500	3843.750
144	Spectrogram 1	2	26.024676658	26.025676658	3428.571	6560.000	3937.500	3843.750
145	Spectrogram 1	2	26.025676658	26.026676658	3428.571	6560.000	3937.500	3843.750
146	Spectrogram 1	2	26.026676658	26.027676658	3428.571	6560.000	3937.500	3843.750
147	Spectrogram 1	2	26.027676658	26.028676658	3428.571	6560.000	3937.500	3843.750
148	Spectrogram 1	2	26.028676658	26.029676658	3428.571	6560.000	3937.500	3843.750
149	Spectrogram 1	2	26.029676658	26.030676658	3428.571	6560.000	4031.250	4031.250
150	Spectrogram 1	2	26.030676658	26.031676658	3428.571	6560.000	4031.250	4031.250
151	Spectrogram 1	2	26.031676658	26.032676658	3428.571	6560.000	4031.250	4031.250
152	Spectrogram 1	2	26.032676658	26.033676658	3428.571	6560.000	4031.250	4031.250
153	Spectrogram 1	2	26.033676658	26.034676658	3428.571	6560.000	4031.250	4031.250
154	Spectrogram 1	2	26.034676658	26.035676658	3428.571	6560.000	4031.250	4031.250
155	Spectrogram 1	2	26.035676658	26.036676658	3428.571	6560.000	4031.250	4031.250
156	Spectrogram 1	2	26.036676658	26.037676658	3428.571	6560.000	4031.250	4031.250
157	Spectrogram 1	2	26.037676658	26.038676658	3428.571	6560.000	4031.250	4031.250
158	Spectrogram 1	2	26.038676658	26.039676658	3428.571	6560.000	4031.250	4031.250
159	Spectrogram 1	2	26.039676658	26.040676658	3428.571	6560.000	4125.000	3750.000
160	Spectrogram 1	2	26.040676658	26.041676658	3428.571	6560.000	4125.000	3750.000
161	Spectrogram 1	2	26.041676658	26.042676658	3428.571	6560.000	4125.000	3750.000
162	Spectrogram 1	2	26.042676658	26.043676658	3428.571	6560.000	4125.000	3750.000
163	Spectrogram 1	2	26.043676658	26.044676658	3428.571	6560.000	4125.000	3750.000
164	Spectrogram 1	2	26.044676658	26.045676658	3428.571	6560.000	4125.000	3750.000
165	Spectrogram 1	2	26.045676658	26.046676658	3428.571	6560.000	4500.000	4687.500
166	Spectrogram 1	2	26.046676658	26.047676658	3428.571	6560.000	4500.000	4687.500
167	Spectrogram 1	2	26.047676658	26.048676658	3428.571	6560.000	4500.000	4687.500
168	Spectrogram 1	2	26.048676658	26.049676658	3428.571	6560.000	4500.000	4687.500
169	Spectrogram 1	2	26.049676658	26.050676658	3428.571	6560.000	4500.000	4687.500
170	Spectrogram 1	2	26.050676658	26.051676658	3428.571	6560.000	4875.000	4968.750
171	Spectrogram 1	2	26.051676658	26.052676658	3428.571	6560.000	4875.000	4968.750
172	Spectrogram 1	2	26.052676658	26.053676658	3428.571	6560.000	4875.000	4968.750
173	Spectrogram 1	2	26.053676658	26.054676658	3428.571	6560.000	4875.000	4968.750
174	Spectrogram 1	2	26.054676658	26.055676658	3428.571	6560.000	4875.000	4968.750
175	Spectrogram 1	2	26.055676658	26.056676658	3428.571	6560.000	5156.250	5156.250
176	Spectrogram 1	2	26.056676658	26.057676658	3428.571	6560.000	5156.250	5156.250
177	Spectrogram 1	2	26.057676658	26.058676658	3428.571	6560.000	5156.250	5156.250
178	Spectrogram 1	2	26.058676658	26.059676658	3428.571	6560.000	5156.250	5156.250
179	Spectrogram 1	2	26.059676658	26.060676658	3428.571	6560.000	5156.250	5156.250
180	Spectrogram 1	2	26.060676658	26.061676658	3428.571	6560.000	5156.250	5156.250
181	Spectrogram 1	2	26.061676658	26.062676658	3428.571	6560.000	5250.000	5250.000
182	Spectrogram 1	2	26.062676658	26.063676658	3428.571	6560.000	5250.000	5250.000
183	Spectrogram 1	2	26.063676658	26.064676658	3428.571	6560.000	5250.000	5250.000
184	Spectrogram 1	2	26.064676658	26.065676658	3428.571	6560.000	5250.000	5250.000
185	Spectrogram 1	2	26.065676658	26.066676658	3428.571	6560.000	5250.000	5250.000
186	Spectrogram 1	2	26.066676658	26.067676658	3428.571	6560.000	5343.750	5343.750
187	Spectrogram 1	2	26.067676658	26.068676658	3428.571	6560.000	5343.750	5343.750
188	Spectrogram 1	2	26.068676658	26.069676658	3428.571	6560.000	5343.750	5343.750
189	Spectrogram 1	2	26.069676658	26.070676658	3428.571	6560.000	5343.750	5343.750
190	Spectrogram 1	2	26.070676658	26.071676658	3428.571	6560.000	5343.750	5343.750
191	Spectrogram 1	2	26.071676658	26.072676658	3428.571	6560.000	5343.750	5343.750
192	Spectrogram 1	2	26.072676658	26.073676658	3428.571	6560.000	5343.750	5343.750
193	Spectrogram 1	2	26.073676658	26.074676658	3428.571	6560.000	5343.750	5343.750
194	Spectrogram 1	2	26.074676658	26.075676658	3428.571	6560.000	5343.750	5343.750
195	Spectrogram 1	2	26.075676658	26.076676658	3428.571	6560.000	5343.750	5343.750
196	Spectrogram 1	2	26.076676658	26.077676658	3428.571	6560.000	5343.750	5343.750
197	Spectrogram 1	2	26.077676658	26.078676658	3428.571	6560.000	5250.000	5250.000
198	Spectrogram 1	2	26.078676658	26.079676658	3428.571	6560.000	5250.000	5250.000
199	Spectrogram 1	2	26.079676658	26.080676658	3428.571	6560.000	5250.000	5250.000
200	Spectrogram 1	2	26.080676658	26.081676658	3428.571	6560.000	5250.000	5250.000
201	Spectrogram 1	2	26.081676658	26.082676658	3428.571	6560.000	5250.000	5250.000
202	Spectrogram 1	2	26.082676658	26.083676658	3428.571	6560.000	5343.750	5343.750
203	Spectrogram 1	2	26.083676658	26.084676658	3428.571	6560.000	5343.750	5343.750
204	Spectrogram 1	2	26.084676658	26.085676658	3428.571	6560.000	5343.750	5343.750
205	Spectrogram 1	2	26.085676658	26.086676658	3428.571	6560.000	5343.750	5343.750
206	Spectrogram 1	2	26.086676658	26.087676658	3428.571	6560.000	5343.750	5343.750
207	Spectrogram 1	2	26.087676658	26.088676658	3428.571	6560.000	5437.500	5250.000
208	Spectrogram 1	2	26.088676658	26.089676658	3428.571	6560.000	5437.500	5250.000
209	Spectrogram 1	2	26.089676658	26.090676658	3428.571	6560.000	5437.500	5250.000
210	Spectrogram 1	2	26.090676658	26.091676658	3428.571	6560.000	5437.500	5250.000
211	Spectrogram 1	2	26.091676658	26.092676658	3428.571	6560.000	5437.500	5250.000
212	Spectrogram 1	2	26.092676658	26.093676658	3428.571	6560.000	5437.500	5250.000
213	Spectrogram 1	2	26.093676658	26.094676658	3428.571	6560.000	5625.000	5625.000
214	Spectrogram 1	2	26.094676658	26.095676658	3428.571	6560.000	5625.000	5625.000
215	Spectrogram 1	2	26.095676658	26.096676658	3428.571	6560.000	5625.000	5625.000
216	Spectrogram 1	2	26.096676658	26.097676658	3428.571	6560.000	5625.000	5625.000
217	Spectrogram 1	2	26.097676658	26.098676658	3428.571	6560.000	5625.000	5625.000
218	Spectrogram 1	2	26.098676658	26.099676658	3428.571	6560.000	5812.500	5812.500
219	Spectrogram 1	2	26.099676658	26.100676658	3428.571	6560.000	5812.500	5812.500
220	Spectrogram 1	2	26.100676658	26.101676658	3428.571	6560.000	5812.500	5812.500
221	Spectrogram 1	2	26.101676658	26.102676658	3428.571	6560.000	5812.500	5812.500
222	Spectrogram 1	2	26.102676658	26.103676658	3428.571	6560.000	5812.500	5812.500
223	Spectrogram 1	2	26.103676658	26.104676658	3428.571	6560.000	6000.000	6093.750
224	Spectrogram 1	2	26.104676658	26.105676658	3428.571	6560.000	6000.000	6093.750
225	Spectrogram 1	2	26.105676658	26.106676658	3428.571	6560.000	6000.000	6093.750
226	Spectrogram 1	2	26.106676658	26.107676658	3428.571	6560.000	6000.000	6093.750
227	Spectrogram 1	2	26.107676658	26.108676658	3428.571	6560.000	6000.000	6093.750
228	Spectrogram 1	2	26.108676658	26.109676658	3428.571	6560.000	6000.000	6093.750
229	Spectrogram 1	2	26.109676658	26.110676658	3428.571	6560.000	6000.000	6000.000
230	Spectrogram 1	2	26.110676658	26.111676658	3428.571	6560.000	6000.000	6000.000
231	Spectrogram 1	2	26.111676658	26.112676658	3428.571	6560.000	6000.000	6000.000
232	Spectrogram 1	2	26.112676658	26.113676658	3428.571	6560.000	6000.000	6000.000
233	Spectrogram 1	2	26.113676658	26.114676658	3428.571	6560.000	6000.000	6000.000
234	Spectrogram 1	2	26.114676658	26.115676658	3428.571	6560.000	6093.750	6093.750
235	Spectrogram 1	2	26.115676658	26.116676658	3428.571	6560.000	6093.750	6093.750
236	Spectrogram 1	2	26.116676658	26.117676658	3428.571	6560.000	6093.750	6093.750
237	Spectrogram 1	2	26.117676658	26.118676658	3428.571	6560.000	6093.750	6093.750
238	Spectrogram 1	2	26.118676658	26.119676658	3428.571	6560.000	6093.750	6093.750
239	Spectrogram 1	2	26.119676658	26.120676658	3428.571	6560.000	5906.250	6187.500
240	Spectrogram 1	2	26.120676658	26.121676658	3428.571	6560.000	5906.250	6187.500
241	Spectrogram 1	2	26.121676658	26.122676658	3428.571	6560.000	5906.250	6187.500
242	Spectrogram 1	2	26.122676658	26.123676658	3428.571	6560.000	5906.250	6187.500
243	Spectrogram 1	2	26.123676658	26.124676658	3428.571	6560.000	5906.250	6187.500
244	Spectrogram 1	2	26.124676658	26.125676658	3428.571	6560.000	5906.250	6187.500
245	Spectrogram 1	2	26.125676658	26.126676658	3428.571	6560.000	4968.750	4593.750
246	Spectrogram 1	2	26.126676658	26.127676658	3428.571	6560.000	4968.750	4593.750
247	Spectrogram 1	2	26.127676658	26.128676658	3428.571	6560.000	4968.750	4593.750
248	Spectrogram 1	2	26.128676658	26.129676658	3428.571	6560.000	4968.750	4593.750
249	Spectrogram 1	2	26.129676658	26.130676658	3428.571	6560.000	4968.750	4593.750
250	Spectrogram 1	2	26.130676658	26.131676658	3428.571	6560.000	4687.500	4406.250
251	Spectrogram 1	2	26.131676658	26.132676658	3428.571	6560.000	4687.500	4406.250
252	Spectrogram 1	2	26.132676658	26.133676658	3428.571	6560.000	4687.500	4406.250
253	Spectrogram 1	2	26.133676658	26.134676658	3428.571	6560.000	4687.500	4406.250
254	Spectrogram 1	2	26.134676658	26.135676658	3428.571	6560.000	4687.500	4406.250
255	Spectrogram 1	2	26.135676658	26.136676658	3428.571	6560.000	5531.250	6093.750
256	Spectrogram 1	2	26.136676658	26.137676658	3428.571	6560.000	5531.250	6093.750
257	Spectrogram 1	2	26.137676658	26.138676658	3428.571	6560.000	5531.250	6093.750
258	Spectrogram 1	2	26.138676658	26.139676658	3428.571	6560.000	5531.250	6093.750
259	Spectrogram 1	2	26.139676658	26.140676658	3428.571	6560.000	5531.250	6093.750
260	Spectrogram 1	2	26.140676658	26.141676658	3428.571	6560.000	5531.250	6093.750
261	Spectrogram 1	2	26.141676658	26.142412915	3428.571	6560.000	5437.500	6187.500
