Selection	View	Channel	Begin Time (s)	End Time (s)	Low Freq (Hz)	High Freq (Hz)	Center Freq (Hz)	Peak Freq (Hz)
1	Spectrogram 1	1	10.281837172	10.282837172	2746.500	6295.800	3750.000	3750.000
2	Spectrogram 1	1	10.282837172	10.283837172	2746.500	6295.800	3750.000	3750.000
3	Spectrogram 1	1	10.283837172	10.284837172	2746.500	6295.800	3750.000	3750.000
4	Spectrogram 1	1	10.284837172	10.285837172	2746.500	6295.800	4125.000	4125.000
5	Spectrogram 1	1	10.285837172	10.286837172	2746.500	6295.800	4125.000	4125.000
6	Spectrogram 1	1	10.286837172	10.287837172	2746.500	6295.800	4125.000	4125.000
7	Spectrogram 1	1	10.287837172	10.288837172	2746.500	6295.800	4125.000	4125.000
8	Spectrogram 1	1	10.288837172	10.289837172	2746.500	6295.800	4125.000	4125.000
9	Spectrogram 1	1	10.289837172	10.290837172	2746.500	6295.800	4125.000	4125.000
10	Spectrogram 1	1	10.290837172	10.291837172	2746.500	6295.800	4500.000	4500.000
11	Spectrogram 1	1	10.291837172	10.292837172	2746.500	6295.800	4500.000	4500.000
12	Spectrogram 1	1	10.292837172	10.293837172	2746.500	6295.800	4500.000	4500.000
13	Spectrogram 1	1	10.293837172	10.294837172	2746.500	6295.800	4500.000	4500.000
14	Spectrogram 1	1	10.294837172	10.295837172	2746.500	6295.800	4500.000	4500.000
15	Spectrogram 1	1	10.295837172	10.296837172	2746.500	6295.800	4968.750	4968.750
16	Spectrogram 1	1	10.296837172	10.297837172	2746.500	6295.800	4968.750	4968.750
17	Spectrogram 1	1	10.297837172	10.298837172	2746.500	6295.800	4968.750	4968.750
18	Spectrogram 1	1	10.298837172	10.299837172	2746.500	6295.800	4968.750	4968.750
19	Spectrogram 1	1	10.299837172	10.300837172	2746.500	6295.800	4968.750	4968.750
20	Spectrogram 1	1	10.300837172	10.301837172	2746.500	6295.800	5156.250	5156.250
21	Spectrogram 1	1	10.301837172	10.302837172	2746.500	6295.800	5156.250	5156.250
22	Spectrogram 1	1	10.302837172	10.303837172	2746.500	6295.800	5156.250	5156.250
23	Spectrogram 1	1	10.303837172	10.304837172	2746.500	6295.800	5156.250	5156.250
24	Spectrogram 1	1	10.304837172	10.305837172	2746.500	6295.800	5156.250	5156.250
25	Spectrogram 1	1	10.305837172	10.306837172	2746.500	6295.800	5156.250	5156.250
26	Spectrogram 1	1	10.306837172	10.307837172	2746.500	6295.800	5062.500	5062.500
27	Spectrogram 1	1	10.307837172	10.308837172	2746.500	6295.800	5062.500	5062.500
28	Spectrogram 1	1	10.308837172	10.309837172	2746.500	6295.800	5062.500	5062.500
29	Spectrogram 1	1	10.309837172	10.310837172	2746.500	6295.800	5062.500	5062.500
30	Spectrogram 1	1	10.310837172	10.311837172	2746.500	6295.800	5062.500	5062.500
31	Spectrogram 1	1	10.311837172	10.312837172	2746.500	6295.800	4687.500	4687.500
32	Spectrogram 1	1	10.312837172	10.313837172	2746.500	6295.800	4687.500	4687.500
33	Spectrogram 1	1	10.313837172	10.314837172	2746.500	6295.800	4687.500	4687.500
34	Spectrogram 1	1	10.314837172	10.315837172	2746.500	6295.800	4687.500	4687.500
35	Spectrogram 1	1	10.315837172	10.316837172	2746.500	6295.800	4687.500	4687.500
36	Spectrogram 1	1	10.316837172	10.317837172	2746.500	6295.800	4406.250	4312.500
37	Spectrogram 1	1	10.317837172	10.318837172	2746.500	6295.800	4406.250	4312.500
38	Spectrogram 1	1	10.318837172	10.319837172	2746.500	6295.800	4406.250	4312.500
39	Spectrogram 1	1	10.319837172	10.320837172	2746.500	6295.800	4406.250	4312.500
40	Spectrogram 1	1	10.320837172	10.321837172	2746.500	6295.800	4406.250	4312.500
41	Spectrogram 1	1	10.321837172	10.322837172	2746.500	6295.800	4406.250	4312.500
42	Spectrogram 1	1	10.322837172	10.323837172	2746.500	6295.800	4218.750	4125.000
43	Spectrogram 1	1	10.323837172	10.324837172	2746.500	6295.800	4218.750	4125.000
44	Spectrogram 1	1	10.324837172	10.325837172	2746.500	6295.800	4218.750	4125.000
45	Spectrogram 1	1	10.325837172	10.326837172	2746.500	6295.800	4218.750	4125.000
46	Spectrogram 1	1	10.326837172	10.327837172	2746.500	6295.800	4218.750	4125.000
47	Spectrogram 1	1	10.327837172	10.328837172	2746.500	6295.800	4031.250	4031.250
48	Spectrogram 1	1	10.328837172	10.329837172	2746.500	6295.800	4031.250	4031.250
49	Spectrogram 1	1	10.329837172	10.330837172	2746.500	6295.800	4031.250	4031.250
50	Spectrogram 1	1	10.330837172	10.331837172	2746.500	6295.800	4031.250	4031.250
51	Spectrogram 1	1	10.331837172	10.332837172	2746.500	6295.800	4031.250	4031.250
52	Spectrogram 1	1	10.332837172	10.333837172	2746.500	6295.800	3937.500	3937.500
53	Spectrogram 1	1	10.333837172	10.334837172	2746.500	6295.800	3937.500	3937.500
54	Spectrogram 1	1	10.334837172	10.335837172	2746.500	6295.800	3937.500	3937.500
55	Spectrogram 1	1	10.335837172	10.336837172	2746.500	6295.800	3937.500	3937.500
56	Spectrogram 1	1	10.336837172	10.337837172	2746.500	6295.800	3937.500	3937.500
57	Spectrogram 1	1	10.337837172	10.338837172	2746.500	6295.800	3937.500	3937.500
58	Spectrogram 1	1	10.338837172	10.339837172	2746.500	6295.800	3843.750	3843.750
59	Spectrogram 1	1	10.339837172	10.340837172	2746.500	6295.800	3843.750	3843.750
60	Spectrogram 1	1	10.340837172	10.341837172	2746.500	6295.800	3843.750	3843.750
61	Spectrogram 1	1	10.341837172	10.342837172	2746.500	6295.800	3843.750	3843.750
62	Spectrogram 1	1	10.342837172	10.343837172	2746.500	6295.800	3843.750	3843.750
63	Spectrogram 1	1	10.343837172	10.344837172	2746.500	6295.800	3750.000	3750.000
64	Spectrogram 1	1	10.344837172	10.345837172	2746.500	6295.800	3750.000	3750.000
65	Spectrogram 1	1	10.345837172	10.346837172	2746.500	6295.800	3750.000	3750.000
66	Spectrogram 1	1	10.346837172	10.347837172	2746.500	6295.800	3750.000	3750.000
67	Spectrogram 1	1	10.347837172	10.348837172	2746.500	6295.800	3750.000	3750.000
68	Spectrogram 1	1	10.348837172	10.349837172	2746.500	6295.800	3562.500	3562.500
69	Spectrogram 1	1	10.349837172	10.350837172	2746.500	6295.800	3562.500	3562.500
70	Spectrogram 1	1	10.350837172	10.351837172	2746.500	6295.800	3562.500	3562.500
71	Spectrogram 1	1	10.351837172	10.352837172	2746.500	6295.800	3562.500	3562.500
72	Spectrogram 1	1	10.352837172	10.353837172	2746.500	6295.800	3562.500	3562.500
73	Spectrogram 1	1	10.353837172	10.354837172	2746.500	6295.800	3562.500	3562.500
74	Spectrogram 1	1	10.354837172	10.355837172	2746.500	6295.800	3656.250	3656.250
75	Spectrogram 1	1	10.355837172	10.356837172	2746.500	6295.800	3656.250	3656.250
76	Spectrogram 1	1	10.356837172	10.357837172	2746.500	6295.800	3656.250	3656.250
77	Spectrogram 1	1	10.357837172	10.358837172	2746.500	6295.800	3656.250	3656.250
78	Spectrogram 1	1	10.358837172	10.359837172	2746.500	6295.800	3656.250	3656.250
79	Spectrogram 1	1	10.359837172	10.360837172	2746.500	6295.800	3750.000	3843.750
80	Spectrogram 1	1	10.360837172	10.361837172	2746.500	6295.800	3750.000	3843.750
81	Spectrogram 1	1	10.361837172	10.362837172	2746.500	6295.800	3750.000	3843.750
82	Spectrogram 1	1	10.362837172	10.363837172	2746.500	6295.800	3750.000	3843.750
83	Spectrogram 1	1	10.363837172	10.364837172	2746.500	6295.800	3750.000	3843.750
84	Spectrogram 1	1	10.364837172	10.365837172	2746.500	6295.800	3750.000	3656.250
85	Spectrogram 1	1	10.365837172	10.366837172	2746.500	6295.800	3750.000	3656.250
86	Spectrogram 1	1	10.366837172	10.367837172	2746.500	6295.800	3750.000	3656.250
87	Spectrogram 1	1	10.367837172	10.368837172	2746.500	6295.800	3750.000	3656.250
88	Spectrogram 1	1	10.368837172	10.369837172	2746.500	6295.800	3750.000	3656.250
89	Spectrogram 1	1	10.369837172	10.370837172	2746.500	6295.800	3750.000	3656.250
90	Spectrogram 1	1	10.370837172	10.371837172	2746.500	6295.800	3843.750	3843.750
91	Spectrogram 1	1	10.371837172	10.372837172	2746.500	6295.800	3843.750	3843.750
92	Spectrogram 1	1	10.372837172	10.373837172	2746.500	6295.800	3843.750	3843.750
93	Spectrogram 1	1	10.373837172	10.374837172	2746.500	6295.800	3843.750	3843.750
94	Spectrogram 1	1	10.374837172	10.375837172	2746.500	6295.800	3843.750	3843.750
95	Spectrogram 1	1	10.375837172	10.376837172	2746.500	6295.800	4031.250	3750.000
96	Spectrogram 1	1	10.376837172	10.377837172	2746.500	6295.800	4031.250	3750.000
97	Spectrogram 1	1	10.377837172	10.378837172	2746.500	6295.800	4031.250	3750.000
98	Spectrogram 1	1	10.378837172	10.379837172	2746.500	6295.800	4031.250	3750.000
99	Spectrogram 1	1	10.379837172	10.380837172	2746.500	6295.800	4031.250	3750.000
100	Spectrogram 1	1	10.380837172	10.381837172	2746.500	6295.800	3843.750	3843.750
101	Spectrogram 1	1	10.381837172	10.382837172	2746.500	6295.800	3843.750	3843.750
102	Spectrogram 1	1	10.382837172	10.383837172	2746.500	6295.800	3843.750	3843.750
103	Spectrogram 1	1	10.383837172	10.384837172	2746.500	6295.800	3843.750	3843.750
104	Spectrogram 1	1	10.384837172	10.385837172	2746.500	6295.800	3843.750	3843.750
105	Spectrogram 1	1	10.385837172	10.386837172	2746.500	6295.800	3843.750	3843.750
106	Spectrogram 1	1	10.386837172	10.387837172	2746.500	6295.800	3937.500	3937.500
107	Spectrogram 1	1	10.387837172	10.388837172	2746.500	6295.800	3937.500	3937.500
108	Spectrogram 1	1	10.388837172	10.389837172	2746.500	6295.800	3937.500	3937.500
109	Spectrogram 1	1	10.389837172	10.390837172	2746.500	6295.800	3937.500	3937.500
110	Spectrogram 1	1	10.390837172	10.391837172	2746.500	6295.800	3937.500	3937.500
111	Spectrogram 1	1	10.391837172	10.392837172	2746.500	6295.800	4031.250	4031.250
112	Spectrogram 1	1	10.392837172	10.393837172	2746.500	6295.800	4031.250	4031.250
113	Spectrogram 1	1	10.393837172	10.394837172	2746.500	6295.800	4031.250	4031.250
114	Spectrogram 1	1	10.394837172	10.395837172	2746.500	6295.800	4031.250	4031.250
115	Spectrogram 1	1	10.395837172	10.396837172	2746.500	6295.800	4031.250	4031.250
116	Spectrogram 1	1	10.396837172	10.397837172	2746.500	6295.800	4031.250	3187.500
117	Spectrogram 1	1	10.397837172	10.398837172	2746.500	6295.800	4031.250	3187.500
118	Spectrogram 1	1	10.398837172	10.399837172	2746.500	6295.800	4031.250	3187.500
119	Spectrogram 1	1	10.399837172	10.400837172	2746.500	6295.800	4031.250	3187.500
120	Spectrogram 1	1	10.400837172	10.401837172	2746.500	6295.800	4031.250	3187.500
121	Spectrogram 1	1	10.401837172	10.402837172	2746.500	6295.800	4031.250	3187.500
122	Spectrogram 1	1	10.402837172	10.403837172	2746.500	6295.800	3281.250	3281.250
123	Spectrogram 1	1	10.403837172	10.404837172	2746.500	6295.800	3281.250	3281.250
124	Spectrogram 1	1	10.404837172	10.405837172	2746.500	6295.800	3281.250	3281.250
125	Spectrogram 1	1	10.405837172	10.406837172	2746.500	6295.800	3281.250	3281.250
126	Spectrogram 1	1	10.406837172	10.407837172	2746.500	6295.800	3281.250	3281.250
127	Spectrogram 1	1	10.407837172	10.408837172	2746.500	6295.800	3281.250	3281.250
128	Spectrogram 1	1	10.408837172	10.409837172	2746.500	6295.800	3281.250	3281.250
129	Spectrogram 1	1	10.409837172	10.410837172	2746.500	6295.800	3281.250	3281.250
130	Spectrogram 1	1	10.410837172	10.411837172	2746.500	6295.800	3281.250	3281.250
131	Spectrogram 1	1	10.411837172	10.412837172	2746.500	6295.800	3281.250	3281.250
132	Spectrogram 1	1	10.412837172	10.413837172	2746.500	6295.800	3281.250	3281.250
133	Spectrogram 1	1	10.413837172	10.414837172	2746.500	6295.800	3281.250	3281.250
134	Spectrogram 1	1	10.414837172	10.415837172	2746.500	6295.800	3281.250	3281.250
135	Spectrogram 1	1	10.415837172	10.416837172	2746.500	6295.800	3281.250	3281.250
136	Spectrogram 1	1	10.416837172	10.417837172	2746.500	6295.800	3281.250	3281.250
137	Spectrogram 1	1	10.417837172	10.418837172	2746.500	6295.800	3281.250	3281.250
138	Spectrogram 1	1	10.418837172	10.419837172	2746.500	6295.800	3281.250	3281.250
139	Spectrogram 1	1	10.419837172	10.420837172	2746.500	6295.800	3281.250	3281.250
140	Spectrogram 1	1	10.420837172	10.421837172	2746.500	6295.800	3281.250	3281.250
141	Spectrogram 1	1	10.421837172	10.422837172	2746.500	6295.800	3281.250	3281.250
142	Spectrogram 1	1	10.422837172	10.423837172	2746.500	6295.800	3281.250	3281.250
143	Spectrogram 1	1	10.423837172	10.424837172	2746.500	6295.800	3750.000	3187.500
144	Spectrogram 1	1	10.424837172	10.425837172	2746.500	6295.800	3750.000	3187.500
145	Spectrogram 1	1	10.425837172	10.426837172	2746.500	6295.800	3750.000	3187.500
146	Spectrogram 1	1	10.426837172	10.427837172	2746.500	6295.800	3750.000	3187.500
147	Spectrogram 1	1	10.427837172	10.428837172	2746.500	6295.800	3750.000	3187.500
148	Spectrogram 1	1	10.428837172	10.429837172	2746.500	6295.800	4125.000	5156.250
149	Spectrogram 1	1	10.429837172	10.430837172	2746.500	6295.800	4125.000	5156.250
150	Spectrogram 1	1	10.430837172	10.431837172	2746.500	6295.800	4125.000	5156.250
151	Spectrogram 1	1	10.431837172	10.432837172	2746.500	6295.800	4125.000	5156.250
152	Spectrogram 1	1	10.432837172	10.433837172	2746.500	6295.800	4125.000	5156.250
153	Spectrogram 1	1	10.433837172	10.434837172	2746.500	6295.800	4125.000	5156.250
154	Spectrogram 1	1	10.434837172	10.435837172	2746.500	6295.800	4875.000	5250.000
155	Spectrogram 1	1	10.435837172	10.436837172	2746.500	6295.800	4875.000	5250.000
156	Spectrogram 1	1	10.436837172	10.437837172	2746.500	6295.800	4875.000	5250.000
157	Spectrogram 1	1	10.437837172	10.438837172	2746.500	6295.800	4875.000	5250.000
158	Spectrogram 1	1	10.438837172	10.439837172	2746.500	6295.800	4875.000	5250.000
159	Spectrogram 1	1	10.439837172	10.440837172	2746.500	6295.800	3468.750	3468.750
160	Spectrogram 1	1	10.440837172	10.441837172	2746.500	6295.800	3468.750	3468.750
161	Spectrogram 1	1	10.441837172	10.442837172	2746.500	6295.800	3468.750	3468.750
162	Spectrogram 1	1	10.442837172	10.443837172	2746.500	6295.800	3468.750	3468.750
163	Spectrogram 1	1	10.443837172	10.444837172	2746.500	6295.800	3468.750	3468.750
164	Spectrogram 1	1	10.444837172	10.445837172	2746.500	6295.800	3937.500	3937.500
165	Spectrogram 1	1	10.445837172	10.446837172	2746.500	6295.800	3937.500	3937.500
166	Spectrogram 1	1	10.446837172	10.447837172	2746.500	6295.800	3937.500	3937.500
167	Spectrogram 1	1	10.447837172	10.448837172	2746.500	6295.800	3937.500	3937.500
168	Spectrogram 1	1	10.448837172	10.449837172	2746.500	6295.800	3937.500	3937.500
169	Spectrogram 1	1	10.449837172	10.450837172	2746.500	6295.800	3937.500	3937.500
170	Spectrogram 1	1	10.450837172	10.451837172	2746.500	6295.800	4406.250	4406.250
171	Spectrogram 1	1	10.451837172	10.452837172	2746.500	6295.800	4406.250	4406.250
172	Spectrogram 1	1	10.452837172	10.453837172	2746.500	6295.800	4406.250	4406.250
173	Spectrogram 1	1	10.453837172	10.454837172	2746.500	6295.800	4406.250	4406.250
174	Spectrogram 1	1	10.454837172	10.455837172	2746.500	6295.800	4406.250	4406.250
175	Spectrogram 1	1	10.455837172	10.456837172	2746.500	6295.800	4687.500	4687.500
176	Spectrogram 1	1	10.456837172	10.457837172	2746.500	6295.800	4687.500	4687.500
177	Spectrogram 1	1	10.457837172	10.458837172	2746.500	6295.800	4687.500	4687.500
178	Spectrogram 1	1	10.458837172	10.459837172	2746.500	6295.800	4687.500	4687.500
179	Spectrogram 1	1	10.459837172	10.460837172	2746.500	6295.800	4687.500	4687.500
180	Spectrogram 1	1	10.460837172	10.461837172	2746.500	6295.800	4781.250	4781.250
181	Spectrogram 1	1	10.461837172	10.462837172	2746.500	6295.800	4781.250	4781.250
182	Spectrogram 1	1	10.462837172	10.463837172	2746.500	6295.800	4781.250	4781.250
183	Spectrogram 1	1	10.463837172	10.464837172	2746.500	6295.800	4781.250	4781.250
184	Spectrogram 1	1	10.464837172	10.465837172	2746.500	6295.800	4781.250	4781.250
185	Spectrogram 1	1	10.465837172	10.466837172	2746.500	6295.800	4781.250	4781.250
186	Spectrogram 1	1	10.466837172	10.467837172	2746.500	6295.800	4781.250	4781.250
187	Spectrogram 1	1	10.467837172	10.468837172	2746.500	6295.800	4781.250	4781.250
188	Spectrogram 1	1	10.468837172	10.469837172	2746.500	6295.800	4781.250	4781.250
189	Spectrogram 1	1	10.469837172	10.470837172	2746.500	6295.800	4781.250	4781.250
190	Spectrogram 1	1	10.470837172	10.471837172	2746.500	6295.800	4781.250	4781.250
191	Spectrogram 1	1	10.471837172	10.472837172	2746.500	6295.800	4781.250	4781.250
192	Spectrogram 1	1	10.472837172	10.473837172	2746.500	6295.800	4781.250	4781.250
193	Spectrogram 1	1	10.473837172	10.474837172	2746.500	6295.800	4781.250	4781.250
194	Spectrogram 1	1	10.474837172	10.475837172	2746.500	6295.800	4781.250	4781.250
195	Spectrogram 1	1	10.475837172	10.476837172	2746.500	6295.800	4781.250	4781.250
196	Spectrogram 1	1	10.476837172	10.477837172	2746.500	6295.800	4875.000	4875.000
197	Spectrogram 1	1	10.477837172	10.478837172	2746.500	6295.800	4875.000	4875.000
198	Spectrogram 1	1	10.478837172	10.479837172	2746.500	6295.800	4875.000	4875.000
199	Spectrogram 1	1	10.479837172	10.480837172	2746.500	6295.800	4875.000	4875.000
200	Spectrogram 1	1	10.480837172	10.481837172	2746.500	6295.800	4875.000	4875.000
201	Spectrogram 1	1	10.481837172	10.482837172	2746.500	6295.800	4875.000	4875.000
202	Spectrogram 1	1	10.482837172	10.483837172	2746.500	6295.800	4875.000	4875.000
203	Spectrogram 1	1	10.483837172	10.484837172	2746.500	6295.800	4875.000	4875.000
204	Spectrogram 1	1	10.484837172	10.485837172	2746.500	6295.800	4875.000	4875.000
205	Spectrogram 1	1	10.485837172	10.486837172	2746.500	6295.800	4875.000	4875.000
206	Spectrogram 1	1	10.486837172	10.487837172	2746.500	6295.800	4875.000	4875.000
207	Spectrogram 1	1	10.487837172	10.488837172	2746.500	6295.800	4968.750	4968.750
208	Spectrogram 1	1	10.488837172	10.489837172	2746.500	6295.800	4968.750	4968.750
209	Spectrogram 1	1	10.489837172	10.490837172	2746.500	6295.800	4968.750	4968.750
210	Spectrogram 1	1	10.490837172	10.491837172	2746.500	6295.800	4968.750	4968.750
211	Spectrogram 1	1	10.491837172	10.492837172	2746.500	6295.800	4968.750	4968.750
212	Spectrogram 1	1	10.492837172	10.493837172	2746.500	6295.800	5062.500	5062.500
213	Spectrogram 1	1	10.493837172	10.494837172	2746.500	6295.800	5062.500	5062.500
214	Spectrogram 1	1	10.494837172	10.495837172	2746.500	6295.800	5062.500	5062.500
215	Spectrogram 1	1	10.495837172	10.496837172	2746.500	6295.800	5062.500	5062.500
216	Spectrogram 1	1	10.496837172	10.497837172	2746.500	6295.800	5062.500	5062.500
217	Spectrogram 1	1	10.497837172	10.498837172	2746.500	6295.800	5062.500	5062.500
218	Spectrogram 1	1	10.498837172	10.499837172	2746.500	6295.800	5250.000	5250.000
219	Spectrogram 1	1	10.499837172	10.500837172	2746.500	6295.800	5250.000	5250.000
220	Spectrogram 1	1	10.500837172	10.501837172	2746.500	6295.800	5250.000	5250.000
221	Spectrogram 1	1	10.501837172	10.502837172	2746.500	6295.800	5250.000	5250.000
222	Spectrogram 1	1	10.502837172	10.503837172	2746.500	6295.800	5250.000	5250.000
223	Spectrogram 1	1	10.503837172	10.504837172	2746.500	6295.800	5437.500	5437.500
224	Spectrogram 1	1	10.504837172	10.505837172	2746.500	6295.800	5437.500	5437.500
225	Spectrogram 1	1	10.505837172	10.506837172	2746.500	6295.800	5437.500	5437.500
226	Spectrogram 1	1	10.506837172	10.507837172	2746.500	6295.800	5437.500	5437.500
227	Spectrogram 1	1	10.507837172	10.508837172	2746.500	6295.800	5437.500	5437.500
228	Spectrogram 1	1	10.508837172	10.509837172	2746.500	6295.800	5718.750	5718.750
229	Spectrogram 1	1	10.509837172	10.510837172	2746.500	6295.800	5718.750	5718.750
230	Spectrogram 1	1	10.510837172	10.511837172	2746.500	6295.800	5718.750	5718.750
231	Spectrogram 1	1	10.511837172	10.512837172	2746.500	6295.800	5718.750	5718.750
232	Spectrogram 1	1	10.512837172	10.513837172	2746.500	6295.800	5718.750	5718.750
233	Spectrogram 1	1	10.513837172	10.514837172	2746.500	6295.800	5718.750	5718.750
234	Spectrogram 1	1	10.514837172	10.515837172	2746.500	6295.800	5812.500	5812.500
235	Spectrogram 1	1	10.515837172	10.516837172	2746.500	6295.800	5812.500	5812.500
236	Spectrogram 1	1	10.516837172	10.517837172	2746.500	6295.800	5812.500	5812.500
237	Spectrogram 1	1	10.517837172	10.518837172	2746.500	6295.800	5812.500	5812.500
238	Spectrogram 1	1	10.518837172	10.519837172	2746.500	6295.800	5812.500	5812.500
239	Spectrogram 1	1	10.519837172	10.520837172	2746.500	6295.800	5531.250	5437.500
240	Spectrogram 1	1	10.520837172	10.521837172	2746.500	6295.800	5531.250	5437.500
241	Spectrogram 1	1	10.521837172	10.522837172	2746.500	6295.800	5531.250	5437.500
242	Spectrogram 1	1	10.522837172	10.523837172	2746.500	6295.800	5531.250	5437.500
243	Spectrogram 1	1	10.523837172	10.524837172	2746.500	6295.800	5531.250	5437.500
244	Spectrogram 1	1	10.524837172	10.525837172	2746.500	6295.800	4781.250	4687.500
245	Spectrogram 1	1	10.525837172	10.526837172	2746.500	6295.800	4781.250	4687.500
246	Spectrogram 1	1	10.526837172	10.527837172	2746.500	6295.800	4781.250	4687.500
247	Spectrogram 1	1	10.527837172	10.528837172	2746.500	6295.800	4781.250	4687.500
248	Spectrogram 1	1	10.528837172	10.529837172	2746.500	6295.800	4781.250	4687.500
249	Spectrogram 1	1	10.529837172	10.530837172	2746.500	6295.800	4781.250	4687.500
250	Spectrogram 1	1	10.530837172	10.531837172	2746.500	6295.800	4406.250	4312.500
251	Spectrogram 1	1	10.531837172	10.532837172	2746.500	6295.800	4406.250	4312.500
252	Spectrogram 1	1	10.532837172	10.533837172	2746.500	6295.800	4406.250	4312.500
253	Spectrogram 1	1	10.533837172	10.534837172	2746.500	6295.800	4406.250	4312.500
254	Spectrogram 1	1	10.534837172	10.535837172	2746.500	6295.800	4406.250	4312.500
255	Spectrogram 1	1	10.535837172	10.536837172	2746.500	6295.800	4125.000	4031.250
256	Spectrogram 1	1	10.536837172	10.537837172	2746.500	6295.800	4125.000	4031.250
257	Spectrogram 1	1	10.537837172	10.538837172	2746.500	6295.800	4125.000	4031.250
258	Spectrogram 1	1	10.538837172	10.539837172	2746.500	6295.800	4125.000	4031.250
259	Spectrogram 1	1	10.539837172	10.540837172	2746.500	6295.800	4125.000	4031.250
260	Spectrogram 1	1	10.540837172	10.541837172	2746.500	6295.800	4312.500	4312.500
261	Spectrogram 1	1	10.541837172	10.542837172	2746.500	6295.800	4312.500	4312.500
262	Spectrogram 1	1	10.542837172	10.543837172	2746.500	6295.800	4312.500	4312.500
263	Spectrogram 1	1	10.543837172	10.544837172	2746.500	6295.800	4312.500	4312.500
264	Spectrogram 1	1	10.544837172	10.545837172	2746.500	6295.800	4312.500	4312.500
265	Spectrogram 1	1	10.545837172	10.546837172	2746.500	6295.800	4312.500	4312.500
266	Spectrogram 1	1	10.546837172	10.547637034	2746.500	6295.800	4781.250	4875.000
