Selection	View	Channel	Begin Time (s)	End Time (s)	Low Freq (Hz)	High Freq (Hz)	Center Freq (Hz)	Peak Freq (Hz)
1	Spectrogram 1	1	35.904358511	35.905358511	2717.000	6478.900	5156.250	5062.500
2	Spectrogram 1	1	35.905358511	35.906358511	2717.000	6478.900	5156.250	5062.500
3	Spectrogram 1	1	35.906358511	35.907358511	2717.000	6478.900	5906.250	5906.250
4	Spectrogram 1	1	35.907358511	35.908358511	2717.000	6478.900	5906.250	5906.250
5	Spectrogram 1	1	35.908358511	35.909358511	2717.000	6478.900	5906.250	5906.250
6	Spectrogram 1	1	35.909358511	35.910358511	2717.000	6478.900	5906.250	5906.250
7	Spectrogram 1	1	35.910358511	35.911358511	2717.000	6478.900	5906.250	5906.250
8	Spectrogram 1	1	35.911358511	35.912358511	2717.000	6478.900	5906.250	5906.250
9	Spectrogram 1	1	35.912358511	35.913358511	2717.000	6478.900	6187.500	6281.250
10	Spectrogram 1	1	35.913358511	35.914358511	2717.000	6478.900	6187.500	6281.250
11	Spectrogram 1	1	35.914358511	35.915358511	2717.000	6478.900	6187.500	6281.250
12	Spectrogram 1	1	35.915358511	35.916358511	2717.000	6478.900	6187.500	6281.250
13	Spectrogram 1	1	35.916358511	35.917358511	2717.000	6478.900	6187.500	6281.250
14	Spectrogram 1	1	35.917358511	35.918358511	2717.000	6478.900	4968.750	4968.750
15	Spectrogram 1	1	35.918358511	35.919358511	2717.000	6478.900	4968.750	4968.750
16	Spectrogram 1	1	35.919358511	35.920358511	2717.000	6478.900	4968.750	4968.750
17	Spectrogram 1	1	35.920358511	35.921358511	2717.000	6478.900	4968.750	4968.750
18	Spectrogram 1	1	35.921358511	35.922358511	2717.000	6478.900	4968.750	4968.750
19	Spectrogram 1	1	35.922358511	35.923358511	2717.000	6478.900	4406.250	4312.500
20	Spectrogram 1	1	35.923358511	35.924358511	2717.000	6478.900	4406.250	4312.500
21	Spectrogram 1	1	35.924358511	35.925358511	2717.000	6478.900	4406.250	4312.500
22	Spectrogram 1	1	35.925358511	35.926358511	2717.000	6478.900	4406.250	4312.500
23	Spectrogram 1	1	35.926358511	35.927358511	2717.000	6478.900	4406.250	4312.500
24	Spectrogram 1	1	35.927358511	35.928358511	2717.000	6478.900	4406.250	4312.500
25	Spectrogram 1	1	35.928358511	35.929358511	2717.000	6478.900	4312.500	4218.750
26	Spectrogram 1	1	35.929358511	35.930358511	2717.000	6478.900	4312.500	4218.750
27	Spectrogram 1	1	35.930358511	35.931358511	2717.000	6478.900	4312.500	4218.750
28	Spectrogram 1	1	35.931358511	35.932358511	2717.000	6478.900	4312.500	4218.750
29	Spectrogram 1	1	35.932358511	35.933358511	2717.000	6478.900	4312.500	4218.750
30	Spectrogram 1	1	35.933358511	35.934358511	2717.000	6478.900	4968.750	4875.000
31	Spectrogram 1	1	35.934358511	35.935358511	2717.000	6478.900	4968.750	4875.000
32	Spectrogram 1	1	35.935358511	35.936358511	2717.000	6478.900	4968.750	4875.000
33	Spectrogram 1	1	35.936358511	35.937358511	2717.000	6478.900	4968.750	4875.000
34	Spectrogram 1	1	35.937358511	35.938358511	2717.000	6478.900	4968.750	4875.000
35	Spectrogram 1	1	35.938358511	35.939358511	2717.000	6478.900	5343.750	5437.500
36	Spectrogram 1	1	35.939358511	35.940358511	2717.000	6478.900	5343.750	5437.500
37	Spectrogram 1	1	35.940358511	35.941358511	2717.000	6478.900	5343.750	5437.500
38	Spectrogram 1	1	35.941358511	35.942358511	2717.000	6478.900	5343.750	5437.500
39	Spectrogram 1	1	35.942358511	35.943358511	2717.000	6478.900	5343.750	5437.500
40	Spectrogram 1	1	35.943358511	35.944358511	2717.000	6478.900	5343.750	5437.500
41	Spectrogram 1	1	35.944358511	35.945358511	2717.000	6478.900	4875.000	4875.000
42	Spectrogram 1	1	35.945358511	35.946358511	2717.000	6478.900	4875.000	4875.000
43	Spectrogram 1	1	35.946358511	35.947358511	2717.000	6478.900	4875.000	4875.000
44	Spectrogram 1	1	35.947358511	35.948358511	2717.000	6478.900	4875.000	4875.000
45	Spectrogram 1	1	35.948358511	35.949358511	2717.000	6478.900	4875.000	4875.000
46	Spectrogram 1	1	35.949358511	35.950358511	2717.000	6478.900	4687.500	4593.750
47	Spectrogram 1	1	35.950358511	35.951358511	2717.000	6478.900	4687.500	4593.750
48	Spectrogram 1	1	35.951358511	35.952358511	2717.000	6478.900	4687.500	4593.750
49	Spectrogram 1	1	35.952358511	35.953358511	2717.000	6478.900	4687.500	4593.750
50	Spectrogram 1	1	35.953358511	35.954358511	2717.000	6478.900	4687.500	4593.750
51	Spectrogram 1	1	35.954358511	35.955358511	2717.000	6478.900	4312.500	4312.500
52	Spectrogram 1	1	35.955358511	35.956358511	2717.000	6478.900	4312.500	4312.500
53	Spectrogram 1	1	35.956358511	35.957358511	2717.000	6478.900	4312.500	4312.500
54	Spectrogram 1	1	35.957358511	35.958358511	2717.000	6478.900	4312.500	4312.500
55	Spectrogram 1	1	35.958358511	35.959358511	2717.000	6478.900	4312.500	4312.500
56	Spectrogram 1	1	35.959358511	35.960358511	2717.000	6478.900	4312.500	4312.500
57	Spectrogram 1	1	35.960358511	35.961358511	2717.000	6478.900	4125.000	4125.000
58	Spectrogram 1	1	35.961358511	35.962358511	2717.000	6478.900	4125.000	4125.000
59	Spectrogram 1	1	35.962358511	35.963358511	2717.000	6478.900	4125.000	4125.000
60	Spectrogram 1	1	35.963358511	35.964358511	2717.000	6478.900	4125.000	4125.000
61	Spectrogram 1	1	35.964358511	35.965358511	2717.000	6478.900	4125.000	4125.000
62	Spectrogram 1	1	35.965358511	35.966358511	2717.000	6478.900	3750.000	3750.000
63	Spectrogram 1	1	35.966358511	35.967358511	2717.000	6478.900	3750.000	3750.000
64	Spectrogram 1	1	35.967358511	35.968358511	2717.000	6478.900	3750.000	3750.000
65	Spectrogram 1	1	35.968358511	35.969358511	2717.000	6478.900	3750.000	3750.000
66	Spectrogram 1	1	35.969358511	35.970358511	2717.000	6478.900	3750.000	3750.000
67	Spectrogram 1	1	35.970358511	35.971358511	2717.000	6478.900	3656.250	3656.250
68	Spectrogram 1	1	35.971358511	35.972358511	2717.000	6478.900	3656.250	3656.250
69	Spectrogram 1	1	35.972358511	35.973358511	2717.000	6478.900	3656.250	3656.250
70	Spectrogram 1	1	35.973358511	35.974358511	2717.000	6478.900	3656.250	3656.250
71	Spectrogram 1	1	35.974358511	35.975358511	2717.000	6478.900	3656.250	3656.250
72	Spectrogram 1	1	35.975358511	35.976358511	2717.000	6478.900	3656.250	3656.250
73	Spectrogram 1	1	35.976358511	35.977358511	2717.000	6478.900	3562.500	3562.500
74	Spectrogram 1	1	35.977358511	35.978358511	2717.000	6478.900	3562.500	3562.500
75	Spectrogram 1	1	35.978358511	35.979358511	2717.000	6478.900	3562.500	3562.500
76	Spectrogram 1	1	35.979358511	35.980358511	2717.000	6478.900	3562.500	3562.500
77	Spectrogram 1	1	35.980358511	35.981358511	2717.000	6478.900	3562.500	3562.500
78	Spectrogram 1	1	35.981358511	35.982358511	2717.000	6478.900	3562.500	3562.500
79	Spectrogram 1	1	35.982358511	35.983358511	2717.000	6478.900	3562.500	3562.500
80	Spectrogram 1	1	35.983358511	35.984358511	2717.000	6478.900	3562.500	3562.500
81	Spectrogram 1	1	35.984358511	35.985358511	2717.000	6478.900	3562.500	3562.500
82	Spectrogram 1	1	35.985358511	35.986358511	2717.000	6478.900	3562.500	3562.500
83	Spectrogram 1	1	35.986358511	35.987358511	2717.000	6478.900	3656.250	3656.250
84	Spectrogram 1	1	35.987358511	35.988358511	2717.000	6478.900	3656.250	3656.250
85	Spectrogram 1	1	35.988358511	35.989358511	2717.000	6478.900	3656.250	3656.250
86	Spectrogram 1	1	35.989358511	35.990358511	2717.000	6478.900	3656.250	3656.250
87	Spectrogram 1	1	35.990358511	35.991358511	2717.000	6478.900	3656.250	3656.250
88	Spectrogram 1	1	35.991358511	35.992358511	2717.000	6478.900	3656.250	3656.250
89	Spectrogram 1	1	35.992358511	35.993358511	2717.000	6478.900	3750.000	3750.000
90	Spectrogram 1	1	35.993358511	35.994358511	2717.000	6478.900	3750.000	3750.000
91	Spectrogram 1	1	35.994358511	35.995358511	2717.000	6478.900	3750.000	3750.000
92	Spectrogram 1	1	35.995358511	35.996358511	2717.000	6478.900	3750.000	3750.000
93	Spectrogram 1	1	35.996358511	35.997358511	2717.000	6478.900	3750.000	3750.000
94	Spectrogram 1	1	35.997358511	35.998358511	2717.000	6478.900	3843.750	3843.750
95	Spectrogram 1	1	35.998358511	35.999358511	2717.000	6478.900	3843.750	3843.750
96	Spectrogram 1	1	35.999358511	36.000358511	2717.000	6478.900	3843.750	3843.750
97	Spectrogram 1	1	36.000358511	36.001358511	2717.000	6478.900	3843.750	3843.750
98	Spectrogram 1	1	36.001358511	36.002358511	2717.000	6478.900	3843.750	3843.750
99	Spectrogram 1	1	36.002358511	36.003358511	2717.000	6478.900	3656.250	3656.250
100	Spectrogram 1	1	36.003358511	36.004358511	2717.000	6478.900	3656.250	3656.250
101	Spectrogram 1	1	36.004358511	36.005358511	2717.000	6478.900	3656.250	3656.250
102	Spectrogram 1	1	36.005358511	36.006358511	2717.000	6478.900	3656.250	3656.250
103	Spectrogram 1	1	36.006358511	36.007358511	2717.000	6478.900	3656.250	3656.250
104	Spectrogram 1	1	36.007358511	36.008358511	2717.000	6478.900	3656.250	3656.250
105	Spectrogram 1	1	36.008358511	36.009358511	2717.000	6478.900	3562.500	3562.500
106	Spectrogram 1	1	36.009358511	36.010358511	2717.000	6478.900	3562.500	3562.500
107	Spectrogram 1	1	36.010358511	36.011358511	2717.000	6478.900	3562.500	3562.500
108	Spectrogram 1	1	36.011358511	36.012358511	2717.000	6478.900	3562.500	3562.500
109	Spectrogram 1	1	36.012358511	36.013358511	2717.000	6478.900	3562.500	3562.500
110	Spectrogram 1	1	36.013358511	36.014358511	2717.000	6478.900	3375.000	3375.000
111	Spectrogram 1	1	36.014358511	36.015358511	2717.000	6478.900	3375.000	3375.000
112	Spectrogram 1	1	36.015358511	36.016358511	2717.000	6478.900	3375.000	3375.000
113	Spectrogram 1	1	36.016358511	36.017358511	2717.000	6478.900	3375.000	3375.000
114	Spectrogram 1	1	36.017358511	36.018358511	2717.000	6478.900	3375.000	3375.000
115	Spectrogram 1	1	36.018358511	36.019358511	2717.000	6478.900	3281.250	3281.250
116	Spectrogram 1	1	36.019358511	36.020358511	2717.000	6478.900	3281.250	3281.250
117	Spectrogram 1	1	36.020358511	36.021358511	2717.000	6478.900	3281.250	3281.250
118	Spectrogram 1	1	36.021358511	36.022358511	2717.000	6478.900	3281.250	3281.250
119	Spectrogram 1	1	36.022358511	36.023358511	2717.000	6478.900	3281.250	3281.250
120	Spectrogram 1	1	36.023358511	36.024358511	2717.000	6478.900	3281.250	3281.250
121	Spectrogram 1	1	36.024358511	36.025358511	2717.000	6478.900	3375.000	3281.250
122	Spectrogram 1	1	36.025358511	36.026358511	2717.000	6478.900	3375.000	3281.250
123	Spectrogram 1	1	36.026358511	36.027358511	2717.000	6478.900	3375.000	3281.250
124	Spectrogram 1	1	36.027358511	36.028358511	2717.000	6478.900	3375.000	3281.250
125	Spectrogram 1	1	36.028358511	36.029358511	2717.000	6478.900	3375.000	3281.250
126	Spectrogram 1	1	36.029358511	36.030358511	2717.000	6478.900	3187.500	3187.500
127	Spectrogram 1	1	36.030358511	36.031358511	2717.000	6478.900	3187.500	3187.500
128	Spectrogram 1	1	36.031358511	36.032358511	2717.000	6478.900	3187.500	3187.500
129	Spectrogram 1	1	36.032358511	36.033358511	2717.000	6478.900	3187.500	3187.500
130	Spectrogram 1	1	36.033358511	36.034358511	2717.000	6478.900	3187.500	3187.500
131	Spectrogram 1	1	36.034358511	36.035358511	2717.000	6478.900	3468.750	3468.750
132	Spectrogram 1	1	36.035358511	36.036358511	2717.000	6478.900	3468.750	3468.750
133	Spectrogram 1	1	36.036358511	36.037358511	2717.000	6478.900	3468.750	3468.750
134	Spectrogram 1	1	36.037358511	36.038358511	2717.000	6478.900	3468.750	3468.750
135	Spectrogram 1	1	36.038358511	36.039358511	2717.000	6478.900	3468.750	3468.750
136	Spectrogram 1	1	36.039358511	36.040358511	2717.000	6478.900	3468.750	3468.750
137	Spectrogram 1	1	36.040358511	36.041358511	2717.000	6478.900	4125.000	4125.000
138	Spectrogram 1	1	36.041358511	36.042358511	2717.000	6478.900	4125.000	4125.000
139	Spectrogram 1	1	36.042358511	36.043358511	2717.000	6478.900	4125.000	4125.000
140	Spectrogram 1	1	36.043358511	36.044358511	2717.000	6478.900	4125.000	4125.000
141	Spectrogram 1	1	36.044358511	36.045358511	2717.000	6478.900	4125.000	4125.000
142	Spectrogram 1	1	36.045358511	36.046358511	2717.000	6478.900	4875.000	4875.000
143	Spectrogram 1	1	36.046358511	36.047358511	2717.000	6478.900	4875.000	4875.000
144	Spectrogram 1	1	36.047358511	36.048358511	2717.000	6478.900	4875.000	4875.000
145	Spectrogram 1	1	36.048358511	36.049358511	2717.000	6478.900	4875.000	4875.000
146	Spectrogram 1	1	36.049358511	36.050358511	2717.000	6478.900	4875.000	4875.000
147	Spectrogram 1	1	36.050358511	36.051358511	2717.000	6478.900	5062.500	5062.500
148	Spectrogram 1	1	36.051358511	36.052358511	2717.000	6478.900	5062.500	5062.500
149	Spectrogram 1	1	36.052358511	36.053358511	2717.000	6478.900	5062.500	5062.500
150	Spectrogram 1	1	36.053358511	36.054358511	2717.000	6478.900	5062.500	5062.500
151	Spectrogram 1	1	36.054358511	36.055358511	2717.000	6478.900	5062.500	5062.500
152	Spectrogram 1	1	36.055358511	36.056358511	2717.000	6478.900	5062.500	5062.500
153	Spectrogram 1	1	36.056358511	36.057358511	2717.000	6478.900	5062.500	5062.500
154	Spectrogram 1	1	36.057358511	36.058358511	2717.000	6478.900	5062.500	5062.500
155	Spectrogram 1	1	36.058358511	36.059358511	2717.000	6478.900	5062.500	5062.500
156	Spectrogram 1	1	36.059358511	36.060358511	2717.000	6478.900	5062.500	5062.500
157	Spectrogram 1	1	36.060358511	36.061358511	2717.000	6478.900	5062.500	5062.500
158	Spectrogram 1	1	36.061358511	36.062358511	2717.000	6478.900	4968.750	4968.750
159	Spectrogram 1	1	36.062358511	36.063358511	2717.000	6478.900	4968.750	4968.750
160	Spectrogram 1	1	36.063358511	36.064358511	2717.000	6478.900	4968.750	4968.750
161	Spectrogram 1	1	36.064358511	36.065358511	2717.000	6478.900	4968.750	4968.750
162	Spectrogram 1	1	36.065358511	36.066358511	2717.000	6478.900	4968.750	4968.750
163	Spectrogram 1	1	36.066358511	36.067358511	2717.000	6478.900	4875.000	4875.000
164	Spectrogram 1	1	36.067358511	36.068358511	2717.000	6478.900	4875.000	4875.000
165	Spectrogram 1	1	36.068358511	36.069358511	2717.000	6478.900	4875.000	4875.000
166	Spectrogram 1	1	36.069358511	36.070358511	2717.000	6478.900	4875.000	4875.000
167	Spectrogram 1	1	36.070358511	36.071358511	2717.000	6478.900	4875.000	4875.000
168	Spectrogram 1	1	36.071358511	36.072358511	2717.000	6478.900	4875.000	4875.000
169	Spectrogram 1	1	36.072358511	36.073358511	2717.000	6478.900	4968.750	4968.750
170	Spectrogram 1	1	36.073358511	36.074358511	2717.000	6478.900	4968.750	4968.750
171	Spectrogram 1	1	36.074358511	36.075358511	2717.000	6478.900	4968.750	4968.750
172	Spectrogram 1	1	36.075358511	36.076358511	2717.000	6478.900	4968.750	4968.750
173	Spectrogram 1	1	36.076358511	36.077358511	2717.000	6478.900	4968.750	4968.750
174	Spectrogram 1	1	36.077358511	36.078358511	2717.000	6478.900	5062.500	5062.500
175	Spectrogram 1	1	36.078358511	36.079358511	2717.000	6478.900	5062.500	5062.500
176	Spectrogram 1	1	36.079358511	36.080358511	2717.000	6478.900	5062.500	5062.500
177	Spectrogram 1	1	36.080358511	36.081358511	2717.000	6478.900	5062.500	5062.500
178	Spectrogram 1	1	36.081358511	36.082358511	2717.000	6478.900	5062.500	5062.500
179	Spectrogram 1	1	36.082358511	36.083358511	2717.000	6478.900	5156.250	5156.250
180	Spectrogram 1	1	36.083358511	36.084358511	2717.000	6478.900	5156.250	5156.250
181	Spectrogram 1	1	36.084358511	36.085358511	2717.000	6478.900	5156.250	5156.250
182	Spectrogram 1	1	36.085358511	36.086358511	2717.000	6478.900	5156.250	5156.250
183	Spectrogram 1	1	36.086358511	36.087358511	2717.000	6478.900	5156.250	5156.250
184	Spectrogram 1	1	36.087358511	36.088358511	2717.000	6478.900	5156.250	5156.250
185	Spectrogram 1	1	36.088358511	36.089358511	2717.000	6478.900	5250.000	5250.000
186	Spectrogram 1	1	36.089358511	36.090358511	2717.000	6478.900	5250.000	5250.000
187	Spectrogram 1	1	36.090358511	36.091358511	2717.000	6478.900	5250.000	5250.000
188	Spectrogram 1	1	36.091358511	36.092358511	2717.000	6478.900	5250.000	5250.000
189	Spectrogram 1	1	36.092358511	36.093358511	2717.000	6478.900	5250.000	5250.000
190	Spectrogram 1	1	36.093358511	36.094358511	2717.000	6478.900	5437.500	5437.500
191	Spectrogram 1	1	36.094358511	36.095358511	2717.000	6478.900	5437.500	5437.500
192	Spectrogram 1	1	36.095358511	36.096358511	2717.000	6478.900	5437.500	5437.500
193	Spectrogram 1	1	36.096358511	36.097358511	2717.000	6478.900	5437.500	5437.500
194	Spectrogram 1	1	36.097358511	36.098358511	2717.000	6478.900	5437.500	5437.500
195	Spectrogram 1	1	36.098358511	36.099358511	2717.000	6478.900	5812.500	5812.500
196	Spectrogram 1	1	36.099358511	36.100358511	2717.000	6478.900	5812.500	5812.500
197	Spectrogram 1	1	36.100358511	36.101358511	2717.000	6478.900	5812.500	5812.500
198	Spectrogram 1	1	36.101358511	36.102358511	2717.000	6478.900	5812.500	5812.500
199	Spectrogram 1	1	36.102358511	36.103358511	2717.000	6478.900	5812.500	5812.500
200	Spectrogram 1	1	36.103358511	36.104358511	2717.000	6478.900	5812.500	5812.500
201	Spectrogram 1	1	36.104358511	36.105358511	2717.000	6478.900	6093.750	6093.750
202	Spectrogram 1	1	36.105358511	36.106358511	2717.000	6478.900	6093.750	6093.750
203	Spectrogram 1	1	36.106358511	36.107358511	2717.000	6478.900	6093.750	6093.750
204	Spectrogram 1	1	36.107358511	36.108358511	2717.000	6478.900	6093.750	6093.750
205	Spectrogram 1	1	36.108358511	36.109358511	2717.000	6478.900	6093.750	6093.750
206	Spectrogram 1	1	36.109358511	36.110358511	2717.000	6478.900	5906.250	6000.000
207	Spectrogram 1	1	36.110358511	36.111358511	2717.000	6478.900	5906.250	6000.000
208	Spectrogram 1	1	36.111358511	36.112358511	2717.000	6478.900	5906.250	6000.000
209	Spectrogram 1	1	36.112358511	36.113358511	2717.000	6478.900	5906.250	6000.000
210	Spectrogram 1	1	36.113358511	36.114358511	2717.000	6478.900	5906.250	6000.000
211	Spectrogram 1	1	36.114358511	36.115358511	2717.000	6478.900	4875.000	4875.000
212	Spectrogram 1	1	36.115358511	36.116358511	2717.000	6478.900	4875.000	4875.000
213	Spectrogram 1	1	36.116358511	36.117358511	2717.000	6478.900	4875.000	4875.000
214	Spectrogram 1	1	36.117358511	36.118358511	2717.000	6478.900	4875.000	4875.000
215	Spectrogram 1	1	36.118358511	36.119358511	2717.000	6478.900	4875.000	4875.000
216	Spectrogram 1	1	36.119358511	36.120358511	2717.000	6478.900	4875.000	4875.000
217	Spectrogram 1	1	36.120358511	36.121358511	2717.000	6478.900	4593.750	4593.750
218	Spectrogram 1	1	36.121358511	36.122358511	2717.000	6478.900	4593.750	4593.750
219	Spectrogram 1	1	36.122358511	36.123358511	2717.000	6478.900	4593.750	4593.750
220	Spectrogram 1	1	36.123358511	36.124358511	2717.000	6478.900	4593.750	4593.750
221	Spectrogram 1	1	36.124358511	36.125358511	2717.000	6478.900	4593.750	4593.750
222	Spectrogram 1	1	36.125358511	36.126358511	2717.000	6478.900	4218.750	4218.750
223	Spectrogram 1	1	36.126358511	36.127358511	2717.000	6478.900	4218.750	4218.750
224	Spectrogram 1	1	36.127358511	36.128358511	2717.000	6478.900	4218.750	4218.750
225	Spectrogram 1	1	36.128358511	36.129358511	2717.000	6478.900	4218.750	4218.750
226	Spectrogram 1	1	36.129358511	36.130358511	2717.000	6478.900	4218.750	4218.750
227	Spectrogram 1	1	36.130358511	36.131358511	2717.000	6478.900	4031.250	4031.250
228	Spectrogram 1	1	36.131358511	36.132358511	2717.000	6478.900	4031.250	4031.250
229	Spectrogram 1	1	36.132358511	36.133358511	2717.000	6478.900	4031.250	4031.250
230	Spectrogram 1	1	36.133358511	36.134358511	2717.000	6478.900	4031.250	4031.250
231	Spectrogram 1	1	36.134358511	36.135358511	2717.000	6478.900	4031.250	4031.250
232	Spectrogram 1	1	36.135358511	36.136358511	2717.000	6478.900	4031.250	4031.250
233	Spectrogram 1	1	36.136358511	36.137358511	2717.000	6478.900	4031.250	4031.250
234	Spectrogram 1	1	36.137358511	36.137696042	2717.000	6478.900	4031.250	4031.250
