Selection	View	Channel	Begin Time (s)	End Time (s)	Low Freq (Hz)	High Freq (Hz)	Center Freq (Hz)	Peak Freq (Hz)
1	Spectrogram 1	1	0.010980433	0.011980433	3012.552	6816.628	6000.000	6000.000
2	Spectrogram 1	1	0.011980433	0.012980433	3012.552	6816.628	6000.000	6000.000
3	Spectrogram 1	1	0.012980433	0.013980433	3012.552	6816.628	5906.250	5906.250
4	Spectrogram 1	1	0.013980433	0.014980433	3012.552	6816.628	5906.250	5906.250
5	Spectrogram 1	1	0.014980433	0.015980433	3012.552	6816.628	5906.250	5906.250
6	Spectrogram 1	1	0.015980433	0.016980433	3012.552	6816.628	5906.250	5906.250
7	Spectrogram 1	1	0.016980433	0.017980433	3012.552	6816.628	5906.250	5906.250
8	Spectrogram 1	1	0.017980433	0.018980433	3012.552	6816.628	5906.250	5906.250
9	Spectrogram 1	1	0.018980433	0.019980433	3012.552	6816.628	4968.750	4968.750
10	Spectrogram 1	1	0.019980433	0.020980433	3012.552	6816.628	4968.750	4968.750
11	Spectrogram 1	1	0.020980433	0.021980433	3012.552	6816.628	4968.750	4968.750
12	Spectrogram 1	1	0.021980433	0.022980433	3012.552	6816.628	4968.750	4968.750
13	Spectrogram 1	1	0.022980433	0.023980433	3012.552	6816.628	4968.750	4968.750
14	Spectrogram 1	1	0.023980433	0.024980433	3012.552	6816.628	5250.000	5250.000
15	Spectrogram 1	1	0.024980433	0.025980433	3012.552	6816.628	5250.000	5250.000
16	Spectrogram 1	1	0.025980433	0.026980433	3012.552	6816.628	5250.000	5250.000
17	Spectrogram 1	1	0.026980433	0.027980433	3012.552	6816.628	5250.000	5250.000
18	Spectrogram 1	1	0.027980433	0.028980433	3012.552	6816.628	5250.000	5250.000
19	Spectrogram 1	1	0.028980433	0.029980433	3012.552	6816.628	5812.500	5906.250
20	Spectrogram 1	1	0.029980433	0.030980433	3012.552	6816.628	5812.500	5906.250
21	Spectrogram 1	1	0.030980433	0.031980433	3012.552	6816.628	5812.500	5906.250
22	Spectrogram 1	1	0.031980433	0.032980433	3012.552	6816.628	5812.500	5906.250
23	Spectrogram 1	1	0.032980433	0.033980433	3012.552	6816.628	5812.500	5906.250
24	Spectrogram 1	1	0.033980433	0.034980433	3012.552	6816.628	5812.500	5906.250
25	Spectrogram 1	1	0.034980433	0.035980433	3012.552	6816.628	6187.500	6187.500
26	Spectrogram 1	1	0.035980433	0.036980433	3012.552	6816.628	6187.500	6187.500
27	Spectrogram 1	1	0.036980433	0.037980433	3012.552	6816.628	6187.500	6187.500
28	Spectrogram 1	1	0.037980433	0.038980433	3012.552	6816.628	6187.500	6187.500
29	Spectrogram 1	1	0.038980433	0.039980433	3012.552	6816.628	6187.500	6187.500
30	Spectrogram 1	1	0.039980433	0.040980433	3012.552	6816.628	5906.250	5906.250
31	Spectrogram 1	1	0.040980433	0.041980433	3012.552	6816.628	5906.250	5906.250
32	Spectrogram 1	1	0.041980433	0.042980433	3012.552	6816.628	5906.250	5906.250
33	Spectrogram 1	1	0.042980433	0.043980433	3012.552	6816.628	5906.250	5906.250
34	Spectrogram 1	1	0.043980433	0.044980433	3012.552	6816.628	5906.250	5906.250
35	Spectrogram 1	1	0.044980433	0.045980433	3012.552	6816.628	5437.500	5437.500
36	Spectrogram 1	1	0.045980433	0.046980433	3012.552	6816.628	5437.500	5437.500
37	Spectrogram 1	1	0.046980433	0.047980433	3012.552	6816.628	5437.500	5437.500
38	Spectrogram 1	1	0.047980433	0.048980433	3012.552	6816.628	5437.500	5437.500
39	Spectrogram 1	1	0.048980433	0.049980433	3012.552	6816.628	5437.500	5437.500
40	Spectrogram 1	1	0.049980433	0.050980433	3012.552	6816.628	5437.500	5437.500
41	Spectrogram 1	1	0.050980433	0.051980433	3012.552	6816.628	5062.500	5062.500
42	Spectrogram 1	1	0.051980433	0.052980433	3012.552	6816.628	5062.500	5062.500
43	Spectrogram 1	1	0.052980433	0.053980433	3012.552	6816.628	5062.500	5062.500
44	Spectrogram 1	1	0.053980433	0.054980433	3012.552	6816.628	5062.500	5062.500
45	Spectrogram 1	1	0.054980433	0.055980433	3012.552	6816.628	5062.500	5062.500
46	Spectrogram 1	1	0.055980433	0.056980433	3012.552	6816.628	4781.250	4781.250
47	Spectrogram 1	1	0.056980433	0.057980433	3012.552	6816.628	4781.250	4781.250
48	Spectrogram 1	1	0.057980433	0.058980433	3012.552	6816.628	4781.250	4781.250
49	Spectrogram 1	1	0.058980433	0.059980433	3012.552	6816.628	4781.250	4781.250
50	Spectrogram 1	1	0.059980433	0.060980433	3012.552	6816.628	4781.250	4781.250
51	Spectrogram 1	1	0.060980433	0.061980433	3012.552	6816.628	4406.250	4406.250
52	Spectrogram 1	1	0.061980433	0.062980433	3012.552	6816.628	4406.250	4406.250
53	Spectrogram 1	1	0.062980433	0.063980433	3012.552	6816.628	4406.250	4406.250
54	Spectrogram 1	1	0.063980433	0.064980433	3012.552	6816.628	4406.250	4406.250
55	Spectrogram 1	1	0.064980433	0.065980433	3012.552	6816.628	4406.250	4406.250
56	Spectrogram 1	1	0.065980433	0.066980433	3012.552	6816.628	4406.250	4406.250
57	Spectrogram 1	1	0.066980433	0.067980433	3012.552	6816.628	4218.750	4218.750
58	Spectrogram 1	1	0.067980433	0.068980433	3012.552	6816.628	4218.750	4218.750
59	Spectrogram 1	1	0.068980433	0.069980433	3012.552	6816.628	4218.750	4218.750
60	Spectrogram 1	1	0.069980433	0.070980433	3012.552	6816.628	4218.750	4218.750
61	Spectrogram 1	1	0.070980433	0.071980433	3012.552	6816.628	4218.750	4218.750
62	Spectrogram 1	1	0.071980433	0.072980433	3012.552	6816.628	4125.000	4125.000
63	Spectrogram 1	1	0.072980433	0.073980433	3012.552	6816.628	4125.000	4125.000
64	Spectrogram 1	1	0.073980433	0.074980433	3012.552	6816.628	4125.000	4125.000
65	Spectrogram 1	1	0.074980433	0.075980433	3012.552	6816.628	4125.000	4125.000
66	Spectrogram 1	1	0.075980433	0.076980433	3012.552	6816.628	4125.000	4125.000
67	Spectrogram 1	1	0.076980433	0.077980433	3012.552	6816.628	4218.750	3843.750
68	Spectrogram 1	1	0.077980433	0.078980433	3012.552	6816.628	4218.750	3843.750
69	Spectrogram 1	1	0.078980433	0.079980433	3012.552	6816.628	4218.750	3843.750
70	Spectrogram 1	1	0.079980433	0.080980433	3012.552	6816.628	4218.750	3843.750
71	Spectrogram 1	1	0.080980433	0.081980433	3012.552	6816.628	4218.750	3843.750
72	Spectrogram 1	1	0.081980433	0.082980433	3012.552	6816.628	4218.750	3843.750
73	Spectrogram 1	1	0.082980433	0.083980433	3012.552	6816.628	4031.250	3937.500
74	Spectrogram 1	1	0.083980433	0.084980433	3012.552	6816.628	4031.250	3937.500
75	Spectrogram 1	1	0.084980433	0.085980433	3012.552	6816.628	4031.250	3937.500
76	Spectrogram 1	1	0.085980433	0.086980433	3012.552	6816.628	4031.250	3937.500
77	Spectrogram 1	1	0.086980433	0.087980433	3012.552	6816.628	4031.250	3937.500
78	Spectrogram 1	1	0.087980433	0.088980433	3012.552	6816.628	4125.000	3843.750
79	Spectrogram 1	1	0.088980433	0.089980433	3012.552	6816.628	4125.000	3843.750
80	Spectrogram 1	1	0.089980433	0.090980433	3012.552	6816.628	4125.000	3843.750
81	Spectrogram 1	1	0.090980433	0.091980433	3012.552	6816.628	4125.000	3843.750
82	Spectrogram 1	1	0.091980433	0.092980433	3012.552	6816.628	4125.000	3843.750
83	Spectrogram 1	1	0.092980433	0.093980433	3012.552	6816.628	4125.000	4031.250
84	Spectrogram 1	1	0.093980433	0.094980433	3012.552	6816.628	4125.000	4031.250
85	Spectrogram 1	1	0.094980433	0.095980433	3012.552	6816.628	4125.000	4031.250
86	Spectrogram 1	1	0.095980433	0.096980433	3012.552	6816.628	4125.000	4031.250
87	Spectrogram 1	1	0.096980433	0.097980433	3012.552	6816.628	4125.000	4031.250
88	Spectrogram 1	1	0.097980433	0.098980433	3012.552	6816.628	4125.000	4031.250
89	Spectrogram 1	1	0.098980433	0.099980433	3012.552	6816.628	4031.250	3937.500
90	Spectrogram 1	1	0.099980433	0.100980433	3012.552	6816.628	4031.250	3937.500
91	Spectrogram 1	1	0.100980433	0.101980433	3012.552	6816.628	4031.250	3937.500
92	Spectrogram 1	1	0.101980433	0.102980433	3012.552	6816.628	4031.250	3937.500
93	Spectrogram 1	1	0.102980433	0.103980433	3012.552	6816.628	4031.250	3937.500
94	Spectrogram 1	1	0.103980433	0.104980433	3012.552	6816.628	3843.750	3843.750
95	Spectrogram 1	1	0.104980433	0.105980433	3012.552	6816.628	3843.750	3843.750
96	Spectrogram 1	1	0.105980433	0.106980433	3012.552	6816.628	3843.750	3843.750
97	Spectrogram 1	1	0.106980433	0.107980433	3012.552	6816.628	3843.750	3843.750
98	Spectrogram 1	1	0.107980433	0.108980433	3012.552	6816.628	3843.750	3843.750
99	Spectrogram 1	1	0.108980433	0.109980433	3012.552	6816.628	3656.250	3656.250
100	Spectrogram 1	1	0.109980433	0.110980433	3012.552	6816.628	3656.250	3656.250
101	Spectrogram 1	1	0.110980433	0.111980433	3012.552	6816.628	3656.250	3656.250
102	Spectrogram 1	1	0.111980433	0.112980433	3012.552	6816.628	3656.250	3656.250
103	Spectrogram 1	1	0.112980433	0.113980433	3012.552	6816.628	3656.250	3656.250
104	Spectrogram 1	1	0.113980433	0.114980433	3012.552	6816.628	3656.250	3656.250
105	Spectrogram 1	1	0.114980433	0.115980433	3012.552	6816.628	3562.500	3562.500
106	Spectrogram 1	1	0.115980433	0.116980433	3012.552	6816.628	3562.500	3562.500
107	Spectrogram 1	1	0.116980433	0.117980433	3012.552	6816.628	3562.500	3562.500
108	Spectrogram 1	1	0.117980433	0.118980433	3012.552	6816.628	3562.500	3562.500
109	Spectrogram 1	1	0.118980433	0.119980433	3012.552	6816.628	3562.500	3562.500
110	Spectrogram 1	1	0.119980433	0.120980433	3012.552	6816.628	3468.750	3375.000
111	Spectrogram 1	1	0.120980433	0.121980433	3012.552	6816.628	3468.750	3375.000
112	Spectrogram 1	1	0.121980433	0.122980433	3012.552	6816.628	3468.750	3375.000
113	Spectrogram 1	1	0.122980433	0.123980433	3012.552	6816.628	3468.750	3375.000
114	Spectrogram 1	1	0.123980433	0.124980433	3012.552	6816.628	3468.750	3375.000
115	Spectrogram 1	1	0.124980433	0.125980433	3012.552	6816.628	3562.500	3281.250
116	Spectrogram 1	1	0.125980433	0.126980433	3012.552	6816.628	3562.500	3281.250
117	Spectrogram 1	1	0.126980433	0.127980433	3012.552	6816.628	3562.500	3281.250
118	Spectrogram 1	1	0.127980433	0.128980433	3012.552	6816.628	3562.500	3281.250
119	Spectrogram 1	1	0.128980433	0.129980433	3012.552	6816.628	3562.500	3281.250
120	Spectrogram 1	1	0.129980433	0.130980433	3012.552	6816.628	3562.500	3281.250
121	Spectrogram 1	1	0.130980433	0.131980433	3012.552	6816.628	4781.250	4781.250
122	Spectrogram 1	1	0.131980433	0.132980433	3012.552	6816.628	4781.250	4781.250
123	Spectrogram 1	1	0.132980433	0.133980433	3012.552	6816.628	4781.250	4781.250
124	Spectrogram 1	1	0.133980433	0.134980433	3012.552	6816.628	4781.250	4781.250
125	Spectrogram 1	1	0.134980433	0.135980433	3012.552	6816.628	4781.250	4781.250
126	Spectrogram 1	1	0.135980433	0.136980433	3012.552	6816.628	4781.250	4781.250
127	Spectrogram 1	1	0.136980433	0.137980433	3012.552	6816.628	4781.250	4781.250
128	Spectrogram 1	1	0.137980433	0.138980433	3012.552	6816.628	4781.250	4781.250
129	Spectrogram 1	1	0.138980433	0.139980433	3012.552	6816.628	4781.250	4781.250
130	Spectrogram 1	1	0.139980433	0.140980433	3012.552	6816.628	4781.250	4781.250
131	Spectrogram 1	1	0.140980433	0.141980433	3012.552	6816.628	4687.500	4875.000
132	Spectrogram 1	1	0.141980433	0.142980433	3012.552	6816.628	4687.500	4875.000
133	Spectrogram 1	1	0.142980433	0.143980433	3012.552	6816.628	4687.500	4875.000
134	Spectrogram 1	1	0.143980433	0.144980433	3012.552	6816.628	4687.500	4875.000
135	Spectrogram 1	1	0.144980433	0.145980433	3012.552	6816.628	4687.500	4875.000
136	Spectrogram 1	1	0.145980433	0.146980433	3012.552	6816.628	4687.500	4875.000
137	Spectrogram 1	1	0.146980433	0.147980433	3012.552	6816.628	5250.000	5250.000
138	Spectrogram 1	1	0.147980433	0.148980433	3012.552	6816.628	5250.000	5250.000
139	Spectrogram 1	1	0.148980433	0.149980433	3012.552	6816.628	5250.000	5250.000
140	Spectrogram 1	1	0.149980433	0.150980433	3012.552	6816.628	5250.000	5250.000
141	Spectrogram 1	1	0.150980433	0.151980433	3012.552	6816.628	5250.000	5250.000
142	Spectrogram 1	1	0.151980433	0.152980433	3012.552	6816.628	5343.750	5343.750
143	Spectrogram 1	1	0.152980433	0.153980433	3012.552	6816.628	5343.750	5343.750
144	Spectrogram 1	1	0.153980433	0.154980433	3012.552	6816.628	5343.750	5343.750
145	Spectrogram 1	1	0.154980433	0.155980433	3012.552	6816.628	5343.750	5343.750
146	Spectrogram 1	1	0.155980433	0.156980433	3012.552	6816.628	5343.750	5343.750
147	Spectrogram 1	1	0.156980433	0.157980433	3012.552	6816.628	5343.750	5343.750
148	Spectrogram 1	1	0.157980433	0.158980433	3012.552	6816.628	5343.750	5343.750
149	Spectrogram 1	1	0.158980433	0.159980433	3012.552	6816.628	5343.750	5343.750
150	Spectrogram 1	1	0.159980433	0.160980433	3012.552	6816.628	5343.750	5343.750
151	Spectrogram 1	1	0.160980433	0.161980433	3012.552	6816.628	5343.750	5343.750
152	Spectrogram 1	1	0.161980433	0.162980433	3012.552	6816.628	5343.750	5343.750
153	Spectrogram 1	1	0.162980433	0.163980433	3012.552	6816.628	5250.000	5250.000
154	Spectrogram 1	1	0.163980433	0.164980433	3012.552	6816.628	5250.000	5250.000
155	Spectrogram 1	1	0.164980433	0.165980433	3012.552	6816.628	5250.000	5250.000
156	Spectrogram 1	1	0.165980433	0.166980433	3012.552	6816.628	5250.000	5250.000
157	Spectrogram 1	1	0.166980433	0.167980433	3012.552	6816.628	5250.000	5250.000
158	Spectrogram 1	1	0.167980433	0.168980433	3012.552	6816.628	5250.000	5250.000
159	Spectrogram 1	1	0.168980433	0.169980433	3012.552	6816.628	5250.000	5250.000
160	Spectrogram 1	1	0.169980433	0.170980433	3012.552	6816.628	5250.000	5250.000
161	Spectrogram 1	1	0.170980433	0.171980433	3012.552	6816.628	5250.000	5250.000
162	Spectrogram 1	1	0.171980433	0.172980433	3012.552	6816.628	5250.000	5250.000
163	Spectrogram 1	1	0.172980433	0.173980433	3012.552	6816.628	5343.750	5343.750
164	Spectrogram 1	1	0.173980433	0.174980433	3012.552	6816.628	5343.750	5343.750
165	Spectrogram 1	1	0.174980433	0.175980433	3012.552	6816.628	5343.750	5343.750
166	Spectrogram 1	1	0.175980433	0.176980433	3012.552	6816.628	5343.750	5343.750
167	Spectrogram 1	1	0.176980433	0.177980433	3012.552	6816.628	5343.750	5343.750
168	Spectrogram 1	1	0.177980433	0.178980433	3012.552	6816.628	5343.750	5343.750
169	Spectrogram 1	1	0.178980433	0.179980433	3012.552	6816.628	5531.250	5531.250
170	Spectrogram 1	1	0.179980433	0.180980433	3012.552	6816.628	5531.250	5531.250
171	Spectrogram 1	1	0.180980433	0.181980433	3012.552	6816.628	5531.250	5531.250
172	Spectrogram 1	1	0.181980433	0.182980433	3012.552	6816.628	5531.250	5531.250
173	Spectrogram 1	1	0.182980433	0.183980433	3012.552	6816.628	5531.250	5531.250
174	Spectrogram 1	1	0.183980433	0.184980433	3012.552	6816.628	5812.500	5812.500
175	Spectrogram 1	1	0.184980433	0.185980433	3012.552	6816.628	5812.500	5812.500
176	Spectrogram 1	1	0.185980433	0.186980433	3012.552	6816.628	5812.500	5812.500
177	Spectrogram 1	1	0.186980433	0.187980433	3012.552	6816.628	5812.500	5812.500
178	Spectrogram 1	1	0.187980433	0.188980433	3012.552	6816.628	5812.500	5812.500
179	Spectrogram 1	1	0.188980433	0.189980433	3012.552	6816.628	6187.500	6187.500
180	Spectrogram 1	1	0.189980433	0.190980433	3012.552	6816.628	6187.500	6187.500
181	Spectrogram 1	1	0.190980433	0.191980433	3012.552	6816.628	6187.500	6187.500
182	Spectrogram 1	1	0.191980433	0.192980433	3012.552	6816.628	6187.500	6187.500
183	Spectrogram 1	1	0.192980433	0.193980433	3012.552	6816.628	6187.500	6187.500
184	Spectrogram 1	1	0.193980433	0.194980433	3012.552	6816.628	6187.500	6187.500
185	Spectrogram 1	1	0.194980433	0.195980433	3012.552	6816.628	6468.750	6468.750
186	Spectrogram 1	1	0.195980433	0.196980433	3012.552	6816.628	6468.750	6468.750
187	Spectrogram 1	1	0.196980433	0.197980433	3012.552	6816.628	6468.750	6468.750
188	Spectrogram 1	1	0.197980433	0.198980433	3012.552	6816.628	6468.750	6468.750
189	Spectrogram 1	1	0.198980433	0.199980433	3012.552	6816.628	6468.750	6468.750
190	Spectrogram 1	1	0.199980433	0.200980433	3012.552	6816.628	6468.750	6468.750
191	Spectrogram 1	1	0.200980433	0.201980433	3012.552	6816.628	6468.750	6468.750
192	Spectrogram 1	1	0.201980433	0.202980433	3012.552	6816.628	6468.750	6468.750
193	Spectrogram 1	1	0.202980433	0.203980433	3012.552	6816.628	6468.750	6468.750
194	Spectrogram 1	1	0.203980433	0.204980433	3012.552	6816.628	6468.750	6468.750
195	Spectrogram 1	1	0.204980433	0.205980433	3012.552	6816.628	6281.250	6375.000
196	Spectrogram 1	1	0.205980433	0.206980433	3012.552	6816.628	6281.250	6375.000
197	Spectrogram 1	1	0.206980433	0.207980433	3012.552	6816.628	6281.250	6375.000
198	Spectrogram 1	1	0.207980433	0.208980433	3012.552	6816.628	6281.250	6375.000
199	Spectrogram 1	1	0.208980433	0.209980433	3012.552	6816.628	6281.250	6375.000
200	Spectrogram 1	1	0.209980433	0.210980433	3012.552	6816.628	6281.250	6375.000
201	Spectrogram 1	1	0.210980433	0.211980433	3012.552	6816.628	5531.250	5250.000
202	Spectrogram 1	1	0.211980433	0.212980433	3012.552	6816.628	5531.250	5250.000
203	Spectrogram 1	1	0.212980433	0.213980433	3012.552	6816.628	5531.250	5250.000
204	Spectrogram 1	1	0.213980433	0.214980433	3012.552	6816.628	5531.250	5250.000
205	Spectrogram 1	1	0.214980433	0.215980433	3012.552	6816.628	5531.250	5250.000
206	Spectrogram 1	1	0.215980433	0.216980433	3012.552	6816.628	6375.000	6375.000
207	Spectrogram 1	1	0.216980433	0.217980433	3012.552	6816.628	6375.000	6375.000
208	Spectrogram 1	1	0.217980433	0.218980433	3012.552	6816.628	6375.000	6375.000
209	Spectrogram 1	1	0.218980433	0.219980433	3012.552	6816.628	6375.000	6375.000
210	Spectrogram 1	1	0.219980433	0.220980433	3012.552	6816.628	6375.000	6375.000
211	Spectrogram 1	1	0.220980433	0.221055296	3012.552	6816.628	6375.000	6375.000
