Selection	View	Channel	Begin Time (s)	End Time (s)	Low Freq (Hz)	High Freq (Hz)	Center Freq (Hz)	Peak Freq (Hz)
1	Spectrogram 1	2	2.267062546	2.268060278	3175.926	6406.773	4392.773	4392.773
2	Spectrogram 1	2	2.268060278	2.269058011	3175.926	6406.773	4392.773	4392.773
3	Spectrogram 1	2	2.269058011	2.270055743	3175.926	6406.773	4392.773	4392.773
4	Spectrogram 1	2	2.270055743	2.271053476	3175.926	6406.773	4392.773	4392.773
5	Spectrogram 1	2	2.271053476	2.272051208	3175.926	6406.773	4392.773	4392.773
6	Spectrogram 1	2	2.272051208	2.273048941	3175.926	6406.773	4392.773	4392.773
7	Spectrogram 1	2	2.273048941	2.274046673	3175.926	6406.773	4995.703	4995.703
8	Spectrogram 1	2	2.274046673	2.275044405	3175.926	6406.773	4995.703	4995.703
9	Spectrogram 1	2	2.275044405	2.276042138	3175.926	6406.773	4995.703	4995.703
10	Spectrogram 1	2	2.276042138	2.277039870	3175.926	6406.773	4995.703	4995.703
11	Spectrogram 1	2	2.277039870	2.278037603	3175.926	6406.773	4995.703	4995.703
12	Spectrogram 1	2	2.278037603	2.279035335	3175.926	6406.773	5426.367	5426.367
13	Spectrogram 1	2	2.279035335	2.280033068	3175.926	6406.773	5426.367	5426.367
14	Spectrogram 1	2	2.280033068	2.281030800	3175.926	6406.773	5426.367	5426.367
15	Spectrogram 1	2	2.281030800	2.282028532	3175.926	6406.773	5426.367	5426.367
16	Spectrogram 1	2	2.282028532	2.283026265	3175.926	6406.773	5426.367	5426.367
17	Spectrogram 1	2	2.283026265	2.284023997	3175.926	6406.773	5426.367	5426.367
18	Spectrogram 1	2	2.284023997	2.285021730	3175.926	6406.773	5598.633	5598.633
19	Spectrogram 1	2	2.285021730	2.286019462	3175.926	6406.773	5598.633	5598.633
20	Spectrogram 1	2	2.286019462	2.287017195	3175.926	6406.773	5598.633	5598.633
21	Spectrogram 1	2	2.287017195	2.288014927	3175.926	6406.773	5598.633	5598.633
22	Spectrogram 1	2	2.288014927	2.289012659	3175.926	6406.773	5598.633	5598.633
23	Spectrogram 1	2	2.289012659	2.290010392	3175.926	6406.773	5598.633	5598.633
24	Spectrogram 1	2	2.290010392	2.291008124	3175.926	6406.773	5512.500	5426.367
25	Spectrogram 1	2	2.291008124	2.292005857	3175.926	6406.773	5512.500	5426.367
26	Spectrogram 1	2	2.292005857	2.293003589	3175.926	6406.773	5512.500	5426.367
27	Spectrogram 1	2	2.293003589	2.294001322	3175.926	6406.773	5512.500	5426.367
28	Spectrogram 1	2	2.294001322	2.294999054	3175.926	6406.773	5512.500	5426.367
29	Spectrogram 1	2	2.294999054	2.295996786	3175.926	6406.773	5512.500	5426.367
30	Spectrogram 1	2	2.295996786	2.296994519	3175.926	6406.773	5081.836	5081.836
31	Spectrogram 1	2	2.296994519	2.297992251	3175.926	6406.773	5081.836	5081.836
32	Spectrogram 1	2	2.297992251	2.298989984	3175.926	6406.773	5081.836	5081.836
33	Spectrogram 1	2	2.298989984	2.299987716	3175.926	6406.773	5081.836	5081.836
34	Spectrogram 1	2	2.299987716	2.300985448	3175.926	6406.773	5081.836	5081.836
35	Spectrogram 1	2	2.300985448	2.301983181	3175.926	6406.773	5081.836	5081.836
36	Spectrogram 1	2	2.301983181	2.302980913	3175.926	6406.773	5254.102	5512.500
37	Spectrogram 1	2	2.302980913	2.303978646	3175.926	6406.773	5254.102	5512.500
38	Spectrogram 1	2	2.303978646	2.304976378	3175.926	6406.773	5254.102	5512.500
39	Spectrogram 1	2	2.304976378	2.305974111	3175.926	6406.773	5254.102	5512.500
40	Spectrogram 1	2	2.305974111	2.306971843	3175.926	6406.773	5254.102	5512.500
41	Spectrogram 1	2	2.306971843	2.307969575	3175.926	6406.773	5254.102	5512.500
42	Spectrogram 1	2	2.307969575	2.308967308	3175.926	6406.773	4392.773	4392.773
43	Spectrogram 1	2	2.308967308	2.309965040	3175.926	6406.773	4392.773	4392.773
44	Spectrogram 1	2	2.309965040	2.310962773	3175.926	6406.773	4392.773	4392.773
45	Spectrogram 1	2	2.310962773	2.311960505	3175.926	6406.773	4392.773	4392.773
46	Spectrogram 1	2	2.311960505	2.312958238	3175.926	6406.773	4392.773	4392.773
47	Spectrogram 1	2	2.312958238	2.313955970	3175.926	6406.773	4220.508	4220.508
48	Spectrogram 1	2	2.313955970	2.314953702	3175.926	6406.773	4220.508	4220.508
49	Spectrogram 1	2	2.314953702	2.315951435	3175.926	6406.773	4220.508	4220.508
50	Spectrogram 1	2	2.315951435	2.316949167	3175.926	6406.773	4220.508	4220.508
51	Spectrogram 1	2	2.316949167	2.317946900	3175.926	6406.773	4220.508	4220.508
52	Spectrogram 1	2	2.317946900	2.318944632	3175.926	6406.773	4220.508	4220.508
53	Spectrogram 1	2	2.318944632	2.319942365	3175.926	6406.773	3962.109	3962.109
54	Spectrogram 1	2	2.319942365	2.320940097	3175.926	6406.773	3962.109	3962.109
55	Spectrogram 1	2	2.320940097	2.321937829	3175.926	6406.773	3962.109	3962.109
56	Spectrogram 1	2	2.321937829	2.322935562	3175.926	6406.773	3962.109	3962.109
57	Spectrogram 1	2	2.322935562	2.323933294	3175.926	6406.773	3962.109	3962.109
58	Spectrogram 1	2	2.323933294	2.324931027	3175.926	6406.773	3962.109	3962.109
59	Spectrogram 1	2	2.324931027	2.325928759	3175.926	6406.773	3962.109	3703.711
60	Spectrogram 1	2	2.325928759	2.326926492	3175.926	6406.773	3962.109	3703.711
61	Spectrogram 1	2	2.326926492	2.327924224	3175.926	6406.773	3962.109	3703.711
62	Spectrogram 1	2	2.327924224	2.328921956	3175.926	6406.773	3962.109	3703.711
63	Spectrogram 1	2	2.328921956	2.329919689	3175.926	6406.773	3962.109	3703.711
64	Spectrogram 1	2	2.329919689	2.330917421	3175.926	6406.773	3962.109	3703.711
65	Spectrogram 1	2	2.330917421	2.331915154	3175.926	6406.773	4737.305	5254.102
66	Spectrogram 1	2	2.331915154	2.332912886	3175.926	6406.773	4737.305	5254.102
67	Spectrogram 1	2	2.332912886	2.333910619	3175.926	6406.773	4737.305	5254.102
68	Spectrogram 1	2	2.333910619	2.334908351	3175.926	6406.773	4737.305	5254.102
69	Spectrogram 1	2	2.334908351	2.335906083	3175.926	6406.773	4737.305	5254.102
70	Spectrogram 1	2	2.335906083	2.336903816	3175.926	6406.773	4737.305	5254.102
71	Spectrogram 1	2	2.336903816	2.337901548	3175.926	6406.773	4306.641	4306.641
72	Spectrogram 1	2	2.337901548	2.338899281	3175.926	6406.773	4306.641	4306.641
73	Spectrogram 1	2	2.338899281	2.339897013	3175.926	6406.773	4306.641	4306.641
74	Spectrogram 1	2	2.339897013	2.340894746	3175.926	6406.773	4306.641	4306.641
75	Spectrogram 1	2	2.340894746	2.341892478	3175.926	6406.773	4306.641	4306.641
76	Spectrogram 1	2	2.341892478	2.342890210	3175.926	6406.773	4306.641	4220.508
77	Spectrogram 1	2	2.342890210	2.343887943	3175.926	6406.773	4306.641	4220.508
78	Spectrogram 1	2	2.343887943	2.344885675	3175.926	6406.773	4306.641	4220.508
79	Spectrogram 1	2	2.344885675	2.345883408	3175.926	6406.773	4306.641	4220.508
80	Spectrogram 1	2	2.345883408	2.346881140	3175.926	6406.773	4306.641	4220.508
81	Spectrogram 1	2	2.346881140	2.347878873	3175.926	6406.773	4306.641	4220.508
82	Spectrogram 1	2	2.347878873	2.348876605	3175.926	6406.773	4220.508	4392.773
83	Spectrogram 1	2	2.348876605	2.349874337	3175.926	6406.773	4220.508	4392.773
84	Spectrogram 1	2	2.349874337	2.350872070	3175.926	6406.773	4220.508	4392.773
85	Spectrogram 1	2	2.350872070	2.351869802	3175.926	6406.773	4220.508	4392.773
86	Spectrogram 1	2	2.351869802	2.352867535	3175.926	6406.773	4220.508	4392.773
87	Spectrogram 1	2	2.352867535	2.353865267	3175.926	6406.773	4220.508	4392.773
88	Spectrogram 1	2	2.353865267	2.354863000	3175.926	6406.773	3617.578	3531.445
89	Spectrogram 1	2	2.354863000	2.355860732	3175.926	6406.773	3617.578	3531.445
90	Spectrogram 1	2	2.355860732	2.356858464	3175.926	6406.773	3617.578	3531.445
91	Spectrogram 1	2	2.356858464	2.357856197	3175.926	6406.773	3617.578	3531.445
92	Spectrogram 1	2	2.357856197	2.358853929	3175.926	6406.773	3617.578	3531.445
93	Spectrogram 1	2	2.358853929	2.359851662	3175.926	6406.773	3617.578	3531.445
94	Spectrogram 1	2	2.359851662	2.360849394	3175.926	6406.773	3531.445	3531.445
95	Spectrogram 1	2	2.360849394	2.361847126	3175.926	6406.773	3531.445	3531.445
96	Spectrogram 1	2	2.361847126	2.362844859	3175.926	6406.773	3531.445	3531.445
97	Spectrogram 1	2	2.362844859	2.363842591	3175.926	6406.773	3531.445	3531.445
98	Spectrogram 1	2	2.363842591	2.364840324	3175.926	6406.773	3531.445	3531.445
99	Spectrogram 1	2	2.364840324	2.365838056	3175.926	6406.773	3531.445	3531.445
100	Spectrogram 1	2	2.365838056	2.366835789	3175.926	6406.773	3531.445	3531.445
101	Spectrogram 1	2	2.366835789	2.367833521	3175.926	6406.773	3531.445	3531.445
102	Spectrogram 1	2	2.367833521	2.368831253	3175.926	6406.773	3531.445	3531.445
103	Spectrogram 1	2	2.368831253	2.369828986	3175.926	6406.773	3531.445	3531.445
104	Spectrogram 1	2	2.369828986	2.370826718	3175.926	6406.773	3531.445	3531.445
105	Spectrogram 1	2	2.370826718	2.371824451	3175.926	6406.773	3531.445	3531.445
106	Spectrogram 1	2	2.371824451	2.372822183	3175.926	6406.773	3531.445	3531.445
107	Spectrogram 1	2	2.372822183	2.373819916	3175.926	6406.773	3531.445	3531.445
108	Spectrogram 1	2	2.373819916	2.374817648	3175.926	6406.773	3531.445	3531.445
109	Spectrogram 1	2	2.374817648	2.375815380	3175.926	6406.773	3531.445	3531.445
110	Spectrogram 1	2	2.375815380	2.376813113	3175.926	6406.773	3531.445	3531.445
111	Spectrogram 1	2	2.376813113	2.377810845	3175.926	6406.773	3531.445	3531.445
112	Spectrogram 1	2	2.377810845	2.378808578	3175.926	6406.773	3531.445	3531.445
113	Spectrogram 1	2	2.378808578	2.379806310	3175.926	6406.773	3531.445	3531.445
114	Spectrogram 1	2	2.379806310	2.380804043	3175.926	6406.773	3531.445	3531.445
115	Spectrogram 1	2	2.380804043	2.381801775	3175.926	6406.773	3531.445	3531.445
116	Spectrogram 1	2	2.381801775	2.382799507	3175.926	6406.773	3531.445	3531.445
117	Spectrogram 1	2	2.382799507	2.383797240	3175.926	6406.773	3359.180	3359.180
118	Spectrogram 1	2	2.383797240	2.384794972	3175.926	6406.773	3359.180	3359.180
119	Spectrogram 1	2	2.384794972	2.385792705	3175.926	6406.773	3359.180	3359.180
120	Spectrogram 1	2	2.385792705	2.386790437	3175.926	6406.773	3359.180	3359.180
121	Spectrogram 1	2	2.386790437	2.387788170	3175.926	6406.773	3359.180	3359.180
122	Spectrogram 1	2	2.387788170	2.388785902	3175.926	6406.773	3359.180	3359.180
123	Spectrogram 1	2	2.388785902	2.389783634	3175.926	6406.773	3445.312	3273.047
124	Spectrogram 1	2	2.389783634	2.390781367	3175.926	6406.773	3445.312	3273.047
125	Spectrogram 1	2	2.390781367	2.391779099	3175.926	6406.773	3445.312	3273.047
126	Spectrogram 1	2	2.391779099	2.392776832	3175.926	6406.773	3445.312	3273.047
127	Spectrogram 1	2	2.392776832	2.393774564	3175.926	6406.773	3445.312	3273.047
128	Spectrogram 1	2	2.393774564	2.394772297	3175.926	6406.773	3445.312	3273.047
129	Spectrogram 1	2	2.394772297	2.395770029	3175.926	6406.773	4220.508	3359.180
130	Spectrogram 1	2	2.395770029	2.396767761	3175.926	6406.773	4220.508	3359.180
131	Spectrogram 1	2	2.396767761	2.397765494	3175.926	6406.773	4220.508	3359.180
132	Spectrogram 1	2	2.397765494	2.398763226	3175.926	6406.773	4220.508	3359.180
133	Spectrogram 1	2	2.398763226	2.399760959	3175.926	6406.773	4220.508	3359.180
134	Spectrogram 1	2	2.399760959	2.400758691	3175.926	6406.773	4220.508	3359.180
135	Spectrogram 1	2	2.400758691	2.401756424	3175.926	6406.773	3962.109	3962.109
136	Spectrogram 1	2	2.401756424	2.402754156	3175.926	6406.773	3962.109	3962.109
137	Spectrogram 1	2	2.402754156	2.403751888	3175.926	6406.773	3962.109	3962.109
138	Spectrogram 1	2	2.403751888	2.404749621	3175.926	6406.773	3962.109	3962.109
139	Spectrogram 1	2	2.404749621	2.405747353	3175.926	6406.773	3962.109	3962.109
140	Spectrogram 1	2	2.405747353	2.406745086	3175.926	6406.773	4306.641	4392.773
141	Spectrogram 1	2	2.406745086	2.407742818	3175.926	6406.773	4306.641	4392.773
142	Spectrogram 1	2	2.407742818	2.408740551	3175.926	6406.773	4306.641	4392.773
143	Spectrogram 1	2	2.408740551	2.409738283	3175.926	6406.773	4306.641	4392.773
144	Spectrogram 1	2	2.409738283	2.410736015	3175.926	6406.773	4306.641	4392.773
145	Spectrogram 1	2	2.410736015	2.411733748	3175.926	6406.773	4306.641	4392.773
146	Spectrogram 1	2	2.411733748	2.412731480	3175.926	6406.773	5167.969	5167.969
147	Spectrogram 1	2	2.412731480	2.413729213	3175.926	6406.773	5167.969	5167.969
148	Spectrogram 1	2	2.413729213	2.414726945	3175.926	6406.773	5167.969	5167.969
149	Spectrogram 1	2	2.414726945	2.415724678	3175.926	6406.773	5167.969	5167.969
150	Spectrogram 1	2	2.415724678	2.416722410	3175.926	6406.773	5167.969	5167.969
151	Spectrogram 1	2	2.416722410	2.417720142	3175.926	6406.773	5167.969	5167.969
152	Spectrogram 1	2	2.417720142	2.418717875	3175.926	6406.773	5167.969	5167.969
153	Spectrogram 1	2	2.418717875	2.419715607	3175.926	6406.773	5167.969	5167.969
154	Spectrogram 1	2	2.419715607	2.420713340	3175.926	6406.773	5167.969	5167.969
155	Spectrogram 1	2	2.420713340	2.421711072	3175.926	6406.773	5167.969	5167.969
156	Spectrogram 1	2	2.421711072	2.422708805	3175.926	6406.773	5167.969	5167.969
157	Spectrogram 1	2	2.422708805	2.423706537	3175.926	6406.773	5167.969	5167.969
158	Spectrogram 1	2	2.423706537	2.424704269	3175.926	6406.773	4995.703	5081.836
159	Spectrogram 1	2	2.424704269	2.425702002	3175.926	6406.773	4995.703	5081.836
160	Spectrogram 1	2	2.425702002	2.426699734	3175.926	6406.773	4995.703	5081.836
161	Spectrogram 1	2	2.426699734	2.427697467	3175.926	6406.773	4995.703	5081.836
162	Spectrogram 1	2	2.427697467	2.428695199	3175.926	6406.773	4995.703	5081.836
163	Spectrogram 1	2	2.428695199	2.429692931	3175.926	6406.773	4995.703	5081.836
164	Spectrogram 1	2	2.429692931	2.430690664	3175.926	6406.773	4823.438	4823.438
165	Spectrogram 1	2	2.430690664	2.431688396	3175.926	6406.773	4823.438	4823.438
166	Spectrogram 1	2	2.431688396	2.432686129	3175.926	6406.773	4823.438	4823.438
167	Spectrogram 1	2	2.432686129	2.433683861	3175.926	6406.773	4823.438	4823.438
168	Spectrogram 1	2	2.433683861	2.434681594	3175.926	6406.773	4823.438	4823.438
169	Spectrogram 1	2	2.434681594	2.435679326	3175.926	6406.773	4823.438	4823.438
170	Spectrogram 1	2	2.435679326	2.436677058	3175.926	6406.773	4823.438	4823.438
171	Spectrogram 1	2	2.436677058	2.437674791	3175.926	6406.773	4823.438	4823.438
172	Spectrogram 1	2	2.437674791	2.438672523	3175.926	6406.773	4823.438	4823.438
173	Spectrogram 1	2	2.438672523	2.439670256	3175.926	6406.773	4823.438	4823.438
174	Spectrogram 1	2	2.439670256	2.440667988	3175.926	6406.773	4823.438	4823.438
175	Spectrogram 1	2	2.440667988	2.441665721	3175.926	6406.773	4909.570	4823.438
176	Spectrogram 1	2	2.441665721	2.442663453	3175.926	6406.773	4909.570	4823.438
177	Spectrogram 1	2	2.442663453	2.443661185	3175.926	6406.773	4909.570	4823.438
178	Spectrogram 1	2	2.443661185	2.444658918	3175.926	6406.773	4909.570	4823.438
179	Spectrogram 1	2	2.444658918	2.445656650	3175.926	6406.773	4909.570	4823.438
180	Spectrogram 1	2	2.445656650	2.446654383	3175.926	6406.773	4909.570	4823.438
181	Spectrogram 1	2	2.446654383	2.447652115	3175.926	6406.773	4995.703	4995.703
182	Spectrogram 1	2	2.447652115	2.448649848	3175.926	6406.773	4995.703	4995.703
183	Spectrogram 1	2	2.448649848	2.449647580	3175.926	6406.773	4995.703	4995.703
184	Spectrogram 1	2	2.449647580	2.450645312	3175.926	6406.773	4995.703	4995.703
185	Spectrogram 1	2	2.450645312	2.451643045	3175.926	6406.773	4995.703	4995.703
186	Spectrogram 1	2	2.451643045	2.452640777	3175.926	6406.773	4995.703	4995.703
187	Spectrogram 1	2	2.452640777	2.453638510	3175.926	6406.773	5167.969	5167.969
188	Spectrogram 1	2	2.453638510	2.454636242	3175.926	6406.773	5167.969	5167.969
189	Spectrogram 1	2	2.454636242	2.455633975	3175.926	6406.773	5167.969	5167.969
190	Spectrogram 1	2	2.455633975	2.456631707	3175.926	6406.773	5167.969	5167.969
191	Spectrogram 1	2	2.456631707	2.457629439	3175.926	6406.773	5167.969	5167.969
192	Spectrogram 1	2	2.457629439	2.458627172	3175.926	6406.773	5167.969	5167.969
193	Spectrogram 1	2	2.458627172	2.459624904	3175.926	6406.773	5426.367	5426.367
194	Spectrogram 1	2	2.459624904	2.460622637	3175.926	6406.773	5426.367	5426.367
195	Spectrogram 1	2	2.460622637	2.461620369	3175.926	6406.773	5426.367	5426.367
196	Spectrogram 1	2	2.461620369	2.462618102	3175.926	6406.773	5426.367	5426.367
197	Spectrogram 1	2	2.462618102	2.463615834	3175.926	6406.773	5426.367	5426.367
198	Spectrogram 1	2	2.463615834	2.464613566	3175.926	6406.773	5426.367	5426.367
199	Spectrogram 1	2	2.464613566	2.465611299	3175.926	6406.773	5598.633	5684.766
200	Spectrogram 1	2	2.465611299	2.466609031	3175.926	6406.773	5598.633	5684.766
201	Spectrogram 1	2	2.466609031	2.467606764	3175.926	6406.773	5598.633	5684.766
202	Spectrogram 1	2	2.467606764	2.468604496	3175.926	6406.773	5598.633	5684.766
203	Spectrogram 1	2	2.468604496	2.469602229	3175.926	6406.773	5598.633	5684.766
204	Spectrogram 1	2	2.469602229	2.470599961	3175.926	6406.773	5943.164	6115.430
205	Spectrogram 1	2	2.470599961	2.471597693	3175.926	6406.773	5943.164	6115.430
206	Spectrogram 1	2	2.471597693	2.472595426	3175.926	6406.773	5943.164	6115.430
207	Spectrogram 1	2	2.472595426	2.473593158	3175.926	6406.773	5943.164	6115.430
208	Spectrogram 1	2	2.473593158	2.474590891	3175.926	6406.773	5943.164	6115.430
209	Spectrogram 1	2	2.474590891	2.475588623	3175.926	6406.773	5943.164	6115.430
210	Spectrogram 1	2	2.475588623	2.476586356	3175.926	6406.773	5512.500	5426.367
211	Spectrogram 1	2	2.476586356	2.477584088	3175.926	6406.773	5512.500	5426.367
212	Spectrogram 1	2	2.477584088	2.478581820	3175.926	6406.773	5512.500	5426.367
213	Spectrogram 1	2	2.478581820	2.479579553	3175.926	6406.773	5512.500	5426.367
214	Spectrogram 1	2	2.479579553	2.480577285	3175.926	6406.773	5512.500	5426.367
215	Spectrogram 1	2	2.480577285	2.481575018	3175.926	6406.773	5512.500	5426.367
216	Spectrogram 1	2	2.481575018	2.482572750	3175.926	6406.773	5081.836	5081.836
217	Spectrogram 1	2	2.482572750	2.483570483	3175.926	6406.773	5081.836	5081.836
218	Spectrogram 1	2	2.483570483	2.484568215	3175.926	6406.773	5081.836	5081.836
219	Spectrogram 1	2	2.484568215	2.485565947	3175.926	6406.773	5081.836	5081.836
220	Spectrogram 1	2	2.485565947	2.486563680	3175.926	6406.773	5081.836	5081.836
221	Spectrogram 1	2	2.486563680	2.487561412	3175.926	6406.773	5081.836	5081.836
222	Spectrogram 1	2	2.487561412	2.488559145	3175.926	6406.773	4823.438	4392.773
223	Spectrogram 1	2	2.488559145	2.489556877	3175.926	6406.773	4823.438	4392.773
224	Spectrogram 1	2	2.489556877	2.490554609	3175.926	6406.773	4823.438	4392.773
225	Spectrogram 1	2	2.490554609	2.491552342	3175.926	6406.773	4823.438	4392.773
226	Spectrogram 1	2	2.491552342	2.492550074	3175.926	6406.773	4823.438	4392.773
227	Spectrogram 1	2	2.492550074	2.493547807	3175.926	6406.773	4823.438	4392.773
228	Spectrogram 1	2	2.493547807	2.494545539	3175.926	6406.773	4306.641	4134.375
229	Spectrogram 1	2	2.494545539	2.495543272	3175.926	6406.773	4306.641	4134.375
230	Spectrogram 1	2	2.495543272	2.496541004	3175.926	6406.773	4306.641	4134.375
231	Spectrogram 1	2	2.496541004	2.497538736	3175.926	6406.773	4306.641	4134.375
232	Spectrogram 1	2	2.497538736	2.498536469	3175.926	6406.773	4306.641	4134.375
233	Spectrogram 1	2	2.498536469	2.499534201	3175.926	6406.773	4306.641	4134.375
234	Spectrogram 1	2	2.499534201	2.500531934	3175.926	6406.773	5512.500	5684.766
235	Spectrogram 1	2	2.500531934	2.501529666	3175.926	6406.773	5512.500	5684.766
236	Spectrogram 1	2	2.501529666	2.502527399	3175.926	6406.773	5512.500	5684.766
237	Spectrogram 1	2	2.502527399	2.502600000	3175.926	6406.773	5512.500	5684.766
