Selection	View	Channel	Begin Time (s)	End Time (s)	Low Freq (Hz)	High Freq (Hz)	Center Freq (Hz)	Peak Freq (Hz)
1	Spectrogram 1	1	28.801602464	28.802602464	3115.369	6788.225	4687.500	4312.500
2	Spectrogram 1	1	28.802602464	28.803602464	3115.369	6788.225	5906.250	5906.250
3	Spectrogram 1	1	28.803602464	28.804602464	3115.369	6788.225	5906.250	5906.250
4	Spectrogram 1	1	28.804602464	28.805602464	3115.369	6788.225	5906.250	5906.250
5	Spectrogram 1	1	28.805602464	28.806602464	3115.369	6788.225	5906.250	5906.250
6	Spectrogram 1	1	28.806602464	28.807602464	3115.369	6788.225	5906.250	5906.250
7	Spectrogram 1	1	28.807602464	28.808602464	3115.369	6788.225	5906.250	6000.000
8	Spectrogram 1	1	28.808602464	28.809602464	3115.369	6788.225	5906.250	6000.000
9	Spectrogram 1	1	28.809602464	28.810602464	3115.369	6788.225	5906.250	6000.000
10	Spectrogram 1	1	28.810602464	28.811602464	3115.369	6788.225	5906.250	6000.000
11	Spectrogram 1	1	28.811602464	28.812602464	3115.369	6788.225	5906.250	6000.000
12	Spectrogram 1	1	28.812602464	28.813602464	3115.369	6788.225	5906.250	6000.000
13	Spectrogram 1	1	28.813602464	28.814602464	3115.369	6788.225	4875.000	4781.250
14	Spectrogram 1	1	28.814602464	28.815602464	3115.369	6788.225	4875.000	4781.250
15	Spectrogram 1	1	28.815602464	28.816602464	3115.369	6788.225	4875.000	4781.250
16	Spectrogram 1	1	28.816602464	28.817602464	3115.369	6788.225	4875.000	4781.250
17	Spectrogram 1	1	28.817602464	28.818602464	3115.369	6788.225	4875.000	4781.250
18	Spectrogram 1	1	28.818602464	28.819602464	3115.369	6788.225	5343.750	5437.500
19	Spectrogram 1	1	28.819602464	28.820602464	3115.369	6788.225	5343.750	5437.500
20	Spectrogram 1	1	28.820602464	28.821602464	3115.369	6788.225	5343.750	5437.500
21	Spectrogram 1	1	28.821602464	28.822602464	3115.369	6788.225	5343.750	5437.500
22	Spectrogram 1	1	28.822602464	28.823602464	3115.369	6788.225	5343.750	5437.500
23	Spectrogram 1	1	28.823602464	28.824602464	3115.369	6788.225	5812.500	5812.500
24	Spectrogram 1	1	28.824602464	28.825602464	3115.369	6788.225	5812.500	5812.500
25	Spectrogram 1	1	28.825602464	28.826602464	3115.369	6788.225	5812.500	5812.500
26	Spectrogram 1	1	28.826602464	28.827602464	3115.369	6788.225	5812.500	5812.500
27	Spectrogram 1	1	28.827602464	28.828602464	3115.369	6788.225	5812.500	5812.500
28	Spectrogram 1	1	28.828602464	28.829602464	3115.369	6788.225	5812.500	5812.500
29	Spectrogram 1	1	28.829602464	28.830602464	3115.369	6788.225	6000.000	6000.000
30	Spectrogram 1	1	28.830602464	28.831602464	3115.369	6788.225	6000.000	6000.000
31	Spectrogram 1	1	28.831602464	28.832602464	3115.369	6788.225	6000.000	6000.000
32	Spectrogram 1	1	28.832602464	28.833602464	3115.369	6788.225	6000.000	6000.000
33	Spectrogram 1	1	28.833602464	28.834602464	3115.369	6788.225	6000.000	6000.000
34	Spectrogram 1	1	28.834602464	28.835602464	3115.369	6788.225	5625.000	5625.000
35	Spectrogram 1	1	28.835602464	28.836602464	3115.369	6788.225	5625.000	5625.000
36	Spectrogram 1	1	28.836602464	28.837602464	3115.369	6788.225	5625.000	5625.000
37	Spectrogram 1	1	28.837602464	28.838602464	3115.369	6788.225	5625.000	5625.000
38	Spectrogram 1	1	28.838602464	28.839602464	3115.369	6788.225	5625.000	5625.000
39	Spectrogram 1	1	28.839602464	28.840602464	3115.369	6788.225	5156.250	5062.500
40	Spectrogram 1	1	28.840602464	28.841602464	3115.369	6788.225	5156.250	5062.500
41	Spectrogram 1	1	28.841602464	28.842602464	3115.369	6788.225	5156.250	5062.500
42	Spectrogram 1	1	28.842602464	28.843602464	3115.369	6788.225	5156.250	5062.500
43	Spectrogram 1	1	28.843602464	28.844602464	3115.369	6788.225	5156.250	5062.500
44	Spectrogram 1	1	28.844602464	28.845602464	3115.369	6788.225	5156.250	5062.500
45	Spectrogram 1	1	28.845602464	28.846602464	3115.369	6788.225	4687.500	4687.500
46	Spectrogram 1	1	28.846602464	28.847602464	3115.369	6788.225	4687.500	4687.500
47	Spectrogram 1	1	28.847602464	28.848602464	3115.369	6788.225	4687.500	4687.500
48	Spectrogram 1	1	28.848602464	28.849602464	3115.369	6788.225	4687.500	4687.500
49	Spectrogram 1	1	28.849602464	28.850602464	3115.369	6788.225	4687.500	4687.500
50	Spectrogram 1	1	28.850602464	28.851602464	3115.369	6788.225	4218.750	4218.750
51	Spectrogram 1	1	28.851602464	28.852602464	3115.369	6788.225	4218.750	4218.750
52	Spectrogram 1	1	28.852602464	28.853602464	3115.369	6788.225	4218.750	4218.750
53	Spectrogram 1	1	28.853602464	28.854602464	3115.369	6788.225	4218.750	4218.750
54	Spectrogram 1	1	28.854602464	28.855602464	3115.369	6788.225	4218.750	4218.750
55	Spectrogram 1	1	28.855602464	28.856602464	3115.369	6788.225	3750.000	3750.000
56	Spectrogram 1	1	28.856602464	28.857602464	3115.369	6788.225	3750.000	3750.000
57	Spectrogram 1	1	28.857602464	28.858602464	3115.369	6788.225	3750.000	3750.000
58	Spectrogram 1	1	28.858602464	28.859602464	3115.369	6788.225	3750.000	3750.000
59	Spectrogram 1	1	28.859602464	28.860602464	3115.369	6788.225	3750.000	3750.000
60	Spectrogram 1	1	28.860602464	28.861602464	3115.369	6788.225	3750.000	3750.000
61	Spectrogram 1	1	28.861602464	28.862602464	3115.369	6788.225	3375.000	3375.000
62	Spectrogram 1	1	28.862602464	28.863602464	3115.369	6788.225	3375.000	3375.000
63	Spectrogram 1	1	28.863602464	28.864602464	3115.369	6788.225	3375.000	3375.000
64	Spectrogram 1	1	28.864602464	28.865602464	3115.369	6788.225	3375.000	3375.000
65	Spectrogram 1	1	28.865602464	28.866602464	3115.369	6788.225	3375.000	3375.000
66	Spectrogram 1	1	28.866602464	28.867602464	3115.369	6788.225	3656.250	3656.250
67	Spectrogram 1	1	28.867602464	28.868602464	3115.369	6788.225	3656.250	3656.250
68	Spectrogram 1	1	28.868602464	28.869602464	3115.369	6788.225	3656.250	3656.250
69	Spectrogram 1	1	28.869602464	28.870602464	3115.369	6788.225	3656.250	3656.250
70	Spectrogram 1	1	28.870602464	28.871602464	3115.369	6788.225	3656.250	3656.250
71	Spectrogram 1	1	28.871602464	28.872602464	3115.369	6788.225	3843.750	3843.750
72	Spectrogram 1	1	28.872602464	28.873602464	3115.369	6788.225	3843.750	3843.750
73	Spectrogram 1	1	28.873602464	28.874602464	3115.369	6788.225	3843.750	3843.750
74	Spectrogram 1	1	28.874602464	28.875602464	3115.369	6788.225	3843.750	3843.750
75	Spectrogram 1	1	28.875602464	28.876602464	3115.369	6788.225	3843.750	3843.750
76	Spectrogram 1	1	28.876602464	28.877602464	3115.369	6788.225	3843.750	3843.750
77	Spectrogram 1	1	28.877602464	28.878602464	3115.369	6788.225	3843.750	3843.750
78	Spectrogram 1	1	28.878602464	28.879602464	3115.369	6788.225	3843.750	3843.750
79	Spectrogram 1	1	28.879602464	28.880602464	3115.369	6788.225	3843.750	3843.750
80	Spectrogram 1	1	28.880602464	28.881602464	3115.369	6788.225	3843.750	3843.750
81	Spectrogram 1	1	28.881602464	28.882602464	3115.369	6788.225	3843.750	3843.750
82	Spectrogram 1	1	28.882602464	28.883602464	3115.369	6788.225	3937.500	3937.500
83	Spectrogram 1	1	28.883602464	28.884602464	3115.369	6788.225	3937.500	3937.500
84	Spectrogram 1	1	28.884602464	28.885602464	3115.369	6788.225	3937.500	3937.500
85	Spectrogram 1	1	28.885602464	28.886602464	3115.369	6788.225	3937.500	3937.500
86	Spectrogram 1	1	28.886602464	28.887602464	3115.369	6788.225	3937.500	3937.500
87	Spectrogram 1	1	28.887602464	28.888602464	3115.369	6788.225	3937.500	3937.500
88	Spectrogram 1	1	28.888602464	28.889602464	3115.369	6788.225	3937.500	3937.500
89	Spectrogram 1	1	28.889602464	28.890602464	3115.369	6788.225	3937.500	3937.500
90	Spectrogram 1	1	28.890602464	28.891602464	3115.369	6788.225	3937.500	3937.500
91	Spectrogram 1	1	28.891602464	28.892602464	3115.369	6788.225	3937.500	3937.500
92	Spectrogram 1	1	28.892602464	28.893602464	3115.369	6788.225	3937.500	3937.500
93	Spectrogram 1	1	28.893602464	28.894602464	3115.369	6788.225	3843.750	3843.750
94	Spectrogram 1	1	28.894602464	28.895602464	3115.369	6788.225	3843.750	3843.750
95	Spectrogram 1	1	28.895602464	28.896602464	3115.369	6788.225	3843.750	3843.750
96	Spectrogram 1	1	28.896602464	28.897602464	3115.369	6788.225	3843.750	3843.750
97	Spectrogram 1	1	28.897602464	28.898602464	3115.369	6788.225	3843.750	3843.750
98	Spectrogram 1	1	28.898602464	28.899602464	3115.369	6788.225	3750.000	3750.000
99	Spectrogram 1	1	28.899602464	28.900602464	3115.369	6788.225	3750.000	3750.000
100	Spectrogram 1	1	28.900602464	28.901602464	3115.369	6788.225	3750.000	3750.000
101	Spectrogram 1	1	28.901602464	28.902602464	3115.369	6788.225	3750.000	3750.000
102	Spectrogram 1	1	28.902602464	28.903602464	3115.369	6788.225	3750.000	3750.000
103	Spectrogram 1	1	28.903602464	28.904602464	3115.369	6788.225	3656.250	3656.250
104	Spectrogram 1	1	28.904602464	28.905602464	3115.369	6788.225	3656.250	3656.250
105	Spectrogram 1	1	28.905602464	28.906602464	3115.369	6788.225	3656.250	3656.250
106	Spectrogram 1	1	28.906602464	28.907602464	3115.369	6788.225	3656.250	3656.250
107	Spectrogram 1	1	28.907602464	28.908602464	3115.369	6788.225	3656.250	3656.250
108	Spectrogram 1	1	28.908602464	28.909602464	3115.369	6788.225	3656.250	3656.250
109	Spectrogram 1	1	28.909602464	28.910602464	3115.369	6788.225	3468.750	3468.750
110	Spectrogram 1	1	28.910602464	28.911602464	3115.369	6788.225	3468.750	3468.750
111	Spectrogram 1	1	28.911602464	28.912602464	3115.369	6788.225	3468.750	3468.750
112	Spectrogram 1	1	28.912602464	28.913602464	3115.369	6788.225	3468.750	3468.750
113	Spectrogram 1	1	28.913602464	28.914602464	3115.369	6788.225	3468.750	3468.750
114	Spectrogram 1	1	28.914602464	28.915602464	3115.369	6788.225	3375.000	3375.000
115	Spectrogram 1	1	28.915602464	28.916602464	3115.369	6788.225	3375.000	3375.000
116	Spectrogram 1	1	28.916602464	28.917602464	3115.369	6788.225	3375.000	3375.000
117	Spectrogram 1	1	28.917602464	28.918602464	3115.369	6788.225	3375.000	3375.000
118	Spectrogram 1	1	28.918602464	28.919602464	3115.369	6788.225	3375.000	3375.000
119	Spectrogram 1	1	28.919602464	28.920602464	3115.369	6788.225	3375.000	3375.000
120	Spectrogram 1	1	28.920602464	28.921602464	3115.369	6788.225	3375.000	3375.000
121	Spectrogram 1	1	28.921602464	28.922602464	3115.369	6788.225	3375.000	3375.000
122	Spectrogram 1	1	28.922602464	28.923602464	3115.369	6788.225	3375.000	3375.000
123	Spectrogram 1	1	28.923602464	28.924602464	3115.369	6788.225	3375.000	3375.000
124	Spectrogram 1	1	28.924602464	28.925602464	3115.369	6788.225	3375.000	3375.000
125	Spectrogram 1	1	28.925602464	28.926602464	3115.369	6788.225	4218.750	4218.750
126	Spectrogram 1	1	28.926602464	28.927602464	3115.369	6788.225	4218.750	4218.750
127	Spectrogram 1	1	28.927602464	28.928602464	3115.369	6788.225	4218.750	4218.750
128	Spectrogram 1	1	28.928602464	28.929602464	3115.369	6788.225	4218.750	4218.750
129	Spectrogram 1	1	28.929602464	28.930602464	3115.369	6788.225	4218.750	4218.750
130	Spectrogram 1	1	28.930602464	28.931602464	3115.369	6788.225	4781.250	4968.750
131	Spectrogram 1	1	28.931602464	28.932602464	3115.369	6788.225	4781.250	4968.750
132	Spectrogram 1	1	28.932602464	28.933602464	3115.369	6788.225	4781.250	4968.750
133	Spectrogram 1	1	28.933602464	28.934602464	3115.369	6788.225	4781.250	4968.750
134	Spectrogram 1	1	28.934602464	28.935602464	3115.369	6788.225	4781.250	4968.750
135	Spectrogram 1	1	28.935602464	28.936602464	3115.369	6788.225	5343.750	5437.500
136	Spectrogram 1	1	28.936602464	28.937602464	3115.369	6788.225	5343.750	5437.500
137	Spectrogram 1	1	28.937602464	28.938602464	3115.369	6788.225	5343.750	5437.500
138	Spectrogram 1	1	28.938602464	28.939602464	3115.369	6788.225	5343.750	5437.500
139	Spectrogram 1	1	28.939602464	28.940602464	3115.369	6788.225	5343.750	5437.500
140	Spectrogram 1	1	28.940602464	28.941602464	3115.369	6788.225	5343.750	5437.500
141	Spectrogram 1	1	28.941602464	28.942602464	3115.369	6788.225	5718.750	5718.750
142	Spectrogram 1	1	28.942602464	28.943602464	3115.369	6788.225	5718.750	5718.750
143	Spectrogram 1	1	28.943602464	28.944602464	3115.369	6788.225	5718.750	5718.750
144	Spectrogram 1	1	28.944602464	28.945602464	3115.369	6788.225	5718.750	5718.750
145	Spectrogram 1	1	28.945602464	28.946602464	3115.369	6788.225	5718.750	5718.750
146	Spectrogram 1	1	28.946602464	28.947602464	3115.369	6788.225	5625.000	5625.000
147	Spectrogram 1	1	28.947602464	28.948602464	3115.369	6788.225	5625.000	5625.000
148	Spectrogram 1	1	28.948602464	28.949602464	3115.369	6788.225	5625.000	5625.000
149	Spectrogram 1	1	28.949602464	28.950602464	3115.369	6788.225	5625.000	5625.000
150	Spectrogram 1	1	28.950602464	28.951602464	3115.369	6788.225	5625.000	5625.000
151	Spectrogram 1	1	28.951602464	28.952602464	3115.369	6788.225	5437.500	5437.500
152	Spectrogram 1	1	28.952602464	28.953602464	3115.369	6788.225	5437.500	5437.500
153	Spectrogram 1	1	28.953602464	28.954602464	3115.369	6788.225	5437.500	5437.500
154	Spectrogram 1	1	28.954602464	28.955602464	3115.369	6788.225	5437.500	5437.500
155	Spectrogram 1	1	28.955602464	28.956602464	3115.369	6788.225	5437.500	5437.500
156	Spectrogram 1	1	28.956602464	28.957602464	3115.369	6788.225	5437.500	5437.500
157	Spectrogram 1	1	28.957602464	28.958602464	3115.369	6788.225	5250.000	5250.000
158	Spectrogram 1	1	28.958602464	28.959602464	3115.369	6788.225	5250.000	5250.000
159	Spectrogram 1	1	28.959602464	28.960602464	3115.369	6788.225	5250.000	5250.000
160	Spectrogram 1	1	28.960602464	28.961602464	3115.369	6788.225	5250.000	5250.000
161	Spectrogram 1	1	28.961602464	28.962602464	3115.369	6788.225	5250.000	5250.000
162	Spectrogram 1	1	28.962602464	28.963602464	3115.369	6788.225	5250.000	5250.000
163	Spectrogram 1	1	28.963602464	28.964602464	3115.369	6788.225	5250.000	5250.000
164	Spectrogram 1	1	28.964602464	28.965602464	3115.369	6788.225	5250.000	5250.000
165	Spectrogram 1	1	28.965602464	28.966602464	3115.369	6788.225	5250.000	5250.000
166	Spectrogram 1	1	28.966602464	28.967602464	3115.369	6788.225	5250.000	5250.000
167	Spectrogram 1	1	28.967602464	28.968602464	3115.369	6788.225	5250.000	5250.000
168	Spectrogram 1	1	28.968602464	28.969602464	3115.369	6788.225	5250.000	5250.000
169	Spectrogram 1	1	28.969602464	28.970602464	3115.369	6788.225	5250.000	5250.000
170	Spectrogram 1	1	28.970602464	28.971602464	3115.369	6788.225	5250.000	5250.000
171	Spectrogram 1	1	28.971602464	28.972602464	3115.369	6788.225	5250.000	5250.000
172	Spectrogram 1	1	28.972602464	28.973602464	3115.369	6788.225	5250.000	5250.000
173	Spectrogram 1	1	28.973602464	28.974602464	3115.369	6788.225	5343.750	5343.750
174	Spectrogram 1	1	28.974602464	28.975602464	3115.369	6788.225	5343.750	5343.750
175	Spectrogram 1	1	28.975602464	28.976602464	3115.369	6788.225	5343.750	5343.750
176	Spectrogram 1	1	28.976602464	28.977602464	3115.369	6788.225	5343.750	5343.750
177	Spectrogram 1	1	28.977602464	28.978602464	3115.369	6788.225	5343.750	5343.750
178	Spectrogram 1	1	28.978602464	28.979602464	3115.369	6788.225	5437.500	5437.500
179	Spectrogram 1	1	28.979602464	28.980602464	3115.369	6788.225	5437.500	5437.500
180	Spectrogram 1	1	28.980602464	28.981602464	3115.369	6788.225	5437.500	5437.500
181	Spectrogram 1	1	28.981602464	28.982602464	3115.369	6788.225	5437.500	5437.500
182	Spectrogram 1	1	28.982602464	28.983602464	3115.369	6788.225	5437.500	5437.500
183	Spectrogram 1	1	28.983602464	28.984602464	3115.369	6788.225	5906.250	5906.250
184	Spectrogram 1	1	28.984602464	28.985602464	3115.369	6788.225	5906.250	5906.250
185	Spectrogram 1	1	28.985602464	28.986602464	3115.369	6788.225	5906.250	5906.250
186	Spectrogram 1	1	28.986602464	28.987602464	3115.369	6788.225	5906.250	5906.250
187	Spectrogram 1	1	28.987602464	28.988602464	3115.369	6788.225	5906.250	5906.250
188	Spectrogram 1	1	28.988602464	28.989602464	3115.369	6788.225	5906.250	5906.250
189	Spectrogram 1	1	28.989602464	28.990602464	3115.369	6788.225	6468.750	6468.750
190	Spectrogram 1	1	28.990602464	28.991602464	3115.369	6788.225	6468.750	6468.750
191	Spectrogram 1	1	28.991602464	28.992602464	3115.369	6788.225	6468.750	6468.750
192	Spectrogram 1	1	28.992602464	28.993602464	3115.369	6788.225	6468.750	6468.750
193	Spectrogram 1	1	28.993602464	28.994602464	3115.369	6788.225	6468.750	6468.750
194	Spectrogram 1	1	28.994602464	28.995602464	3115.369	6788.225	6562.500	6562.500
195	Spectrogram 1	1	28.995602464	28.996602464	3115.369	6788.225	6562.500	6562.500
196	Spectrogram 1	1	28.996602464	28.997602464	3115.369	6788.225	6562.500	6562.500
197	Spectrogram 1	1	28.997602464	28.998602464	3115.369	6788.225	6562.500	6562.500
198	Spectrogram 1	1	28.998602464	28.999602464	3115.369	6788.225	6562.500	6562.500
199	Spectrogram 1	1	28.999602464	29.000602464	3115.369	6788.225	6468.750	6468.750
200	Spectrogram 1	1	29.000602464	29.001602464	3115.369	6788.225	6468.750	6468.750
201	Spectrogram 1	1	29.001602464	29.002602464	3115.369	6788.225	6468.750	6468.750
202	Spectrogram 1	1	29.002602464	29.003602464	3115.369	6788.225	6468.750	6468.750
203	Spectrogram 1	1	29.003602464	29.004602464	3115.369	6788.225	6468.750	6468.750
204	Spectrogram 1	1	29.004602464	29.005602464	3115.369	6788.225	6468.750	6468.750
205	Spectrogram 1	1	29.005602464	29.006602464	3115.369	6788.225	6187.500	6187.500
206	Spectrogram 1	1	29.006602464	29.007602464	3115.369	6788.225	6187.500	6187.500
207	Spectrogram 1	1	29.007602464	29.008602464	3115.369	6788.225	6187.500	6187.500
208	Spectrogram 1	1	29.008602464	29.009602464	3115.369	6788.225	6187.500	6187.500
209	Spectrogram 1	1	29.009602464	29.010602464	3115.369	6788.225	6187.500	6187.500
210	Spectrogram 1	1	29.010602464	29.011602464	3115.369	6788.225	5812.500	5812.500
211	Spectrogram 1	1	29.011602464	29.012602464	3115.369	6788.225	5812.500	5812.500
212	Spectrogram 1	1	29.012602464	29.013602464	3115.369	6788.225	5812.500	5812.500
213	Spectrogram 1	1	29.013602464	29.014602464	3115.369	6788.225	5812.500	5812.500
214	Spectrogram 1	1	29.014602464	29.015602464	3115.369	6788.225	5812.500	5812.500
215	Spectrogram 1	1	29.015602464	29.016602464	3115.369	6788.225	5437.500	5250.000
216	Spectrogram 1	1	29.016602464	29.017602464	3115.369	6788.225	5437.500	5250.000
217	Spectrogram 1	1	29.017602464	29.018155940	3115.369	6788.225	5437.500	5250.000
