Selection	View	Channel	Begin Time (s)	End Time (s)	Low Freq (Hz)	High Freq (Hz)	Center Freq (Hz)	Peak Freq (Hz)
1	Spectrogram 1	1	5.447294014	5.448294014	2956.500	6386.449	4125.000	4031.250
2	Spectrogram 1	1	5.448294014	5.449294014	2956.500	6386.449	5062.500	5062.500
3	Spectrogram 1	1	5.449294014	5.450294014	2956.500	6386.449	5062.500	5062.500
4	Spectrogram 1	1	5.450294014	5.451294014	2956.500	6386.449	5062.500	5062.500
5	Spectrogram 1	1	5.451294014	5.452294014	2956.500	6386.449	5062.500	5062.500
6	Spectrogram 1	1	5.452294014	5.453294014	2956.500	6386.449	5062.500	5062.500
7	Spectrogram 1	1	5.453294014	5.454294014	2956.500	6386.449	4781.250	4781.250
8	Spectrogram 1	1	5.454294014	5.455294014	2956.500	6386.449	4781.250	4781.250
9	Spectrogram 1	1	5.455294014	5.456294014	2956.500	6386.449	4781.250	4781.250
10	Spectrogram 1	1	5.456294014	5.457294014	2956.500	6386.449	4781.250	4781.250
11	Spectrogram 1	1	5.457294014	5.458294014	2956.500	6386.449	4781.250	4781.250
12	Spectrogram 1	1	5.458294014	5.459294014	2956.500	6386.449	5062.500	5062.500
13	Spectrogram 1	1	5.459294014	5.460294014	2956.500	6386.449	5062.500	5062.500
14	Spectrogram 1	1	5.460294014	5.461294014	2956.500	6386.449	5062.500	5062.500
15	Spectrogram 1	1	5.461294014	5.462294014	2956.500	6386.449	5062.500	5062.500
16	Spectrogram 1	1	5.462294014	5.463294014	2956.500	6386.449	5062.500	5062.500
17	Spectrogram 1	1	5.463294014	5.464294014	2956.500	6386.449	5062.500	5062.500
18	Spectrogram 1	1	5.464294014	5.465294014	2956.500	6386.449	5437.500	5531.250
19	Spectrogram 1	1	5.465294014	5.466294014	2956.500	6386.449	5437.500	5531.250
20	Spectrogram 1	1	5.466294014	5.467294014	2956.500	6386.449	5437.500	5531.250
21	Spectrogram 1	1	5.467294014	5.468294014	2956.500	6386.449	5437.500	5531.250
22	Spectrogram 1	1	5.468294014	5.469294014	2956.500	6386.449	5437.500	5531.250
23	Spectrogram 1	1	5.469294014	5.470294014	2956.500	6386.449	5625.000	5531.250
24	Spectrogram 1	1	5.470294014	5.471294014	2956.500	6386.449	5625.000	5531.250
25	Spectrogram 1	1	5.471294014	5.472294014	2956.500	6386.449	5625.000	5531.250
26	Spectrogram 1	1	5.472294014	5.473294014	2956.500	6386.449	5625.000	5531.250
27	Spectrogram 1	1	5.473294014	5.474294014	2956.500	6386.449	5625.000	5531.250
28	Spectrogram 1	1	5.474294014	5.475294014	2956.500	6386.449	5625.000	5625.000
29	Spectrogram 1	1	5.475294014	5.476294014	2956.500	6386.449	5625.000	5625.000
30	Spectrogram 1	1	5.476294014	5.477294014	2956.500	6386.449	5625.000	5625.000
31	Spectrogram 1	1	5.477294014	5.478294014	2956.500	6386.449	5625.000	5625.000
32	Spectrogram 1	1	5.478294014	5.479294014	2956.500	6386.449	5625.000	5625.000
33	Spectrogram 1	1	5.479294014	5.480294014	2956.500	6386.449	5625.000	5625.000
34	Spectrogram 1	1	5.480294014	5.481294014	2956.500	6386.449	5062.500	5062.500
35	Spectrogram 1	1	5.481294014	5.482294014	2956.500	6386.449	5062.500	5062.500
36	Spectrogram 1	1	5.482294014	5.483294014	2956.500	6386.449	5062.500	5062.500
37	Spectrogram 1	1	5.483294014	5.484294014	2956.500	6386.449	5062.500	5062.500
38	Spectrogram 1	1	5.484294014	5.485294014	2956.500	6386.449	5062.500	5062.500
39	Spectrogram 1	1	5.485294014	5.486294014	2956.500	6386.449	4500.000	4500.000
40	Spectrogram 1	1	5.486294014	5.487294014	2956.500	6386.449	4500.000	4500.000
41	Spectrogram 1	1	5.487294014	5.488294014	2956.500	6386.449	4500.000	4500.000
42	Spectrogram 1	1	5.488294014	5.489294014	2956.500	6386.449	4500.000	4500.000
43	Spectrogram 1	1	5.489294014	5.490294014	2956.500	6386.449	4500.000	4500.000
44	Spectrogram 1	1	5.490294014	5.491294014	2956.500	6386.449	4218.750	4218.750
45	Spectrogram 1	1	5.491294014	5.492294014	2956.500	6386.449	4218.750	4218.750
46	Spectrogram 1	1	5.492294014	5.493294014	2956.500	6386.449	4218.750	4218.750
47	Spectrogram 1	1	5.493294014	5.494294014	2956.500	6386.449	4218.750	4218.750
48	Spectrogram 1	1	5.494294014	5.495294014	2956.500	6386.449	4218.750	4218.750
49	Spectrogram 1	1	5.495294014	5.496294014	2956.500	6386.449	4218.750	4218.750
50	Spectrogram 1	1	5.496294014	5.497294014	2956.500	6386.449	3937.500	3937.500
51	Spectrogram 1	1	5.497294014	5.498294014	2956.500	6386.449	3937.500	3937.500
52	Spectrogram 1	1	5.498294014	5.499294014	2956.500	6386.449	3937.500	3937.500
53	Spectrogram 1	1	5.499294014	5.500294014	2956.500	6386.449	3937.500	3937.500
54	Spectrogram 1	1	5.500294014	5.501294014	2956.500	6386.449	3937.500	3937.500
55	Spectrogram 1	1	5.501294014	5.502294014	2956.500	6386.449	3656.250	3656.250
56	Spectrogram 1	1	5.502294014	5.503294014	2956.500	6386.449	3656.250	3656.250
57	Spectrogram 1	1	5.503294014	5.504294014	2956.500	6386.449	3656.250	3656.250
58	Spectrogram 1	1	5.504294014	5.505294014	2956.500	6386.449	3656.250	3656.250
59	Spectrogram 1	1	5.505294014	5.506294014	2956.500	6386.449	3656.250	3656.250
60	Spectrogram 1	1	5.506294014	5.507294014	2956.500	6386.449	3375.000	3375.000
61	Spectrogram 1	1	5.507294014	5.508294014	2956.500	6386.449	3375.000	3375.000
62	Spectrogram 1	1	5.508294014	5.509294014	2956.500	6386.449	3375.000	3375.000
63	Spectrogram 1	1	5.509294014	5.510294014	2956.500	6386.449	3375.000	3375.000
64	Spectrogram 1	1	5.510294014	5.511294014	2956.500	6386.449	3375.000	3375.000
65	Spectrogram 1	1	5.511294014	5.512294014	2956.500	6386.449	3375.000	3375.000
66	Spectrogram 1	1	5.512294014	5.513294014	2956.500	6386.449	3281.250	3281.250
67	Spectrogram 1	1	5.513294014	5.514294014	2956.500	6386.449	3281.250	3281.250
68	Spectrogram 1	1	5.514294014	5.515294014	2956.500	6386.449	3281.250	3281.250
69	Spectrogram 1	1	5.515294014	5.516294014	2956.500	6386.449	3281.250	3281.250
70	Spectrogram 1	1	5.516294014	5.517294014	2956.500	6386.449	3281.250	3281.250
71	Spectrogram 1	1	5.517294014	5.518294014	2956.500	6386.449	3468.750	3468.750
72	Spectrogram 1	1	5.518294014	5.519294014	2956.500	6386.449	3468.750	3468.750
73	Spectrogram 1	1	5.519294014	5.520294014	2956.500	6386.449	3468.750	3468.750
74	Spectrogram 1	1	5.520294014	5.521294014	2956.500	6386.449	3468.750	3468.750
75	Spectrogram 1	1	5.521294014	5.522294014	2956.500	6386.449	3468.750	3468.750
76	Spectrogram 1	1	5.522294014	5.523294014	2956.500	6386.449	3562.500	3468.750
77	Spectrogram 1	1	5.523294014	5.524294014	2956.500	6386.449	3562.500	3468.750
78	Spectrogram 1	1	5.524294014	5.525294014	2956.500	6386.449	3562.500	3468.750
79	Spectrogram 1	1	5.525294014	5.526294014	2956.500	6386.449	3562.500	3468.750
80	Spectrogram 1	1	5.526294014	5.527294014	2956.500	6386.449	3562.500	3468.750
81	Spectrogram 1	1	5.527294014	5.528294014	2956.500	6386.449	3562.500	3468.750
82	Spectrogram 1	1	5.528294014	5.529294014	2956.500	6386.449	3656.250	3656.250
83	Spectrogram 1	1	5.529294014	5.530294014	2956.500	6386.449	3656.250	3656.250
84	Spectrogram 1	1	5.530294014	5.531294014	2956.500	6386.449	3656.250	3656.250
85	Spectrogram 1	1	5.531294014	5.532294014	2956.500	6386.449	3656.250	3656.250
86	Spectrogram 1	1	5.532294014	5.533294014	2956.500	6386.449	3656.250	3656.250
87	Spectrogram 1	1	5.533294014	5.534294014	2956.500	6386.449	3656.250	3656.250
88	Spectrogram 1	1	5.534294014	5.535294014	2956.500	6386.449	3656.250	3656.250
89	Spectrogram 1	1	5.535294014	5.536294014	2956.500	6386.449	3656.250	3656.250
90	Spectrogram 1	1	5.536294014	5.537294014	2956.500	6386.449	3656.250	3656.250
91	Spectrogram 1	1	5.537294014	5.538294014	2956.500	6386.449	3656.250	3656.250
92	Spectrogram 1	1	5.538294014	5.539294014	2956.500	6386.449	3562.500	3562.500
93	Spectrogram 1	1	5.539294014	5.540294014	2956.500	6386.449	3562.500	3562.500
94	Spectrogram 1	1	5.540294014	5.541294014	2956.500	6386.449	3562.500	3562.500
95	Spectrogram 1	1	5.541294014	5.542294014	2956.500	6386.449	3562.500	3562.500
96	Spectrogram 1	1	5.542294014	5.543294014	2956.500	6386.449	3562.500	3562.500
97	Spectrogram 1	1	5.543294014	5.544294014	2956.500	6386.449	3562.500	3562.500
98	Spectrogram 1	1	5.544294014	5.545294014	2956.500	6386.449	3562.500	3562.500
99	Spectrogram 1	1	5.545294014	5.546294014	2956.500	6386.449	3562.500	3562.500
100	Spectrogram 1	1	5.546294014	5.547294014	2956.500	6386.449	3562.500	3562.500
101	Spectrogram 1	1	5.547294014	5.548294014	2956.500	6386.449	3562.500	3562.500
102	Spectrogram 1	1	5.548294014	5.549294014	2956.500	6386.449	3562.500	3562.500
103	Spectrogram 1	1	5.549294014	5.550294014	2956.500	6386.449	3375.000	3375.000
104	Spectrogram 1	1	5.550294014	5.551294014	2956.500	6386.449	3375.000	3375.000
105	Spectrogram 1	1	5.551294014	5.552294014	2956.500	6386.449	3375.000	3375.000
106	Spectrogram 1	1	5.552294014	5.553294014	2956.500	6386.449	3375.000	3375.000
107	Spectrogram 1	1	5.553294014	5.554294014	2956.500	6386.449	3375.000	3375.000
108	Spectrogram 1	1	5.554294014	5.555294014	2956.500	6386.449	3375.000	3375.000
109	Spectrogram 1	1	5.555294014	5.556294014	2956.500	6386.449	3375.000	3375.000
110	Spectrogram 1	1	5.556294014	5.557294014	2956.500	6386.449	3375.000	3375.000
111	Spectrogram 1	1	5.557294014	5.558294014	2956.500	6386.449	3375.000	3375.000
112	Spectrogram 1	1	5.558294014	5.559294014	2956.500	6386.449	3375.000	3375.000
113	Spectrogram 1	1	5.559294014	5.560294014	2956.500	6386.449	3375.000	3375.000
114	Spectrogram 1	1	5.560294014	5.561294014	2956.500	6386.449	3281.250	3281.250
115	Spectrogram 1	1	5.561294014	5.562294014	2956.500	6386.449	3281.250	3281.250
116	Spectrogram 1	1	5.562294014	5.563294014	2956.500	6386.449	3281.250	3281.250
117	Spectrogram 1	1	5.563294014	5.564294014	2956.500	6386.449	3281.250	3281.250
118	Spectrogram 1	1	5.564294014	5.565294014	2956.500	6386.449	3281.250	3281.250
119	Spectrogram 1	1	5.565294014	5.566294014	2956.500	6386.449	3187.500	3093.750
120	Spectrogram 1	1	5.566294014	5.567294014	2956.500	6386.449	3187.500	3093.750
121	Spectrogram 1	1	5.567294014	5.568294014	2956.500	6386.449	3187.500	3093.750
122	Spectrogram 1	1	5.568294014	5.569294014	2956.500	6386.449	3187.500	3093.750
123	Spectrogram 1	1	5.569294014	5.570294014	2956.500	6386.449	3187.500	3093.750
124	Spectrogram 1	1	5.570294014	5.571294014	2956.500	6386.449	3375.000	3187.500
125	Spectrogram 1	1	5.571294014	5.572294014	2956.500	6386.449	3375.000	3187.500
126	Spectrogram 1	1	5.572294014	5.573294014	2956.500	6386.449	3375.000	3187.500
127	Spectrogram 1	1	5.573294014	5.574294014	2956.500	6386.449	3375.000	3187.500
128	Spectrogram 1	1	5.574294014	5.575294014	2956.500	6386.449	3375.000	3187.500
129	Spectrogram 1	1	5.575294014	5.576294014	2956.500	6386.449	3375.000	3187.500
130	Spectrogram 1	1	5.576294014	5.577294014	2956.500	6386.449	3562.500	3562.500
131	Spectrogram 1	1	5.577294014	5.578294014	2956.500	6386.449	3562.500	3562.500
132	Spectrogram 1	1	5.578294014	5.579294014	2956.500	6386.449	3562.500	3562.500
133	Spectrogram 1	1	5.579294014	5.580294014	2956.500	6386.449	3562.500	3562.500
134	Spectrogram 1	1	5.580294014	5.581294014	2956.500	6386.449	3562.500	3562.500
135	Spectrogram 1	1	5.581294014	5.582294014	2956.500	6386.449	4031.250	3843.750
136	Spectrogram 1	1	5.582294014	5.583294014	2956.500	6386.449	4031.250	3843.750
137	Spectrogram 1	1	5.583294014	5.584294014	2956.500	6386.449	4031.250	3843.750
138	Spectrogram 1	1	5.584294014	5.585294014	2956.500	6386.449	4031.250	3843.750
139	Spectrogram 1	1	5.585294014	5.586294014	2956.500	6386.449	4031.250	3843.750
140	Spectrogram 1	1	5.586294014	5.587294014	2956.500	6386.449	4968.750	4968.750
141	Spectrogram 1	1	5.587294014	5.588294014	2956.500	6386.449	4968.750	4968.750
142	Spectrogram 1	1	5.588294014	5.589294014	2956.500	6386.449	4968.750	4968.750
143	Spectrogram 1	1	5.589294014	5.590294014	2956.500	6386.449	4968.750	4968.750
144	Spectrogram 1	1	5.590294014	5.591294014	2956.500	6386.449	4968.750	4968.750
145	Spectrogram 1	1	5.591294014	5.592294014	2956.500	6386.449	4968.750	4968.750
146	Spectrogram 1	1	5.592294014	5.593294014	2956.500	6386.449	5250.000	5343.750
147	Spectrogram 1	1	5.593294014	5.594294014	2956.500	6386.449	5250.000	5343.750
148	Spectrogram 1	1	5.594294014	5.595294014	2956.500	6386.449	5250.000	5343.750
149	Spectrogram 1	1	5.595294014	5.596294014	2956.500	6386.449	5250.000	5343.750
150	Spectrogram 1	1	5.596294014	5.597294014	2956.500	6386.449	5250.000	5343.750
151	Spectrogram 1	1	5.597294014	5.598294014	2956.500	6386.449	5156.250	5062.500
152	Spectrogram 1	1	5.598294014	5.599294014	2956.500	6386.449	5156.250	5062.500
153	Spectrogram 1	1	5.599294014	5.600294014	2956.500	6386.449	5156.250	5062.500
154	Spectrogram 1	1	5.600294014	5.601294014	2956.500	6386.449	5156.250	5062.500
155	Spectrogram 1	1	5.601294014	5.602294014	2956.500	6386.449	5156.250	5062.500
156	Spectrogram 1	1	5.602294014	5.603294014	2956.500	6386.449	4968.750	4875.000
157	Spectrogram 1	1	5.603294014	5.604294014	2956.500	6386.449	4968.750	4875.000
158	Spectrogram 1	1	5.604294014	5.605294014	2956.500	6386.449	4968.750	4875.000
159	Spectrogram 1	1	5.605294014	5.606294014	2956.500	6386.449	4968.750	4875.000
160	Spectrogram 1	1	5.606294014	5.607294014	2956.500	6386.449	4968.750	4875.000
161	Spectrogram 1	1	5.607294014	5.608294014	2956.500	6386.449	4968.750	4875.000
162	Spectrogram 1	1	5.608294014	5.609294014	2956.500	6386.449	4687.500	4687.500
163	Spectrogram 1	1	5.609294014	5.610294014	2956.500	6386.449	4687.500	4687.500
164	Spectrogram 1	1	5.610294014	5.611294014	2956.500	6386.449	4687.500	4687.500
165	Spectrogram 1	1	5.611294014	5.612294014	2956.500	6386.449	4687.500	4687.500
166	Spectrogram 1	1	5.612294014	5.613294014	2956.500	6386.449	4687.500	4687.500
167	Spectrogram 1	1	5.613294014	5.614294014	2956.500	6386.449	4687.500	4687.500
168	Spectrogram 1	1	5.614294014	5.615294014	2956.500	6386.449	4687.500	4687.500
169	Spectrogram 1	1	5.615294014	5.616294014	2956.500	6386.449	4687.500	4687.500
170	Spectrogram 1	1	5.616294014	5.617294014	2956.500	6386.449	4687.500	4687.500
171	Spectrogram 1	1	5.617294014	5.618294014	2956.500	6386.449	4687.500	4687.500
172	Spectrogram 1	1	5.618294014	5.619294014	2956.500	6386.449	4781.250	4781.250
173	Spectrogram 1	1	5.619294014	5.620294014	2956.500	6386.449	4781.250	4781.250
174	Spectrogram 1	1	5.620294014	5.621294014	2956.500	6386.449	4781.250	4781.250
175	Spectrogram 1	1	5.621294014	5.622294014	2956.500	6386.449	4781.250	4781.250
176	Spectrogram 1	1	5.622294014	5.623294014	2956.500	6386.449	4781.250	4781.250
177	Spectrogram 1	1	5.623294014	5.624294014	2956.500	6386.449	4781.250	4781.250
178	Spectrogram 1	1	5.624294014	5.625294014	2956.500	6386.449	4968.750	4968.750
179	Spectrogram 1	1	5.625294014	5.626294014	2956.500	6386.449	4968.750	4968.750
180	Spectrogram 1	1	5.626294014	5.627294014	2956.500	6386.449	4968.750	4968.750
181	Spectrogram 1	1	5.627294014	5.628294014	2956.500	6386.449	4968.750	4968.750
182	Spectrogram 1	1	5.628294014	5.629294014	2956.500	6386.449	4968.750	4968.750
183	Spectrogram 1	1	5.629294014	5.630294014	2956.500	6386.449	5062.500	5062.500
184	Spectrogram 1	1	5.630294014	5.631294014	2956.500	6386.449	5062.500	5062.500
185	Spectrogram 1	1	5.631294014	5.632294014	2956.500	6386.449	5062.500	5062.500
186	Spectrogram 1	1	5.632294014	5.633294014	2956.500	6386.449	5062.500	5062.500
187	Spectrogram 1	1	5.633294014	5.634294014	2956.500	6386.449	5062.500	5062.500
188	Spectrogram 1	1	5.634294014	5.635294014	2956.500	6386.449	5156.250	5156.250
189	Spectrogram 1	1	5.635294014	5.636294014	2956.500	6386.449	5156.250	5156.250
190	Spectrogram 1	1	5.636294014	5.637294014	2956.500	6386.449	5156.250	5156.250
191	Spectrogram 1	1	5.637294014	5.638294014	2956.500	6386.449	5156.250	5156.250
192	Spectrogram 1	1	5.638294014	5.639294014	2956.500	6386.449	5156.250	5156.250
193	Spectrogram 1	1	5.639294014	5.640294014	2956.500	6386.449	5156.250	5156.250
194	Spectrogram 1	1	5.640294014	5.641294014	2956.500	6386.449	5250.000	5250.000
195	Spectrogram 1	1	5.641294014	5.642294014	2956.500	6386.449	5250.000	5250.000
196	Spectrogram 1	1	5.642294014	5.643294014	2956.500	6386.449	5250.000	5250.000
197	Spectrogram 1	1	5.643294014	5.644294014	2956.500	6386.449	5250.000	5250.000
198	Spectrogram 1	1	5.644294014	5.645294014	2956.500	6386.449	5250.000	5250.000
199	Spectrogram 1	1	5.645294014	5.646294014	2956.500	6386.449	5531.250	5531.250
200	Spectrogram 1	1	5.646294014	5.647294014	2956.500	6386.449	5531.250	5531.250
201	Spectrogram 1	1	5.647294014	5.648294014	2956.500	6386.449	5531.250	5531.250
202	Spectrogram 1	1	5.648294014	5.649294014	2956.500	6386.449	5531.250	5531.250
203	Spectrogram 1	1	5.649294014	5.650294014	2956.500	6386.449	5531.250	5531.250
204	Spectrogram 1	1	5.650294014	5.651294014	2956.500	6386.449	5812.500	5906.250
205	Spectrogram 1	1	5.651294014	5.652294014	2956.500	6386.449	5812.500	5906.250
206	Spectrogram 1	1	5.652294014	5.653294014	2956.500	6386.449	5812.500	5906.250
207	Spectrogram 1	1	5.653294014	5.654294014	2956.500	6386.449	5812.500	5906.250
208	Spectrogram 1	1	5.654294014	5.655294014	2956.500	6386.449	5812.500	5906.250
209	Spectrogram 1	1	5.655294014	5.656294014	2956.500	6386.449	5812.500	5906.250
210	Spectrogram 1	1	5.656294014	5.657294014	2956.500	6386.449	6000.000	6000.000
211	Spectrogram 1	1	5.657294014	5.658294014	2956.500	6386.449	6000.000	6000.000
212	Spectrogram 1	1	5.658294014	5.659294014	2956.500	6386.449	6000.000	6000.000
213	Spectrogram 1	1	5.659294014	5.660294014	2956.500	6386.449	6000.000	6000.000
214	Spectrogram 1	1	5.660294014	5.661294014	2956.500	6386.449	6000.000	6000.000
215	Spectrogram 1	1	5.661294014	5.662294014	2956.500	6386.449	6000.000	6000.000
216	Spectrogram 1	1	5.662294014	5.663294014	2956.500	6386.449	6000.000	6000.000
217	Spectrogram 1	1	5.663294014	5.664294014	2956.500	6386.449	6000.000	6000.000
218	Spectrogram 1	1	5.664294014	5.665294014	2956.500	6386.449	6000.000	6000.000
219	Spectrogram 1	1	5.665294014	5.666294014	2956.500	6386.449	6000.000	6000.000
220	Spectrogram 1	1	5.666294014	5.667294014	2956.500	6386.449	5062.500	5156.250
221	Spectrogram 1	1	5.667294014	5.668294014	2956.500	6386.449	5062.500	5156.250
222	Spectrogram 1	1	5.668294014	5.669294014	2956.500	6386.449	5062.500	5156.250
223	Spectrogram 1	1	5.669294014	5.670294014	2956.500	6386.449	5062.500	5156.250
224	Spectrogram 1	1	5.670294014	5.671294014	2956.500	6386.449	5062.500	5156.250
225	Spectrogram 1	1	5.671294014	5.672294014	2956.500	6386.449	5062.500	5156.250
226	Spectrogram 1	1	5.672294014	5.673294014	2956.500	6386.449	4406.250	4406.250
227	Spectrogram 1	1	5.673294014	5.674294014	2956.500	6386.449	4406.250	4406.250
228	Spectrogram 1	1	5.674294014	5.675294014	2956.500	6386.449	4406.250	4406.250
229	Spectrogram 1	1	5.675294014	5.676294014	2956.500	6386.449	4406.250	4406.250
230	Spectrogram 1	1	5.676294014	5.677294014	2956.500	6386.449	4406.250	4406.250
231	Spectrogram 1	1	5.677294014	5.678294014	2956.500	6386.449	4218.750	4125.000
232	Spectrogram 1	1	5.678294014	5.679294014	2956.500	6386.449	4218.750	4125.000
233	Spectrogram 1	1	5.679294014	5.680294014	2956.500	6386.449	4218.750	4125.000
234	Spectrogram 1	1	5.680294014	5.681294014	2956.500	6386.449	4218.750	4125.000
235	Spectrogram 1	1	5.681294014	5.682294014	2956.500	6386.449	4218.750	4125.000
236	Spectrogram 1	1	5.682294014	5.683294014	2956.500	6386.449	4125.000	4125.000
237	Spectrogram 1	1	5.683294014	5.684294014	2956.500	6386.449	4125.000	4125.000
238	Spectrogram 1	1	5.684294014	5.685294014	2956.500	6386.449	4125.000	4125.000
239	Spectrogram 1	1	5.685294014	5.686033001	2956.500	6386.449	4125.000	4125.000
