Selection	View	Channel	Begin Time (s)	End Time (s)	Low Freq (Hz)	High Freq (Hz)	Center Freq (Hz)	Peak Freq (Hz)
1	Spectrogram 1	1	43.739400000	43.740397732	2878.012	6818.675	5512.500	5512.500
2	Spectrogram 1	1	43.740397732	43.741395465	2878.012	6818.675	5512.500	5512.500
3	Spectrogram 1	1	43.741395465	43.742393197	2878.012	6818.675	5512.500	5512.500
4	Spectrogram 1	1	43.742393197	43.743390930	2878.012	6818.675	5512.500	5512.500
5	Spectrogram 1	1	43.743390930	43.744388662	2878.012	6818.675	4392.773	4392.773
6	Spectrogram 1	1	43.744388662	43.745386395	2878.012	6818.675	4392.773	4392.773
7	Spectrogram 1	1	43.745386395	43.746384127	2878.012	6818.675	4392.773	4392.773
8	Spectrogram 1	1	43.746384127	43.747381859	2878.012	6818.675	4392.773	4392.773
9	Spectrogram 1	1	43.747381859	43.748379592	2878.012	6818.675	4392.773	4392.773
10	Spectrogram 1	1	43.748379592	43.749377324	2878.012	6818.675	4392.773	4392.773
11	Spectrogram 1	1	43.749377324	43.750375057	2878.012	6818.675	4392.773	4392.773
12	Spectrogram 1	1	43.750375057	43.751372789	2878.012	6818.675	4392.773	4392.773
13	Spectrogram 1	1	43.751372789	43.752370522	2878.012	6818.675	4392.773	4392.773
14	Spectrogram 1	1	43.752370522	43.753368254	2878.012	6818.675	4392.773	4392.773
15	Spectrogram 1	1	43.753368254	43.754365986	2878.012	6818.675	4392.773	4392.773
16	Spectrogram 1	1	43.754365986	43.755363719	2878.012	6818.675	4392.773	4392.773
17	Spectrogram 1	1	43.755363719	43.756361451	2878.012	6818.675	3875.977	3875.977
18	Spectrogram 1	1	43.756361451	43.757359184	2878.012	6818.675	3875.977	3875.977
19	Spectrogram 1	1	43.757359184	43.758356916	2878.012	6818.675	3875.977	3875.977
20	Spectrogram 1	1	43.758356916	43.759354649	2878.012	6818.675	3875.977	3875.977
21	Spectrogram 1	1	43.759354649	43.760352381	2878.012	6818.675	3875.977	3875.977
22	Spectrogram 1	1	43.760352381	43.761350113	2878.012	6818.675	3875.977	3875.977
23	Spectrogram 1	1	43.761350113	43.762347846	2878.012	6818.675	6632.227	6632.227
24	Spectrogram 1	1	43.762347846	43.763345578	2878.012	6818.675	6632.227	6632.227
25	Spectrogram 1	1	43.763345578	43.764343311	2878.012	6818.675	6632.227	6632.227
26	Spectrogram 1	1	43.764343311	43.765341043	2878.012	6818.675	6632.227	6632.227
27	Spectrogram 1	1	43.765341043	43.766338776	2878.012	6818.675	6632.227	6632.227
28	Spectrogram 1	1	43.766338776	43.767336508	2878.012	6818.675	6201.562	6201.562
29	Spectrogram 1	1	43.767336508	43.768334240	2878.012	6818.675	6201.562	6201.562
30	Spectrogram 1	1	43.768334240	43.769331973	2878.012	6818.675	6201.562	6201.562
31	Spectrogram 1	1	43.769331973	43.770329705	2878.012	6818.675	6201.562	6201.562
32	Spectrogram 1	1	43.770329705	43.771327438	2878.012	6818.675	6201.562	6201.562
33	Spectrogram 1	1	43.771327438	43.772325170	2878.012	6818.675	6201.562	6201.562
34	Spectrogram 1	1	43.772325170	43.773322902	2878.012	6818.675	5943.164	5943.164
35	Spectrogram 1	1	43.773322902	43.774320635	2878.012	6818.675	5943.164	5943.164
36	Spectrogram 1	1	43.774320635	43.775318367	2878.012	6818.675	5943.164	5943.164
37	Spectrogram 1	1	43.775318367	43.776316100	2878.012	6818.675	5943.164	5943.164
38	Spectrogram 1	1	43.776316100	43.777313832	2878.012	6818.675	5943.164	5943.164
39	Spectrogram 1	1	43.777313832	43.778311565	2878.012	6818.675	5943.164	5943.164
40	Spectrogram 1	1	43.778311565	43.779309297	2878.012	6818.675	5770.898	5770.898
41	Spectrogram 1	1	43.779309297	43.780307029	2878.012	6818.675	5770.898	5770.898
42	Spectrogram 1	1	43.780307029	43.781304762	2878.012	6818.675	5770.898	5770.898
43	Spectrogram 1	1	43.781304762	43.782302494	2878.012	6818.675	5770.898	5770.898
44	Spectrogram 1	1	43.782302494	43.783300227	2878.012	6818.675	5770.898	5770.898
45	Spectrogram 1	1	43.783300227	43.784297959	2878.012	6818.675	5770.898	5770.898
46	Spectrogram 1	1	43.784297959	43.785295692	2878.012	6818.675	5684.766	5770.898
47	Spectrogram 1	1	43.785295692	43.786293424	2878.012	6818.675	5684.766	5770.898
48	Spectrogram 1	1	43.786293424	43.787291156	2878.012	6818.675	5684.766	5770.898
49	Spectrogram 1	1	43.787291156	43.788288889	2878.012	6818.675	5684.766	5770.898
50	Spectrogram 1	1	43.788288889	43.789286621	2878.012	6818.675	5684.766	5770.898
51	Spectrogram 1	1	43.789286621	43.790284354	2878.012	6818.675	5684.766	5770.898
52	Spectrogram 1	1	43.790284354	43.791282086	2878.012	6818.675	5684.766	5684.766
53	Spectrogram 1	1	43.791282086	43.792279819	2878.012	6818.675	5684.766	5684.766
54	Spectrogram 1	1	43.792279819	43.793277551	2878.012	6818.675	5684.766	5684.766
55	Spectrogram 1	1	43.793277551	43.794275283	2878.012	6818.675	5684.766	5684.766
56	Spectrogram 1	1	43.794275283	43.795273016	2878.012	6818.675	5684.766	5684.766
57	Spectrogram 1	1	43.795273016	43.796270748	2878.012	6818.675	5770.898	5770.898
58	Spectrogram 1	1	43.796270748	43.797268481	2878.012	6818.675	5770.898	5770.898
59	Spectrogram 1	1	43.797268481	43.798266213	2878.012	6818.675	5770.898	5770.898
60	Spectrogram 1	1	43.798266213	43.799263946	2878.012	6818.675	5770.898	5770.898
61	Spectrogram 1	1	43.799263946	43.800261678	2878.012	6818.675	5770.898	5770.898
62	Spectrogram 1	1	43.800261678	43.801259410	2878.012	6818.675	5770.898	5770.898
63	Spectrogram 1	1	43.801259410	43.802257143	2878.012	6818.675	5770.898	5770.898
64	Spectrogram 1	1	43.802257143	43.803254875	2878.012	6818.675	5770.898	5770.898
65	Spectrogram 1	1	43.803254875	43.804252608	2878.012	6818.675	5770.898	5770.898
66	Spectrogram 1	1	43.804252608	43.805250340	2878.012	6818.675	5770.898	5770.898
67	Spectrogram 1	1	43.805250340	43.806248073	2878.012	6818.675	5770.898	5770.898
68	Spectrogram 1	1	43.806248073	43.807245805	2878.012	6818.675	5770.898	5770.898
69	Spectrogram 1	1	43.807245805	43.808243537	2878.012	6818.675	5770.898	5770.898
70	Spectrogram 1	1	43.808243537	43.809241270	2878.012	6818.675	5770.898	5770.898
71	Spectrogram 1	1	43.809241270	43.810239002	2878.012	6818.675	5770.898	5770.898
72	Spectrogram 1	1	43.810239002	43.811236735	2878.012	6818.675	5770.898	5770.898
73	Spectrogram 1	1	43.811236735	43.812234467	2878.012	6818.675	5770.898	5770.898
74	Spectrogram 1	1	43.812234467	43.813232200	2878.012	6818.675	5770.898	5770.898
75	Spectrogram 1	1	43.813232200	43.814229932	2878.012	6818.675	5770.898	5770.898
76	Spectrogram 1	1	43.814229932	43.815227664	2878.012	6818.675	5770.898	5770.898
77	Spectrogram 1	1	43.815227664	43.816225397	2878.012	6818.675	5770.898	5770.898
78	Spectrogram 1	1	43.816225397	43.817223129	2878.012	6818.675	5770.898	5770.898
79	Spectrogram 1	1	43.817223129	43.818220862	2878.012	6818.675	5770.898	5770.898
80	Spectrogram 1	1	43.818220862	43.819218594	2878.012	6818.675	5770.898	5770.898
81	Spectrogram 1	1	43.819218594	43.820216327	2878.012	6818.675	3617.578	3445.312
82	Spectrogram 1	1	43.820216327	43.821214059	2878.012	6818.675	3617.578	3445.312
83	Spectrogram 1	1	43.821214059	43.822211791	2878.012	6818.675	3617.578	3445.312
84	Spectrogram 1	1	43.822211791	43.823209524	2878.012	6818.675	3617.578	3445.312
85	Spectrogram 1	1	43.823209524	43.824207256	2878.012	6818.675	3617.578	3445.312
86	Spectrogram 1	1	43.824207256	43.825204989	2878.012	6818.675	3617.578	3445.312
87	Spectrogram 1	1	43.825204989	43.826202721	2878.012	6818.675	3617.578	3617.578
88	Spectrogram 1	1	43.826202721	43.827200454	2878.012	6818.675	3617.578	3617.578
89	Spectrogram 1	1	43.827200454	43.828198186	2878.012	6818.675	3617.578	3617.578
90	Spectrogram 1	1	43.828198186	43.829195918	2878.012	6818.675	3617.578	3617.578
91	Spectrogram 1	1	43.829195918	43.830193651	2878.012	6818.675	3617.578	3617.578
92	Spectrogram 1	1	43.830193651	43.831191383	2878.012	6818.675	3789.844	3789.844
93	Spectrogram 1	1	43.831191383	43.832189116	2878.012	6818.675	3789.844	3789.844
94	Spectrogram 1	1	43.832189116	43.833186848	2878.012	6818.675	3789.844	3789.844
95	Spectrogram 1	1	43.833186848	43.834184580	2878.012	6818.675	3789.844	3789.844
96	Spectrogram 1	1	43.834184580	43.835182313	2878.012	6818.675	3789.844	3789.844
97	Spectrogram 1	1	43.835182313	43.836180045	2878.012	6818.675	3789.844	3789.844
98	Spectrogram 1	1	43.836180045	43.837177778	2878.012	6818.675	3962.109	3962.109
99	Spectrogram 1	1	43.837177778	43.838175510	2878.012	6818.675	3962.109	3962.109
100	Spectrogram 1	1	43.838175510	43.839173243	2878.012	6818.675	3962.109	3962.109
101	Spectrogram 1	1	43.839173243	43.840170975	2878.012	6818.675	3962.109	3962.109
102	Spectrogram 1	1	43.840170975	43.841168707	2878.012	6818.675	3962.109	3962.109
103	Spectrogram 1	1	43.841168707	43.842166440	2878.012	6818.675	3962.109	3962.109
104	Spectrogram 1	1	43.842166440	43.843164172	2878.012	6818.675	4306.641	4306.641
105	Spectrogram 1	1	43.843164172	43.844161905	2878.012	6818.675	4306.641	4306.641
106	Spectrogram 1	1	43.844161905	43.845159637	2878.012	6818.675	4306.641	4306.641
107	Spectrogram 1	1	43.845159637	43.846157370	2878.012	6818.675	4306.641	4306.641
108	Spectrogram 1	1	43.846157370	43.847155102	2878.012	6818.675	4306.641	4306.641
109	Spectrogram 1	1	43.847155102	43.848152834	2878.012	6818.675	4306.641	4306.641
110	Spectrogram 1	1	43.848152834	43.849150567	2878.012	6818.675	4392.773	4392.773
111	Spectrogram 1	1	43.849150567	43.850148299	2878.012	6818.675	4392.773	4392.773
112	Spectrogram 1	1	43.850148299	43.851146032	2878.012	6818.675	4392.773	4392.773
113	Spectrogram 1	1	43.851146032	43.852143764	2878.012	6818.675	4392.773	4392.773
114	Spectrogram 1	1	43.852143764	43.853141497	2878.012	6818.675	4392.773	4392.773
115	Spectrogram 1	1	43.853141497	43.854139229	2878.012	6818.675	4392.773	4392.773
116	Spectrogram 1	1	43.854139229	43.855136961	2878.012	6818.675	4478.906	4478.906
117	Spectrogram 1	1	43.855136961	43.856134694	2878.012	6818.675	4478.906	4478.906
118	Spectrogram 1	1	43.856134694	43.857132426	2878.012	6818.675	4478.906	4478.906
119	Spectrogram 1	1	43.857132426	43.858130159	2878.012	6818.675	4478.906	4478.906
120	Spectrogram 1	1	43.858130159	43.859127891	2878.012	6818.675	4478.906	4478.906
121	Spectrogram 1	1	43.859127891	43.860125624	2878.012	6818.675	4478.906	4478.906
122	Spectrogram 1	1	43.860125624	43.861123356	2878.012	6818.675	4478.906	4478.906
123	Spectrogram 1	1	43.861123356	43.862121088	2878.012	6818.675	4478.906	4478.906
124	Spectrogram 1	1	43.862121088	43.863118821	2878.012	6818.675	4478.906	4478.906
125	Spectrogram 1	1	43.863118821	43.864116553	2878.012	6818.675	4478.906	4478.906
126	Spectrogram 1	1	43.864116553	43.865114286	2878.012	6818.675	4478.906	4478.906
127	Spectrogram 1	1	43.865114286	43.866112018	2878.012	6818.675	4651.172	4651.172
128	Spectrogram 1	1	43.866112018	43.867109751	2878.012	6818.675	4651.172	4651.172
129	Spectrogram 1	1	43.867109751	43.868107483	2878.012	6818.675	4651.172	4651.172
130	Spectrogram 1	1	43.868107483	43.869105215	2878.012	6818.675	4651.172	4651.172
131	Spectrogram 1	1	43.869105215	43.870102948	2878.012	6818.675	4651.172	4651.172
132	Spectrogram 1	1	43.870102948	43.871100680	2878.012	6818.675	4651.172	4651.172
133	Spectrogram 1	1	43.871100680	43.872098413	2878.012	6818.675	4737.305	4737.305
134	Spectrogram 1	1	43.872098413	43.873096145	2878.012	6818.675	4737.305	4737.305
135	Spectrogram 1	1	43.873096145	43.874093878	2878.012	6818.675	4737.305	4737.305
136	Spectrogram 1	1	43.874093878	43.875091610	2878.012	6818.675	4737.305	4737.305
137	Spectrogram 1	1	43.875091610	43.876089342	2878.012	6818.675	4737.305	4737.305
138	Spectrogram 1	1	43.876089342	43.877087075	2878.012	6818.675	4737.305	4737.305
139	Spectrogram 1	1	43.877087075	43.878084807	2878.012	6818.675	4651.172	4651.172
140	Spectrogram 1	1	43.878084807	43.879082540	2878.012	6818.675	4651.172	4651.172
141	Spectrogram 1	1	43.879082540	43.880080272	2878.012	6818.675	4651.172	4651.172
142	Spectrogram 1	1	43.880080272	43.881078005	2878.012	6818.675	4651.172	4651.172
143	Spectrogram 1	1	43.881078005	43.882075737	2878.012	6818.675	4651.172	4651.172
144	Spectrogram 1	1	43.882075737	43.883073469	2878.012	6818.675	4651.172	4651.172
145	Spectrogram 1	1	43.883073469	43.884071202	2878.012	6818.675	4478.906	4478.906
146	Spectrogram 1	1	43.884071202	43.885068934	2878.012	6818.675	4478.906	4478.906
147	Spectrogram 1	1	43.885068934	43.886066667	2878.012	6818.675	4478.906	4478.906
148	Spectrogram 1	1	43.886066667	43.887064399	2878.012	6818.675	4478.906	4478.906
149	Spectrogram 1	1	43.887064399	43.888062132	2878.012	6818.675	4478.906	4478.906
150	Spectrogram 1	1	43.888062132	43.889059864	2878.012	6818.675	4478.906	4478.906
151	Spectrogram 1	1	43.889059864	43.890057596	2878.012	6818.675	4306.641	4306.641
152	Spectrogram 1	1	43.890057596	43.891055329	2878.012	6818.675	4306.641	4306.641
153	Spectrogram 1	1	43.891055329	43.892053061	2878.012	6818.675	4306.641	4306.641
154	Spectrogram 1	1	43.892053061	43.893050794	2878.012	6818.675	4306.641	4306.641
155	Spectrogram 1	1	43.893050794	43.894048526	2878.012	6818.675	4306.641	4306.641
156	Spectrogram 1	1	43.894048526	43.895046259	2878.012	6818.675	4306.641	4306.641
157	Spectrogram 1	1	43.895046259	43.896043991	2878.012	6818.675	4306.641	4306.641
158	Spectrogram 1	1	43.896043991	43.897041723	2878.012	6818.675	4306.641	4306.641
159	Spectrogram 1	1	43.897041723	43.898039456	2878.012	6818.675	4306.641	4306.641
160	Spectrogram 1	1	43.898039456	43.899037188	2878.012	6818.675	4306.641	4306.641
161	Spectrogram 1	1	43.899037188	43.900034921	2878.012	6818.675	4306.641	4306.641
162	Spectrogram 1	1	43.900034921	43.901032653	2878.012	6818.675	3962.109	3962.109
163	Spectrogram 1	1	43.901032653	43.902030385	2878.012	6818.675	3962.109	3962.109
164	Spectrogram 1	1	43.902030385	43.903028118	2878.012	6818.675	3962.109	3962.109
165	Spectrogram 1	1	43.903028118	43.904025850	2878.012	6818.675	3962.109	3962.109
166	Spectrogram 1	1	43.904025850	43.905023583	2878.012	6818.675	3962.109	3962.109
167	Spectrogram 1	1	43.905023583	43.906021315	2878.012	6818.675	3962.109	3962.109
168	Spectrogram 1	1	43.906021315	43.907019048	2878.012	6818.675	5167.969	4478.906
169	Spectrogram 1	1	43.907019048	43.908016780	2878.012	6818.675	5167.969	4478.906
170	Spectrogram 1	1	43.908016780	43.909014512	2878.012	6818.675	5167.969	4478.906
171	Spectrogram 1	1	43.909014512	43.910012245	2878.012	6818.675	5167.969	4478.906
172	Spectrogram 1	1	43.910012245	43.911009977	2878.012	6818.675	5167.969	4478.906
173	Spectrogram 1	1	43.911009977	43.912007710	2878.012	6818.675	5167.969	4478.906
174	Spectrogram 1	1	43.912007710	43.913005442	2878.012	6818.675	5943.164	5943.164
175	Spectrogram 1	1	43.913005442	43.914003175	2878.012	6818.675	5943.164	5943.164
176	Spectrogram 1	1	43.914003175	43.915000907	2878.012	6818.675	5943.164	5943.164
177	Spectrogram 1	1	43.915000907	43.915998639	2878.012	6818.675	5943.164	5943.164
178	Spectrogram 1	1	43.915998639	43.916996372	2878.012	6818.675	5943.164	5943.164
179	Spectrogram 1	1	43.916996372	43.917994104	2878.012	6818.675	5943.164	5943.164
180	Spectrogram 1	1	43.917994104	43.918991837	2878.012	6818.675	6287.695	6287.695
181	Spectrogram 1	1	43.918991837	43.919989569	2878.012	6818.675	6287.695	6287.695
182	Spectrogram 1	1	43.919989569	43.920987302	2878.012	6818.675	6287.695	6287.695
183	Spectrogram 1	1	43.920987302	43.921985034	2878.012	6818.675	6287.695	6287.695
184	Spectrogram 1	1	43.921985034	43.922982766	2878.012	6818.675	6287.695	6287.695
185	Spectrogram 1	1	43.922982766	43.923980499	2878.012	6818.675	6115.430	6201.562
186	Spectrogram 1	1	43.923980499	43.924978231	2878.012	6818.675	6115.430	6201.562
187	Spectrogram 1	1	43.924978231	43.925975964	2878.012	6818.675	6115.430	6201.562
188	Spectrogram 1	1	43.925975964	43.926973696	2878.012	6818.675	6115.430	6201.562
189	Spectrogram 1	1	43.926973696	43.927971429	2878.012	6818.675	6115.430	6201.562
190	Spectrogram 1	1	43.927971429	43.928969161	2878.012	6818.675	6115.430	6201.562
191	Spectrogram 1	1	43.928969161	43.929966893	2878.012	6818.675	5770.898	5770.898
192	Spectrogram 1	1	43.929966893	43.930964626	2878.012	6818.675	5770.898	5770.898
193	Spectrogram 1	1	43.930964626	43.931962358	2878.012	6818.675	5770.898	5770.898
194	Spectrogram 1	1	43.931962358	43.932960091	2878.012	6818.675	5770.898	5770.898
195	Spectrogram 1	1	43.932960091	43.933957823	2878.012	6818.675	5770.898	5770.898
196	Spectrogram 1	1	43.933957823	43.934955556	2878.012	6818.675	5770.898	5770.898
197	Spectrogram 1	1	43.934955556	43.935953288	2878.012	6818.675	5426.367	5426.367
198	Spectrogram 1	1	43.935953288	43.936951020	2878.012	6818.675	5426.367	5426.367
199	Spectrogram 1	1	43.936951020	43.937948753	2878.012	6818.675	5426.367	5426.367
200	Spectrogram 1	1	43.937948753	43.938946485	2878.012	6818.675	5426.367	5426.367
201	Spectrogram 1	1	43.938946485	43.939944218	2878.012	6818.675	5426.367	5426.367
202	Spectrogram 1	1	43.939944218	43.940941950	2878.012	6818.675	5426.367	5426.367
203	Spectrogram 1	1	43.940941950	43.941939683	2878.012	6818.675	5340.234	5340.234
204	Spectrogram 1	1	43.941939683	43.942937415	2878.012	6818.675	5340.234	5340.234
205	Spectrogram 1	1	43.942937415	43.943935147	2878.012	6818.675	5340.234	5340.234
206	Spectrogram 1	1	43.943935147	43.944932880	2878.012	6818.675	5340.234	5340.234
207	Spectrogram 1	1	43.944932880	43.945930612	2878.012	6818.675	5340.234	5340.234
208	Spectrogram 1	1	43.945930612	43.946928345	2878.012	6818.675	5340.234	5340.234
209	Spectrogram 1	1	43.946928345	43.947671204	2878.012	6818.675	5684.766	5770.898
