Selection	View	Channel	Begin Time (s)	End Time (s)	Low Freq (Hz)	High Freq (Hz)	Center Freq (Hz)	Peak Freq (Hz)
1	Spectrogram 1	1	5.877218111	5.878215843	2655.000	6165.000	5340.234	5340.234
2	Spectrogram 1	1	5.878215843	5.879213576	2655.000	6165.000	5340.234	5340.234
3	Spectrogram 1	1	5.879213576	5.880211308	2655.000	6165.000	5340.234	5340.234
4	Spectrogram 1	1	5.880211308	5.881209041	2655.000	6165.000	5340.234	5340.234
5	Spectrogram 1	1	5.881209041	5.882206773	2655.000	6165.000	5340.234	5340.234
6	Spectrogram 1	1	5.882206773	5.883204506	2655.000	6165.000	5340.234	5340.234
7	Spectrogram 1	1	5.883204506	5.884202238	2655.000	6165.000	4565.039	3962.109
8	Spectrogram 1	1	5.884202238	5.885199970	2655.000	6165.000	4565.039	3962.109
9	Spectrogram 1	1	5.885199970	5.886197703	2655.000	6165.000	4565.039	3962.109
10	Spectrogram 1	1	5.886197703	5.887195435	2655.000	6165.000	4565.039	3962.109
11	Spectrogram 1	1	5.887195435	5.888193168	2655.000	6165.000	4565.039	3962.109
12	Spectrogram 1	1	5.888193168	5.889190900	2655.000	6165.000	4565.039	3962.109
13	Spectrogram 1	1	5.889190900	5.890188633	2655.000	6165.000	4306.641	5340.234
14	Spectrogram 1	1	5.890188633	5.891186365	2655.000	6165.000	4306.641	5340.234
15	Spectrogram 1	1	5.891186365	5.892184097	2655.000	6165.000	4306.641	5340.234
16	Spectrogram 1	1	5.892184097	5.893181830	2655.000	6165.000	4306.641	5340.234
17	Spectrogram 1	1	5.893181830	5.894179562	2655.000	6165.000	4306.641	5340.234
18	Spectrogram 1	1	5.894179562	5.895177295	2655.000	6165.000	4306.641	5340.234
19	Spectrogram 1	1	5.895177295	5.896175027	2655.000	6165.000	4220.508	4220.508
20	Spectrogram 1	1	5.896175027	5.897172760	2655.000	6165.000	4220.508	4220.508
21	Spectrogram 1	1	5.897172760	5.898170492	2655.000	6165.000	4220.508	4220.508
22	Spectrogram 1	1	5.898170492	5.899168224	2655.000	6165.000	4220.508	4220.508
23	Spectrogram 1	1	5.899168224	5.900165957	2655.000	6165.000	4220.508	4220.508
24	Spectrogram 1	1	5.900165957	5.901163689	2655.000	6165.000	4220.508	4220.508
25	Spectrogram 1	1	5.901163689	5.902161422	2655.000	6165.000	3962.109	3100.781
26	Spectrogram 1	1	5.902161422	5.903159154	2655.000	6165.000	3962.109	3100.781
27	Spectrogram 1	1	5.903159154	5.904156887	2655.000	6165.000	3962.109	3100.781
28	Spectrogram 1	1	5.904156887	5.905154619	2655.000	6165.000	3962.109	3100.781
29	Spectrogram 1	1	5.905154619	5.906152351	2655.000	6165.000	3962.109	3100.781
30	Spectrogram 1	1	5.906152351	5.907150084	2655.000	6165.000	3875.977	3875.977
31	Spectrogram 1	1	5.907150084	5.908147816	2655.000	6165.000	3875.977	3875.977
32	Spectrogram 1	1	5.908147816	5.909145549	2655.000	6165.000	3875.977	3875.977
33	Spectrogram 1	1	5.909145549	5.910143281	2655.000	6165.000	3875.977	3875.977
34	Spectrogram 1	1	5.910143281	5.911141013	2655.000	6165.000	3875.977	3875.977
35	Spectrogram 1	1	5.911141013	5.912138746	2655.000	6165.000	3875.977	3875.977
36	Spectrogram 1	1	5.912138746	5.913136478	2655.000	6165.000	3875.977	3875.977
37	Spectrogram 1	1	5.913136478	5.914134211	2655.000	6165.000	3875.977	3875.977
38	Spectrogram 1	1	5.914134211	5.915131943	2655.000	6165.000	3875.977	3875.977
39	Spectrogram 1	1	5.915131943	5.916129676	2655.000	6165.000	3875.977	3875.977
40	Spectrogram 1	1	5.916129676	5.917127408	2655.000	6165.000	3875.977	3875.977
41	Spectrogram 1	1	5.917127408	5.918125140	2655.000	6165.000	3875.977	3875.977
42	Spectrogram 1	1	5.918125140	5.919122873	2655.000	6165.000	3789.844	3789.844
43	Spectrogram 1	1	5.919122873	5.920120605	2655.000	6165.000	3789.844	3789.844
44	Spectrogram 1	1	5.920120605	5.921118338	2655.000	6165.000	3789.844	3789.844
45	Spectrogram 1	1	5.921118338	5.922116070	2655.000	6165.000	3789.844	3789.844
46	Spectrogram 1	1	5.922116070	5.923113803	2655.000	6165.000	3789.844	3789.844
47	Spectrogram 1	1	5.923113803	5.924111535	2655.000	6165.000	3789.844	3789.844
48	Spectrogram 1	1	5.924111535	5.925109267	2655.000	6165.000	3875.977	3875.977
49	Spectrogram 1	1	5.925109267	5.926107000	2655.000	6165.000	3875.977	3875.977
50	Spectrogram 1	1	5.926107000	5.927104732	2655.000	6165.000	3875.977	3875.977
51	Spectrogram 1	1	5.927104732	5.928102465	2655.000	6165.000	3875.977	3875.977
52	Spectrogram 1	1	5.928102465	5.929100197	2655.000	6165.000	3875.977	3875.977
53	Spectrogram 1	1	5.929100197	5.930097930	2655.000	6165.000	3875.977	3875.977
54	Spectrogram 1	1	5.930097930	5.931095662	2655.000	6165.000	4048.242	3962.109
55	Spectrogram 1	1	5.931095662	5.932093394	2655.000	6165.000	4048.242	3962.109
56	Spectrogram 1	1	5.932093394	5.933091127	2655.000	6165.000	4048.242	3962.109
57	Spectrogram 1	1	5.933091127	5.934088859	2655.000	6165.000	4048.242	3962.109
58	Spectrogram 1	1	5.934088859	5.935086592	2655.000	6165.000	4048.242	3962.109
59	Spectrogram 1	1	5.935086592	5.936084324	2655.000	6165.000	4048.242	3962.109
60	Spectrogram 1	1	5.936084324	5.937082057	2655.000	6165.000	4048.242	4048.242
61	Spectrogram 1	1	5.937082057	5.938079789	2655.000	6165.000	4048.242	4048.242
62	Spectrogram 1	1	5.938079789	5.939077521	2655.000	6165.000	4048.242	4048.242
63	Spectrogram 1	1	5.939077521	5.940075254	2655.000	6165.000	4048.242	4048.242
64	Spectrogram 1	1	5.940075254	5.941072986	2655.000	6165.000	4048.242	4048.242
65	Spectrogram 1	1	5.941072986	5.942070719	2655.000	6165.000	4565.039	4737.305
66	Spectrogram 1	1	5.942070719	5.943068451	2655.000	6165.000	4565.039	4737.305
67	Spectrogram 1	1	5.943068451	5.944066184	2655.000	6165.000	4565.039	4737.305
68	Spectrogram 1	1	5.944066184	5.945063916	2655.000	6165.000	4565.039	4737.305
69	Spectrogram 1	1	5.945063916	5.946061648	2655.000	6165.000	4565.039	4737.305
70	Spectrogram 1	1	5.946061648	5.947059381	2655.000	6165.000	4565.039	4737.305
71	Spectrogram 1	1	5.947059381	5.948057113	2655.000	6165.000	3445.312	3445.312
72	Spectrogram 1	1	5.948057113	5.949054846	2655.000	6165.000	3445.312	3445.312
73	Spectrogram 1	1	5.949054846	5.950052578	2655.000	6165.000	3445.312	3445.312
74	Spectrogram 1	1	5.950052578	5.951050311	2655.000	6165.000	3445.312	3445.312
75	Spectrogram 1	1	5.951050311	5.952048043	2655.000	6165.000	3445.312	3445.312
76	Spectrogram 1	1	5.952048043	5.953045775	2655.000	6165.000	3445.312	3445.312
77	Spectrogram 1	1	5.953045775	5.954043508	2655.000	6165.000	3617.578	3617.578
78	Spectrogram 1	1	5.954043508	5.955041240	2655.000	6165.000	3617.578	3617.578
79	Spectrogram 1	1	5.955041240	5.956038973	2655.000	6165.000	3617.578	3617.578
80	Spectrogram 1	1	5.956038973	5.957036705	2655.000	6165.000	3617.578	3617.578
81	Spectrogram 1	1	5.957036705	5.958034438	2655.000	6165.000	3617.578	3617.578
82	Spectrogram 1	1	5.958034438	5.959032170	2655.000	6165.000	3617.578	3617.578
83	Spectrogram 1	1	5.959032170	5.960029902	2655.000	6165.000	3789.844	3789.844
84	Spectrogram 1	1	5.960029902	5.961027635	2655.000	6165.000	3789.844	3789.844
85	Spectrogram 1	1	5.961027635	5.962025367	2655.000	6165.000	3789.844	3789.844
86	Spectrogram 1	1	5.962025367	5.963023100	2655.000	6165.000	3789.844	3789.844
87	Spectrogram 1	1	5.963023100	5.964020832	2655.000	6165.000	3789.844	3789.844
88	Spectrogram 1	1	5.964020832	5.965018565	2655.000	6165.000	3789.844	3789.844
89	Spectrogram 1	1	5.965018565	5.966016297	2655.000	6165.000	3962.109	3962.109
90	Spectrogram 1	1	5.966016297	5.967014029	2655.000	6165.000	3962.109	3962.109
91	Spectrogram 1	1	5.967014029	5.968011762	2655.000	6165.000	3962.109	3962.109
92	Spectrogram 1	1	5.968011762	5.969009494	2655.000	6165.000	3962.109	3962.109
93	Spectrogram 1	1	5.969009494	5.970007227	2655.000	6165.000	3962.109	3962.109
94	Spectrogram 1	1	5.970007227	5.971004959	2655.000	6165.000	4134.375	4134.375
95	Spectrogram 1	1	5.971004959	5.972002691	2655.000	6165.000	4134.375	4134.375
96	Spectrogram 1	1	5.972002691	5.973000424	2655.000	6165.000	4134.375	4134.375
97	Spectrogram 1	1	5.973000424	5.973998156	2655.000	6165.000	4134.375	4134.375
98	Spectrogram 1	1	5.973998156	5.974995889	2655.000	6165.000	4134.375	4134.375
99	Spectrogram 1	1	5.974995889	5.975993621	2655.000	6165.000	4134.375	4134.375
100	Spectrogram 1	1	5.975993621	5.976991354	2655.000	6165.000	4220.508	4220.508
101	Spectrogram 1	1	5.976991354	5.977989086	2655.000	6165.000	4220.508	4220.508
102	Spectrogram 1	1	5.977989086	5.978986818	2655.000	6165.000	4220.508	4220.508
103	Spectrogram 1	1	5.978986818	5.979984551	2655.000	6165.000	4220.508	4220.508
104	Spectrogram 1	1	5.979984551	5.980982283	2655.000	6165.000	4220.508	4220.508
105	Spectrogram 1	1	5.980982283	5.981980016	2655.000	6165.000	4220.508	4220.508
106	Spectrogram 1	1	5.981980016	5.982977748	2655.000	6165.000	4220.508	4220.508
107	Spectrogram 1	1	5.982977748	5.983975481	2655.000	6165.000	4220.508	4220.508
108	Spectrogram 1	1	5.983975481	5.984973213	2655.000	6165.000	4220.508	4220.508
109	Spectrogram 1	1	5.984973213	5.985970945	2655.000	6165.000	4220.508	4220.508
110	Spectrogram 1	1	5.985970945	5.986968678	2655.000	6165.000	4220.508	4220.508
111	Spectrogram 1	1	5.986968678	5.987966410	2655.000	6165.000	4220.508	4220.508
112	Spectrogram 1	1	5.987966410	5.988964143	2655.000	6165.000	4220.508	4220.508
113	Spectrogram 1	1	5.988964143	5.989961875	2655.000	6165.000	4220.508	4220.508
114	Spectrogram 1	1	5.989961875	5.990959608	2655.000	6165.000	4220.508	4220.508
115	Spectrogram 1	1	5.990959608	5.991957340	2655.000	6165.000	4220.508	4220.508
116	Spectrogram 1	1	5.991957340	5.992955072	2655.000	6165.000	4220.508	4220.508
117	Spectrogram 1	1	5.992955072	5.993952805	2655.000	6165.000	4220.508	4220.508
118	Spectrogram 1	1	5.993952805	5.994950537	2655.000	6165.000	4220.508	4220.508
119	Spectrogram 1	1	5.994950537	5.995948270	2655.000	6165.000	4220.508	4220.508
120	Spectrogram 1	1	5.995948270	5.996946002	2655.000	6165.000	4220.508	4220.508
121	Spectrogram 1	1	5.996946002	5.997943735	2655.000	6165.000	4220.508	4220.508
122	Spectrogram 1	1	5.997943735	5.998941467	2655.000	6165.000	4220.508	4220.508
123	Spectrogram 1	1	5.998941467	5.999939199	2655.000	6165.000	4220.508	4220.508
124	Spectrogram 1	1	5.999939199	6.000936932	2655.000	6165.000	4220.508	4220.508
125	Spectrogram 1	1	6.000936932	6.001934664	2655.000	6165.000	4220.508	4220.508
126	Spectrogram 1	1	6.001934664	6.002932397	2655.000	6165.000	4220.508	4220.508
127	Spectrogram 1	1	6.002932397	6.003930129	2655.000	6165.000	4220.508	4220.508
128	Spectrogram 1	1	6.003930129	6.004927862	2655.000	6165.000	4220.508	4220.508
129	Spectrogram 1	1	6.004927862	6.005925594	2655.000	6165.000	4220.508	4220.508
130	Spectrogram 1	1	6.005925594	6.006923326	2655.000	6165.000	4220.508	4220.508
131	Spectrogram 1	1	6.006923326	6.007921059	2655.000	6165.000	4220.508	4220.508
132	Spectrogram 1	1	6.007921059	6.008918791	2655.000	6165.000	4220.508	4220.508
133	Spectrogram 1	1	6.008918791	6.009916524	2655.000	6165.000	4220.508	4220.508
134	Spectrogram 1	1	6.009916524	6.010914256	2655.000	6165.000	4220.508	4220.508
135	Spectrogram 1	1	6.010914256	6.011911989	2655.000	6165.000	4392.773	4306.641
136	Spectrogram 1	1	6.011911989	6.012909721	2655.000	6165.000	4392.773	4306.641
137	Spectrogram 1	1	6.012909721	6.013907453	2655.000	6165.000	4392.773	4306.641
138	Spectrogram 1	1	6.013907453	6.014905186	2655.000	6165.000	4392.773	4306.641
139	Spectrogram 1	1	6.014905186	6.015902918	2655.000	6165.000	4392.773	4306.641
140	Spectrogram 1	1	6.015902918	6.016900651	2655.000	6165.000	4392.773	4306.641
141	Spectrogram 1	1	6.016900651	6.017898383	2655.000	6165.000	4995.703	4220.508
142	Spectrogram 1	1	6.017898383	6.018896116	2655.000	6165.000	4995.703	4220.508
143	Spectrogram 1	1	6.018896116	6.019893848	2655.000	6165.000	4995.703	4220.508
144	Spectrogram 1	1	6.019893848	6.020891580	2655.000	6165.000	4995.703	4220.508
145	Spectrogram 1	1	6.020891580	6.021889313	2655.000	6165.000	4995.703	4220.508
146	Spectrogram 1	1	6.021889313	6.022887045	2655.000	6165.000	4995.703	4220.508
147	Spectrogram 1	1	6.022887045	6.023884778	2655.000	6165.000	5857.031	5857.031
148	Spectrogram 1	1	6.023884778	6.024882510	2655.000	6165.000	5857.031	5857.031
149	Spectrogram 1	1	6.024882510	6.025880243	2655.000	6165.000	5857.031	5857.031
150	Spectrogram 1	1	6.025880243	6.026877975	2655.000	6165.000	5857.031	5857.031
151	Spectrogram 1	1	6.026877975	6.027875707	2655.000	6165.000	5857.031	5857.031
152	Spectrogram 1	1	6.027875707	6.028873440	2655.000	6165.000	5857.031	5857.031
153	Spectrogram 1	1	6.028873440	6.029871172	2655.000	6165.000	5512.500	5598.633
154	Spectrogram 1	1	6.029871172	6.030868905	2655.000	6165.000	5512.500	5598.633
155	Spectrogram 1	1	6.030868905	6.031866637	2655.000	6165.000	5512.500	5598.633
156	Spectrogram 1	1	6.031866637	6.032864370	2655.000	6165.000	5512.500	5598.633
157	Spectrogram 1	1	6.032864370	6.033862102	2655.000	6165.000	5512.500	5598.633
158	Spectrogram 1	1	6.033862102	6.034859834	2655.000	6165.000	4909.570	4909.570
159	Spectrogram 1	1	6.034859834	6.035857567	2655.000	6165.000	4909.570	4909.570
160	Spectrogram 1	1	6.035857567	6.036855299	2655.000	6165.000	4909.570	4909.570
161	Spectrogram 1	1	6.036855299	6.037853032	2655.000	6165.000	4909.570	4909.570
162	Spectrogram 1	1	6.037853032	6.038850764	2655.000	6165.000	4909.570	4909.570
163	Spectrogram 1	1	6.038850764	6.039848496	2655.000	6165.000	4909.570	4909.570
164	Spectrogram 1	1	6.039848496	6.040846229	2655.000	6165.000	4478.906	4565.039
165	Spectrogram 1	1	6.040846229	6.041843961	2655.000	6165.000	4478.906	4565.039
166	Spectrogram 1	1	6.041843961	6.042841694	2655.000	6165.000	4478.906	4565.039
167	Spectrogram 1	1	6.042841694	6.043839426	2655.000	6165.000	4478.906	4565.039
168	Spectrogram 1	1	6.043839426	6.044837159	2655.000	6165.000	4478.906	4565.039
169	Spectrogram 1	1	6.044837159	6.045834891	2655.000	6165.000	4478.906	4565.039
170	Spectrogram 1	1	6.045834891	6.046832623	2655.000	6165.000	4220.508	4048.242
171	Spectrogram 1	1	6.046832623	6.047830356	2655.000	6165.000	4220.508	4048.242
172	Spectrogram 1	1	6.047830356	6.048828088	2655.000	6165.000	4220.508	4048.242
173	Spectrogram 1	1	6.048828088	6.049825821	2655.000	6165.000	4220.508	4048.242
174	Spectrogram 1	1	6.049825821	6.049924279	2655.000	6165.000	4220.508	4048.242
