Selection	View	Channel	Begin Time (s)	End Time (s)	Low Freq (Hz)	High Freq (Hz)	Center Freq (Hz)	Peak Freq (Hz)
1	Spectrogram 1	1	3.206579023	3.207576755	2273.906	6063.750	4478.906	4220.508
2	Spectrogram 1	1	3.207576755	3.208574488	2273.906	6063.750	4565.039	4392.773
3	Spectrogram 1	1	3.208574488	3.209572220	2273.906	6063.750	4565.039	4392.773
4	Spectrogram 1	1	3.209572220	3.210569953	2273.906	6063.750	4565.039	4392.773
5	Spectrogram 1	1	3.210569953	3.211567685	2273.906	6063.750	4565.039	4392.773
6	Spectrogram 1	1	3.211567685	3.212565418	2273.906	6063.750	4565.039	4392.773
7	Spectrogram 1	1	3.212565418	3.213563150	2273.906	6063.750	4134.375	4134.375
8	Spectrogram 1	1	3.213563150	3.214560882	2273.906	6063.750	4134.375	4134.375
9	Spectrogram 1	1	3.214560882	3.215558615	2273.906	6063.750	4134.375	4134.375
10	Spectrogram 1	1	3.215558615	3.216556347	2273.906	6063.750	4134.375	4134.375
11	Spectrogram 1	1	3.216556347	3.217554080	2273.906	6063.750	4134.375	4134.375
12	Spectrogram 1	1	3.217554080	3.218551812	2273.906	6063.750	4134.375	4134.375
13	Spectrogram 1	1	3.218551812	3.219549545	2273.906	6063.750	4134.375	4134.375
14	Spectrogram 1	1	3.219549545	3.220547277	2273.906	6063.750	4134.375	4134.375
15	Spectrogram 1	1	3.220547277	3.221545009	2273.906	6063.750	4134.375	4134.375
16	Spectrogram 1	1	3.221545009	3.222542742	2273.906	6063.750	4134.375	4134.375
17	Spectrogram 1	1	3.222542742	3.223540474	2273.906	6063.750	4134.375	4134.375
18	Spectrogram 1	1	3.223540474	3.224538207	2273.906	6063.750	4134.375	4134.375
19	Spectrogram 1	1	3.224538207	3.225535939	2273.906	6063.750	3186.914	3186.914
20	Spectrogram 1	1	3.225535939	3.226533672	2273.906	6063.750	3186.914	3186.914
21	Spectrogram 1	1	3.226533672	3.227531404	2273.906	6063.750	3186.914	3186.914
22	Spectrogram 1	1	3.227531404	3.228529136	2273.906	6063.750	3186.914	3186.914
23	Spectrogram 1	1	3.228529136	3.229526869	2273.906	6063.750	3186.914	3186.914
24	Spectrogram 1	1	3.229526869	3.230524601	2273.906	6063.750	3186.914	3186.914
25	Spectrogram 1	1	3.230524601	3.231522334	2273.906	6063.750	5340.234	5340.234
26	Spectrogram 1	1	3.231522334	3.232520066	2273.906	6063.750	5340.234	5340.234
27	Spectrogram 1	1	3.232520066	3.233517799	2273.906	6063.750	5340.234	5340.234
28	Spectrogram 1	1	3.233517799	3.234515531	2273.906	6063.750	5340.234	5340.234
29	Spectrogram 1	1	3.234515531	3.235513263	2273.906	6063.750	5340.234	5340.234
30	Spectrogram 1	1	3.235513263	3.236510996	2273.906	6063.750	5340.234	5340.234
31	Spectrogram 1	1	3.236510996	3.237508728	2273.906	6063.750	5426.367	5426.367
32	Spectrogram 1	1	3.237508728	3.238506461	2273.906	6063.750	5426.367	5426.367
33	Spectrogram 1	1	3.238506461	3.239504193	2273.906	6063.750	5426.367	5426.367
34	Spectrogram 1	1	3.239504193	3.240501925	2273.906	6063.750	5426.367	5426.367
35	Spectrogram 1	1	3.240501925	3.241499658	2273.906	6063.750	5426.367	5426.367
36	Spectrogram 1	1	3.241499658	3.242497390	2273.906	6063.750	5426.367	5426.367
37	Spectrogram 1	1	3.242497390	3.243495123	2273.906	6063.750	5426.367	5426.367
38	Spectrogram 1	1	3.243495123	3.244492855	2273.906	6063.750	5426.367	5426.367
39	Spectrogram 1	1	3.244492855	3.245490588	2273.906	6063.750	5426.367	5426.367
40	Spectrogram 1	1	3.245490588	3.246488320	2273.906	6063.750	5426.367	5426.367
41	Spectrogram 1	1	3.246488320	3.247486052	2273.906	6063.750	5426.367	5426.367
42	Spectrogram 1	1	3.247486052	3.248483785	2273.906	6063.750	5426.367	5426.367
43	Spectrogram 1	1	3.248483785	3.249481517	2273.906	6063.750	5426.367	5426.367
44	Spectrogram 1	1	3.249481517	3.250479250	2273.906	6063.750	5426.367	5426.367
45	Spectrogram 1	1	3.250479250	3.251476982	2273.906	6063.750	5426.367	5426.367
46	Spectrogram 1	1	3.251476982	3.252474715	2273.906	6063.750	5426.367	5426.367
47	Spectrogram 1	1	3.252474715	3.253472447	2273.906	6063.750	5426.367	5426.367
48	Spectrogram 1	1	3.253472447	3.254470179	2273.906	6063.750	5340.234	5340.234
49	Spectrogram 1	1	3.254470179	3.255467912	2273.906	6063.750	5340.234	5340.234
50	Spectrogram 1	1	3.255467912	3.256465644	2273.906	6063.750	5340.234	5340.234
51	Spectrogram 1	1	3.256465644	3.257463377	2273.906	6063.750	5340.234	5340.234
52	Spectrogram 1	1	3.257463377	3.258461109	2273.906	6063.750	5340.234	5340.234
53	Spectrogram 1	1	3.258461109	3.259458842	2273.906	6063.750	5340.234	5340.234
54	Spectrogram 1	1	3.259458842	3.260456574	2273.906	6063.750	5254.102	5254.102
55	Spectrogram 1	1	3.260456574	3.261454306	2273.906	6063.750	5254.102	5254.102
56	Spectrogram 1	1	3.261454306	3.262452039	2273.906	6063.750	5254.102	5254.102
57	Spectrogram 1	1	3.262452039	3.263449771	2273.906	6063.750	5254.102	5254.102
58	Spectrogram 1	1	3.263449771	3.264447504	2273.906	6063.750	5254.102	5254.102
59	Spectrogram 1	1	3.264447504	3.265445236	2273.906	6063.750	5254.102	5254.102
60	Spectrogram 1	1	3.265445236	3.266442969	2273.906	6063.750	5081.836	5081.836
61	Spectrogram 1	1	3.266442969	3.267440701	2273.906	6063.750	5081.836	5081.836
62	Spectrogram 1	1	3.267440701	3.268438433	2273.906	6063.750	5081.836	5081.836
63	Spectrogram 1	1	3.268438433	3.269436166	2273.906	6063.750	5081.836	5081.836
64	Spectrogram 1	1	3.269436166	3.270433898	2273.906	6063.750	5081.836	5081.836
65	Spectrogram 1	1	3.270433898	3.271431631	2273.906	6063.750	5081.836	5081.836
66	Spectrogram 1	1	3.271431631	3.272429363	2273.906	6063.750	4134.375	5426.367
67	Spectrogram 1	1	3.272429363	3.273427096	2273.906	6063.750	4134.375	5426.367
68	Spectrogram 1	1	3.273427096	3.274424828	2273.906	6063.750	4134.375	5426.367
69	Spectrogram 1	1	3.274424828	3.275422560	2273.906	6063.750	4134.375	5426.367
70	Spectrogram 1	1	3.275422560	3.276420293	2273.906	6063.750	4134.375	5426.367
71	Spectrogram 1	1	3.276420293	3.277418025	2273.906	6063.750	5167.969	5254.102
72	Spectrogram 1	1	3.277418025	3.278415758	2273.906	6063.750	5167.969	5254.102
73	Spectrogram 1	1	3.278415758	3.279413490	2273.906	6063.750	5167.969	5254.102
74	Spectrogram 1	1	3.279413490	3.280411223	2273.906	6063.750	5167.969	5254.102
75	Spectrogram 1	1	3.280411223	3.281408955	2273.906	6063.750	5167.969	5254.102
76	Spectrogram 1	1	3.281408955	3.282406687	2273.906	6063.750	5167.969	5254.102
77	Spectrogram 1	1	3.282406687	3.283404420	2273.906	6063.750	5167.969	5426.367
78	Spectrogram 1	1	3.283404420	3.284402152	2273.906	6063.750	5167.969	5426.367
79	Spectrogram 1	1	3.284402152	3.285399885	2273.906	6063.750	5167.969	5426.367
80	Spectrogram 1	1	3.285399885	3.286397617	2273.906	6063.750	5167.969	5426.367
81	Spectrogram 1	1	3.286397617	3.287395350	2273.906	6063.750	5167.969	5426.367
82	Spectrogram 1	1	3.287395350	3.288393082	2273.906	6063.750	5167.969	5426.367
83	Spectrogram 1	1	3.288393082	3.289390814	2273.906	6063.750	5081.836	5512.500
84	Spectrogram 1	1	3.289390814	3.290388547	2273.906	6063.750	5081.836	5512.500
85	Spectrogram 1	1	3.290388547	3.291386279	2273.906	6063.750	5081.836	5512.500
86	Spectrogram 1	1	3.291386279	3.292384012	2273.906	6063.750	5081.836	5512.500
87	Spectrogram 1	1	3.292384012	3.293381744	2273.906	6063.750	5081.836	5512.500
88	Spectrogram 1	1	3.293381744	3.294379477	2273.906	6063.750	5081.836	5512.500
89	Spectrogram 1	1	3.294379477	3.295377209	2273.906	6063.750	2842.383	2842.383
90	Spectrogram 1	1	3.295377209	3.296374941	2273.906	6063.750	2842.383	2842.383
91	Spectrogram 1	1	3.296374941	3.297372674	2273.906	6063.750	2842.383	2842.383
92	Spectrogram 1	1	3.297372674	3.298370406	2273.906	6063.750	2842.383	2842.383
93	Spectrogram 1	1	3.298370406	3.299368139	2273.906	6063.750	2842.383	2842.383
94	Spectrogram 1	1	3.299368139	3.300365871	2273.906	6063.750	2842.383	2842.383
95	Spectrogram 1	1	3.300365871	3.301363603	2273.906	6063.750	2928.516	2928.516
96	Spectrogram 1	1	3.301363603	3.302361336	2273.906	6063.750	2928.516	2928.516
97	Spectrogram 1	1	3.302361336	3.303359068	2273.906	6063.750	2928.516	2928.516
98	Spectrogram 1	1	3.303359068	3.304356801	2273.906	6063.750	2928.516	2928.516
99	Spectrogram 1	1	3.304356801	3.305354533	2273.906	6063.750	2928.516	2928.516
100	Spectrogram 1	1	3.305354533	3.306352266	2273.906	6063.750	2928.516	2928.516
101	Spectrogram 1	1	3.306352266	3.307349998	2273.906	6063.750	3273.047	3186.914
102	Spectrogram 1	1	3.307349998	3.308347730	2273.906	6063.750	3273.047	3186.914
103	Spectrogram 1	1	3.308347730	3.309345463	2273.906	6063.750	3273.047	3186.914
104	Spectrogram 1	1	3.309345463	3.310343195	2273.906	6063.750	3273.047	3186.914
105	Spectrogram 1	1	3.310343195	3.311340928	2273.906	6063.750	3273.047	3186.914
106	Spectrogram 1	1	3.311340928	3.312338660	2273.906	6063.750	3445.312	3445.312
107	Spectrogram 1	1	3.312338660	3.313336393	2273.906	6063.750	3445.312	3445.312
108	Spectrogram 1	1	3.313336393	3.314334125	2273.906	6063.750	3445.312	3445.312
109	Spectrogram 1	1	3.314334125	3.315331857	2273.906	6063.750	3445.312	3445.312
110	Spectrogram 1	1	3.315331857	3.316329590	2273.906	6063.750	3445.312	3445.312
111	Spectrogram 1	1	3.316329590	3.317327322	2273.906	6063.750	3445.312	3445.312
112	Spectrogram 1	1	3.317327322	3.318325055	2273.906	6063.750	3617.578	3617.578
113	Spectrogram 1	1	3.318325055	3.319322787	2273.906	6063.750	3617.578	3617.578
114	Spectrogram 1	1	3.319322787	3.320320520	2273.906	6063.750	3617.578	3617.578
115	Spectrogram 1	1	3.320320520	3.321318252	2273.906	6063.750	3617.578	3617.578
116	Spectrogram 1	1	3.321318252	3.322315984	2273.906	6063.750	3617.578	3617.578
117	Spectrogram 1	1	3.322315984	3.323313717	2273.906	6063.750	3617.578	3617.578
118	Spectrogram 1	1	3.323313717	3.324311449	2273.906	6063.750	3703.711	3703.711
119	Spectrogram 1	1	3.324311449	3.325309182	2273.906	6063.750	3703.711	3703.711
120	Spectrogram 1	1	3.325309182	3.326306914	2273.906	6063.750	3703.711	3703.711
121	Spectrogram 1	1	3.326306914	3.327304647	2273.906	6063.750	3703.711	3703.711
122	Spectrogram 1	1	3.327304647	3.328302379	2273.906	6063.750	3703.711	3703.711
123	Spectrogram 1	1	3.328302379	3.329300111	2273.906	6063.750	3703.711	3703.711
124	Spectrogram 1	1	3.329300111	3.330297844	2273.906	6063.750	3789.844	3789.844
125	Spectrogram 1	1	3.330297844	3.331295576	2273.906	6063.750	3789.844	3789.844
126	Spectrogram 1	1	3.331295576	3.332293309	2273.906	6063.750	3789.844	3789.844
127	Spectrogram 1	1	3.332293309	3.333291041	2273.906	6063.750	3789.844	3789.844
128	Spectrogram 1	1	3.333291041	3.334288774	2273.906	6063.750	3789.844	3789.844
129	Spectrogram 1	1	3.334288774	3.335286506	2273.906	6063.750	3789.844	3789.844
130	Spectrogram 1	1	3.335286506	3.336284238	2273.906	6063.750	3875.977	3875.977
131	Spectrogram 1	1	3.336284238	3.337281971	2273.906	6063.750	3875.977	3875.977
132	Spectrogram 1	1	3.337281971	3.338279703	2273.906	6063.750	3875.977	3875.977
133	Spectrogram 1	1	3.338279703	3.339277436	2273.906	6063.750	3875.977	3875.977
134	Spectrogram 1	1	3.339277436	3.340275168	2273.906	6063.750	3875.977	3875.977
135	Spectrogram 1	1	3.340275168	3.341272901	2273.906	6063.750	3962.109	3962.109
136	Spectrogram 1	1	3.341272901	3.342270633	2273.906	6063.750	3962.109	3962.109
137	Spectrogram 1	1	3.342270633	3.343268365	2273.906	6063.750	3962.109	3962.109
138	Spectrogram 1	1	3.343268365	3.344266098	2273.906	6063.750	3962.109	3962.109
139	Spectrogram 1	1	3.344266098	3.345263830	2273.906	6063.750	3962.109	3962.109
140	Spectrogram 1	1	3.345263830	3.346261563	2273.906	6063.750	3962.109	3962.109
141	Spectrogram 1	1	3.346261563	3.347259295	2273.906	6063.750	4048.242	4048.242
142	Spectrogram 1	1	3.347259295	3.348257028	2273.906	6063.750	4048.242	4048.242
143	Spectrogram 1	1	3.348257028	3.349254760	2273.906	6063.750	4048.242	4048.242
144	Spectrogram 1	1	3.349254760	3.350252492	2273.906	6063.750	4048.242	4048.242
145	Spectrogram 1	1	3.350252492	3.351250225	2273.906	6063.750	4048.242	4048.242
146	Spectrogram 1	1	3.351250225	3.352247957	2273.906	6063.750	4048.242	4048.242
147	Spectrogram 1	1	3.352247957	3.353245690	2273.906	6063.750	4048.242	4048.242
148	Spectrogram 1	1	3.353245690	3.354243422	2273.906	6063.750	4048.242	4048.242
149	Spectrogram 1	1	3.354243422	3.355241155	2273.906	6063.750	4048.242	4048.242
150	Spectrogram 1	1	3.355241155	3.356238887	2273.906	6063.750	4048.242	4048.242
151	Spectrogram 1	1	3.356238887	3.357236619	2273.906	6063.750	4048.242	4048.242
152	Spectrogram 1	1	3.357236619	3.358234352	2273.906	6063.750	4048.242	4048.242
153	Spectrogram 1	1	3.358234352	3.359232084	2273.906	6063.750	4134.375	4134.375
154	Spectrogram 1	1	3.359232084	3.360229817	2273.906	6063.750	4134.375	4134.375
155	Spectrogram 1	1	3.360229817	3.361227549	2273.906	6063.750	4134.375	4134.375
156	Spectrogram 1	1	3.361227549	3.362225282	2273.906	6063.750	4134.375	4134.375
157	Spectrogram 1	1	3.362225282	3.363223014	2273.906	6063.750	4134.375	4134.375
158	Spectrogram 1	1	3.363223014	3.364220746	2273.906	6063.750	4134.375	4134.375
159	Spectrogram 1	1	3.364220746	3.365218479	2273.906	6063.750	4134.375	4134.375
160	Spectrogram 1	1	3.365218479	3.366216211	2273.906	6063.750	4134.375	4134.375
161	Spectrogram 1	1	3.366216211	3.367213944	2273.906	6063.750	4134.375	4134.375
162	Spectrogram 1	1	3.367213944	3.368211676	2273.906	6063.750	4134.375	4134.375
163	Spectrogram 1	1	3.368211676	3.369209408	2273.906	6063.750	4134.375	4134.375
164	Spectrogram 1	1	3.369209408	3.370207141	2273.906	6063.750	4134.375	4134.375
165	Spectrogram 1	1	3.370207141	3.371204873	2273.906	6063.750	4134.375	4134.375
166	Spectrogram 1	1	3.371204873	3.372202606	2273.906	6063.750	4134.375	4134.375
167	Spectrogram 1	1	3.372202606	3.373200338	2273.906	6063.750	4134.375	4134.375
168	Spectrogram 1	1	3.373200338	3.374198071	2273.906	6063.750	4134.375	4134.375
169	Spectrogram 1	1	3.374198071	3.375195803	2273.906	6063.750	4134.375	4134.375
170	Spectrogram 1	1	3.375195803	3.376193535	2273.906	6063.750	3962.109	3962.109
171	Spectrogram 1	1	3.376193535	3.377191268	2273.906	6063.750	3962.109	3962.109
172	Spectrogram 1	1	3.377191268	3.378189000	2273.906	6063.750	3962.109	3962.109
173	Spectrogram 1	1	3.378189000	3.379186733	2273.906	6063.750	3962.109	3962.109
174	Spectrogram 1	1	3.379186733	3.380184465	2273.906	6063.750	3962.109	3962.109
175	Spectrogram 1	1	3.380184465	3.381182198	2273.906	6063.750	3962.109	3962.109
176	Spectrogram 1	1	3.381182198	3.382179930	2273.906	6063.750	3875.977	3875.977
177	Spectrogram 1	1	3.382179930	3.383177662	2273.906	6063.750	3875.977	3875.977
178	Spectrogram 1	1	3.383177662	3.384175395	2273.906	6063.750	3875.977	3875.977
179	Spectrogram 1	1	3.384175395	3.385173127	2273.906	6063.750	3875.977	3875.977
180	Spectrogram 1	1	3.385173127	3.386170860	2273.906	6063.750	3875.977	3875.977
181	Spectrogram 1	1	3.386170860	3.387168592	2273.906	6063.750	3875.977	3875.977
182	Spectrogram 1	1	3.387168592	3.388166325	2273.906	6063.750	4306.641	4306.641
183	Spectrogram 1	1	3.388166325	3.389164057	2273.906	6063.750	4306.641	4306.641
184	Spectrogram 1	1	3.389164057	3.390161789	2273.906	6063.750	4306.641	4306.641
185	Spectrogram 1	1	3.390161789	3.391159522	2273.906	6063.750	4306.641	4306.641
186	Spectrogram 1	1	3.391159522	3.392157254	2273.906	6063.750	4306.641	4306.641
187	Spectrogram 1	1	3.392157254	3.393154987	2273.906	6063.750	4306.641	4306.641
188	Spectrogram 1	1	3.393154987	3.394152719	2273.906	6063.750	5426.367	5512.500
189	Spectrogram 1	1	3.394152719	3.395150452	2273.906	6063.750	5426.367	5512.500
190	Spectrogram 1	1	3.395150452	3.396148184	2273.906	6063.750	5426.367	5512.500
191	Spectrogram 1	1	3.396148184	3.397145916	2273.906	6063.750	5426.367	5512.500
192	Spectrogram 1	1	3.397145916	3.398143649	2273.906	6063.750	5426.367	5512.500
193	Spectrogram 1	1	3.398143649	3.399141381	2273.906	6063.750	5426.367	5512.500
194	Spectrogram 1	1	3.399141381	3.400139114	2273.906	6063.750	5598.633	5598.633
195	Spectrogram 1	1	3.400139114	3.401136846	2273.906	6063.750	5598.633	5598.633
196	Spectrogram 1	1	3.401136846	3.402134579	2273.906	6063.750	5598.633	5598.633
197	Spectrogram 1	1	3.402134579	3.403132311	2273.906	6063.750	5598.633	5598.633
198	Spectrogram 1	1	3.403132311	3.404130043	2273.906	6063.750	5598.633	5598.633
199	Spectrogram 1	1	3.404130043	3.405127776	2273.906	6063.750	4909.570	4823.438
200	Spectrogram 1	1	3.405127776	3.406125508	2273.906	6063.750	4909.570	4823.438
201	Spectrogram 1	1	3.406125508	3.407123241	2273.906	6063.750	4909.570	4823.438
202	Spectrogram 1	1	3.407123241	3.408120973	2273.906	6063.750	4909.570	4823.438
203	Spectrogram 1	1	3.408120973	3.409118706	2273.906	6063.750	4909.570	4823.438
204	Spectrogram 1	1	3.409118706	3.410116438	2273.906	6063.750	4909.570	4823.438
205	Spectrogram 1	1	3.410116438	3.411114170	2273.906	6063.750	4478.906	4478.906
206	Spectrogram 1	1	3.411114170	3.412111903	2273.906	6063.750	4478.906	4478.906
207	Spectrogram 1	1	3.412111903	3.413109635	2273.906	6063.750	4478.906	4478.906
208	Spectrogram 1	1	3.413109635	3.414107368	2273.906	6063.750	4478.906	4478.906
209	Spectrogram 1	1	3.414107368	3.415105100	2273.906	6063.750	4478.906	4478.906
210	Spectrogram 1	1	3.415105100	3.416102833	2273.906	6063.750	4478.906	4478.906
211	Spectrogram 1	1	3.416102833	3.417100565	2273.906	6063.750	4220.508	4220.508
212	Spectrogram 1	1	3.417100565	3.418098297	2273.906	6063.750	4220.508	4220.508
213	Spectrogram 1	1	3.418098297	3.419096030	2273.906	6063.750	4220.508	4220.508
214	Spectrogram 1	1	3.419096030	3.420093762	2273.906	6063.750	4220.508	4220.508
215	Spectrogram 1	1	3.420093762	3.421091495	2273.906	6063.750	4220.508	4220.508
216	Spectrogram 1	1	3.421091495	3.422089227	2273.906	6063.750	4220.508	4220.508
217	Spectrogram 1	1	3.422089227	3.423086960	2273.906	6063.750	3962.109	3962.109
218	Spectrogram 1	1	3.423086960	3.424084692	2273.906	6063.750	3962.109	3962.109
219	Spectrogram 1	1	3.424084692	3.425082424	2273.906	6063.750	3962.109	3962.109
220	Spectrogram 1	1	3.425082424	3.426080157	2273.906	6063.750	3962.109	3962.109
221	Spectrogram 1	1	3.426080157	3.427077889	2273.906	6063.750	3962.109	3962.109
222	Spectrogram 1	1	3.427077889	3.428075622	2273.906	6063.750	3962.109	3962.109
223	Spectrogram 1	1	3.428075622	3.429073354	2273.906	6063.750	3703.711	3703.711
224	Spectrogram 1	1	3.429073354	3.430071086	2273.906	6063.750	3703.711	3703.711
225	Spectrogram 1	1	3.430071086	3.431068819	2273.906	6063.750	3703.711	3703.711
226	Spectrogram 1	1	3.431068819	3.432066551	2273.906	6063.750	3703.711	3703.711
227	Spectrogram 1	1	3.432066551	3.433064284	2273.906	6063.750	3703.711	3703.711
228	Spectrogram 1	1	3.433064284	3.434062016	2273.906	6063.750	3703.711	3703.711
229	Spectrogram 1	1	3.434062016	3.435059749	2273.906	6063.750	3531.445	3531.445
230	Spectrogram 1	1	3.435059749	3.436057481	2273.906	6063.750	3531.445	3531.445
231	Spectrogram 1	1	3.436057481	3.437055213	2273.906	6063.750	3531.445	3531.445
232	Spectrogram 1	1	3.437055213	3.438052946	2273.906	6063.750	3531.445	3531.445
233	Spectrogram 1	1	3.438052946	3.439050678	2273.906	6063.750	3531.445	3531.445
234	Spectrogram 1	1	3.439050678	3.440048411	2273.906	6063.750	3531.445	3531.445
235	Spectrogram 1	1	3.440048411	3.440371702	2273.906	6063.750	3531.445	3531.445
