Selection	View	Channel	Begin Time (s)	End Time (s)	Low Freq (Hz)	High Freq (Hz)	Center Freq (Hz)	Peak Freq (Hz)
1	Spectrogram 1	1	30.983057222	30.984054954	2334.375	5878.125	4995.703	4909.570
2	Spectrogram 1	1	30.984054954	30.985052687	2334.375	5878.125	4651.172	4565.039
3	Spectrogram 1	1	30.985052687	30.986050419	2334.375	5878.125	4651.172	4565.039
4	Spectrogram 1	1	30.986050419	30.987048152	2334.375	5878.125	4651.172	4565.039
5	Spectrogram 1	1	30.987048152	30.988045884	2334.375	5878.125	4651.172	4565.039
6	Spectrogram 1	1	30.988045884	30.989043617	2334.375	5878.125	4651.172	4565.039
7	Spectrogram 1	1	30.989043617	30.990041349	2334.375	5878.125	4651.172	4565.039
8	Spectrogram 1	1	30.990041349	30.991039081	2334.375	5878.125	4995.703	4995.703
9	Spectrogram 1	1	30.991039081	30.992036814	2334.375	5878.125	4995.703	4995.703
10	Spectrogram 1	1	30.992036814	30.993034546	2334.375	5878.125	4995.703	4995.703
11	Spectrogram 1	1	30.993034546	30.994032279	2334.375	5878.125	4995.703	4995.703
12	Spectrogram 1	1	30.994032279	30.995030011	2334.375	5878.125	4995.703	4995.703
13	Spectrogram 1	1	30.995030011	30.996027744	2334.375	5878.125	4995.703	4995.703
14	Spectrogram 1	1	30.996027744	30.997025476	2334.375	5878.125	4995.703	5081.836
15	Spectrogram 1	1	30.997025476	30.998023208	2334.375	5878.125	4995.703	5081.836
16	Spectrogram 1	1	30.998023208	30.999020941	2334.375	5878.125	4995.703	5081.836
17	Spectrogram 1	1	30.999020941	31.000018673	2334.375	5878.125	4995.703	5081.836
18	Spectrogram 1	1	31.000018673	31.001016406	2334.375	5878.125	4995.703	5081.836
19	Spectrogram 1	1	31.001016406	31.002014138	2334.375	5878.125	4995.703	5081.836
20	Spectrogram 1	1	31.002014138	31.003011871	2334.375	5878.125	3875.977	4306.641
21	Spectrogram 1	1	31.003011871	31.004009603	2334.375	5878.125	3875.977	4306.641
22	Spectrogram 1	1	31.004009603	31.005007335	2334.375	5878.125	3875.977	4306.641
23	Spectrogram 1	1	31.005007335	31.006005068	2334.375	5878.125	3875.977	4306.641
24	Spectrogram 1	1	31.006005068	31.007002800	2334.375	5878.125	3875.977	4306.641
25	Spectrogram 1	1	31.007002800	31.008000533	2334.375	5878.125	5512.500	5512.500
26	Spectrogram 1	1	31.008000533	31.008998265	2334.375	5878.125	5512.500	5512.500
27	Spectrogram 1	1	31.008998265	31.009995998	2334.375	5878.125	5512.500	5512.500
28	Spectrogram 1	1	31.009995998	31.010993730	2334.375	5878.125	5512.500	5512.500
29	Spectrogram 1	1	31.010993730	31.011991462	2334.375	5878.125	5512.500	5512.500
30	Spectrogram 1	1	31.011991462	31.012989195	2334.375	5878.125	5512.500	5512.500
31	Spectrogram 1	1	31.012989195	31.013986927	2334.375	5878.125	5426.367	5426.367
32	Spectrogram 1	1	31.013986927	31.014984660	2334.375	5878.125	5426.367	5426.367
33	Spectrogram 1	1	31.014984660	31.015982392	2334.375	5878.125	5426.367	5426.367
34	Spectrogram 1	1	31.015982392	31.016980124	2334.375	5878.125	5426.367	5426.367
35	Spectrogram 1	1	31.016980124	31.017977857	2334.375	5878.125	5426.367	5426.367
36	Spectrogram 1	1	31.017977857	31.018975589	2334.375	5878.125	5426.367	5426.367
37	Spectrogram 1	1	31.018975589	31.019973322	2334.375	5878.125	5426.367	5426.367
38	Spectrogram 1	1	31.019973322	31.020971054	2334.375	5878.125	5426.367	5426.367
39	Spectrogram 1	1	31.020971054	31.021968787	2334.375	5878.125	5426.367	5426.367
40	Spectrogram 1	1	31.021968787	31.022966519	2334.375	5878.125	5426.367	5426.367
41	Spectrogram 1	1	31.022966519	31.023964251	2334.375	5878.125	5426.367	5426.367
42	Spectrogram 1	1	31.023964251	31.024961984	2334.375	5878.125	5426.367	5426.367
43	Spectrogram 1	1	31.024961984	31.025959716	2334.375	5878.125	5340.234	5340.234
44	Spectrogram 1	1	31.025959716	31.026957449	2334.375	5878.125	5340.234	5340.234
45	Spectrogram 1	1	31.026957449	31.027955181	2334.375	5878.125	5340.234	5340.234
46	Spectrogram 1	1	31.027955181	31.028952914	2334.375	5878.125	5340.234	5340.234
47	Spectrogram 1	1	31.028952914	31.029950646	2334.375	5878.125	5340.234	5340.234
48	Spectrogram 1	1	31.029950646	31.030948378	2334.375	5878.125	5340.234	5340.234
49	Spectrogram 1	1	31.030948378	31.031946111	2334.375	5878.125	5167.969	5167.969
50	Spectrogram 1	1	31.031946111	31.032943843	2334.375	5878.125	5167.969	5167.969
51	Spectrogram 1	1	31.032943843	31.033941576	2334.375	5878.125	5167.969	5167.969
52	Spectrogram 1	1	31.033941576	31.034939308	2334.375	5878.125	5167.969	5167.969
53	Spectrogram 1	1	31.034939308	31.035937041	2334.375	5878.125	5167.969	5167.969
54	Spectrogram 1	1	31.035937041	31.036934773	2334.375	5878.125	4995.703	5081.836
55	Spectrogram 1	1	31.036934773	31.037932505	2334.375	5878.125	4995.703	5081.836
56	Spectrogram 1	1	31.037932505	31.038930238	2334.375	5878.125	4995.703	5081.836
57	Spectrogram 1	1	31.038930238	31.039927970	2334.375	5878.125	4995.703	5081.836
58	Spectrogram 1	1	31.039927970	31.040925703	2334.375	5878.125	4995.703	5081.836
59	Spectrogram 1	1	31.040925703	31.041923435	2334.375	5878.125	4995.703	5081.836
60	Spectrogram 1	1	31.041923435	31.042921168	2334.375	5878.125	4823.438	4823.438
61	Spectrogram 1	1	31.042921168	31.043918900	2334.375	5878.125	4823.438	4823.438
62	Spectrogram 1	1	31.043918900	31.044916632	2334.375	5878.125	4823.438	4823.438
63	Spectrogram 1	1	31.044916632	31.045914365	2334.375	5878.125	4823.438	4823.438
64	Spectrogram 1	1	31.045914365	31.046912097	2334.375	5878.125	4823.438	4823.438
65	Spectrogram 1	1	31.046912097	31.047909830	2334.375	5878.125	4823.438	4823.438
66	Spectrogram 1	1	31.047909830	31.048907562	2334.375	5878.125	5167.969	5254.102
67	Spectrogram 1	1	31.048907562	31.049905295	2334.375	5878.125	5167.969	5254.102
68	Spectrogram 1	1	31.049905295	31.050903027	2334.375	5878.125	5167.969	5254.102
69	Spectrogram 1	1	31.050903027	31.051900759	2334.375	5878.125	5167.969	5254.102
70	Spectrogram 1	1	31.051900759	31.052898492	2334.375	5878.125	5167.969	5254.102
71	Spectrogram 1	1	31.052898492	31.053896224	2334.375	5878.125	5167.969	5254.102
72	Spectrogram 1	1	31.053896224	31.054893957	2334.375	5878.125	5426.367	5426.367
73	Spectrogram 1	1	31.054893957	31.055891689	2334.375	5878.125	5426.367	5426.367
74	Spectrogram 1	1	31.055891689	31.056889422	2334.375	5878.125	5426.367	5426.367
75	Spectrogram 1	1	31.056889422	31.057887154	2334.375	5878.125	5426.367	5426.367
76	Spectrogram 1	1	31.057887154	31.058884886	2334.375	5878.125	5426.367	5426.367
77	Spectrogram 1	1	31.058884886	31.059882619	2334.375	5878.125	5426.367	5426.367
78	Spectrogram 1	1	31.059882619	31.060880351	2334.375	5878.125	5512.500	5512.500
79	Spectrogram 1	1	31.060880351	31.061878084	2334.375	5878.125	5512.500	5512.500
80	Spectrogram 1	1	31.061878084	31.062875816	2334.375	5878.125	5512.500	5512.500
81	Spectrogram 1	1	31.062875816	31.063873549	2334.375	5878.125	5512.500	5512.500
82	Spectrogram 1	1	31.063873549	31.064871281	2334.375	5878.125	5512.500	5512.500
83	Spectrogram 1	1	31.064871281	31.065869013	2334.375	5878.125	5512.500	5512.500
84	Spectrogram 1	1	31.065869013	31.066866746	2334.375	5878.125	5684.766	5684.766
85	Spectrogram 1	1	31.066866746	31.067864478	2334.375	5878.125	5684.766	5684.766
86	Spectrogram 1	1	31.067864478	31.068862211	2334.375	5878.125	5684.766	5684.766
87	Spectrogram 1	1	31.068862211	31.069859943	2334.375	5878.125	5684.766	5684.766
88	Spectrogram 1	1	31.069859943	31.070857676	2334.375	5878.125	5684.766	5684.766
89	Spectrogram 1	1	31.070857676	31.071855408	2334.375	5878.125	3186.914	3186.914
90	Spectrogram 1	1	31.071855408	31.072853140	2334.375	5878.125	3186.914	3186.914
91	Spectrogram 1	1	31.072853140	31.073850873	2334.375	5878.125	3186.914	3186.914
92	Spectrogram 1	1	31.073850873	31.074848605	2334.375	5878.125	3186.914	3186.914
93	Spectrogram 1	1	31.074848605	31.075846338	2334.375	5878.125	3186.914	3186.914
94	Spectrogram 1	1	31.075846338	31.076844070	2334.375	5878.125	3186.914	3186.914
95	Spectrogram 1	1	31.076844070	31.077841802	2334.375	5878.125	3359.180	3359.180
96	Spectrogram 1	1	31.077841802	31.078839535	2334.375	5878.125	3359.180	3359.180
97	Spectrogram 1	1	31.078839535	31.079837267	2334.375	5878.125	3359.180	3359.180
98	Spectrogram 1	1	31.079837267	31.080835000	2334.375	5878.125	3359.180	3359.180
99	Spectrogram 1	1	31.080835000	31.081832732	2334.375	5878.125	3359.180	3359.180
100	Spectrogram 1	1	31.081832732	31.082830465	2334.375	5878.125	3359.180	3359.180
101	Spectrogram 1	1	31.082830465	31.083828197	2334.375	5878.125	3531.445	3531.445
102	Spectrogram 1	1	31.083828197	31.084825929	2334.375	5878.125	3531.445	3531.445
103	Spectrogram 1	1	31.084825929	31.085823662	2334.375	5878.125	3531.445	3531.445
104	Spectrogram 1	1	31.085823662	31.086821394	2334.375	5878.125	3531.445	3531.445
105	Spectrogram 1	1	31.086821394	31.087819127	2334.375	5878.125	3531.445	3531.445
106	Spectrogram 1	1	31.087819127	31.088816859	2334.375	5878.125	3531.445	3531.445
107	Spectrogram 1	1	31.088816859	31.089814592	2334.375	5878.125	3617.578	3617.578
108	Spectrogram 1	1	31.089814592	31.090812324	2334.375	5878.125	3617.578	3617.578
109	Spectrogram 1	1	31.090812324	31.091810056	2334.375	5878.125	3617.578	3617.578
110	Spectrogram 1	1	31.091810056	31.092807789	2334.375	5878.125	3617.578	3617.578
111	Spectrogram 1	1	31.092807789	31.093805521	2334.375	5878.125	3617.578	3617.578
112	Spectrogram 1	1	31.093805521	31.094803254	2334.375	5878.125	3617.578	3617.578
113	Spectrogram 1	1	31.094803254	31.095800986	2334.375	5878.125	3789.844	3789.844
114	Spectrogram 1	1	31.095800986	31.096798719	2334.375	5878.125	3789.844	3789.844
115	Spectrogram 1	1	31.096798719	31.097796451	2334.375	5878.125	3789.844	3789.844
116	Spectrogram 1	1	31.097796451	31.098794183	2334.375	5878.125	3789.844	3789.844
117	Spectrogram 1	1	31.098794183	31.099791916	2334.375	5878.125	3789.844	3789.844
118	Spectrogram 1	1	31.099791916	31.100789648	2334.375	5878.125	3875.977	3875.977
119	Spectrogram 1	1	31.100789648	31.101787381	2334.375	5878.125	3875.977	3875.977
120	Spectrogram 1	1	31.101787381	31.102785113	2334.375	5878.125	3875.977	3875.977
121	Spectrogram 1	1	31.102785113	31.103782846	2334.375	5878.125	3875.977	3875.977
122	Spectrogram 1	1	31.103782846	31.104780578	2334.375	5878.125	3875.977	3875.977
123	Spectrogram 1	1	31.104780578	31.105778310	2334.375	5878.125	3875.977	3875.977
124	Spectrogram 1	1	31.105778310	31.106776043	2334.375	5878.125	3962.109	3962.109
125	Spectrogram 1	1	31.106776043	31.107773775	2334.375	5878.125	3962.109	3962.109
126	Spectrogram 1	1	31.107773775	31.108771508	2334.375	5878.125	3962.109	3962.109
127	Spectrogram 1	1	31.108771508	31.109769240	2334.375	5878.125	3962.109	3962.109
128	Spectrogram 1	1	31.109769240	31.110766973	2334.375	5878.125	3962.109	3962.109
129	Spectrogram 1	1	31.110766973	31.111764705	2334.375	5878.125	3962.109	3962.109
130	Spectrogram 1	1	31.111764705	31.112762437	2334.375	5878.125	3962.109	3962.109
131	Spectrogram 1	1	31.112762437	31.113760170	2334.375	5878.125	3962.109	3962.109
132	Spectrogram 1	1	31.113760170	31.114757902	2334.375	5878.125	3962.109	3962.109
133	Spectrogram 1	1	31.114757902	31.115755635	2334.375	5878.125	3962.109	3962.109
134	Spectrogram 1	1	31.115755635	31.116753367	2334.375	5878.125	3962.109	3962.109
135	Spectrogram 1	1	31.116753367	31.117751100	2334.375	5878.125	3962.109	3962.109
136	Spectrogram 1	1	31.117751100	31.118748832	2334.375	5878.125	4048.242	4048.242
137	Spectrogram 1	1	31.118748832	31.119746564	2334.375	5878.125	4048.242	4048.242
138	Spectrogram 1	1	31.119746564	31.120744297	2334.375	5878.125	4048.242	4048.242
139	Spectrogram 1	1	31.120744297	31.121742029	2334.375	5878.125	4048.242	4048.242
140	Spectrogram 1	1	31.121742029	31.122739762	2334.375	5878.125	4048.242	4048.242
141	Spectrogram 1	1	31.122739762	31.123737494	2334.375	5878.125	4048.242	4048.242
142	Spectrogram 1	1	31.123737494	31.124735227	2334.375	5878.125	4048.242	4048.242
143	Spectrogram 1	1	31.124735227	31.125732959	2334.375	5878.125	4048.242	4048.242
144	Spectrogram 1	1	31.125732959	31.126730691	2334.375	5878.125	4048.242	4048.242
145	Spectrogram 1	1	31.126730691	31.127728424	2334.375	5878.125	4048.242	4048.242
146	Spectrogram 1	1	31.127728424	31.128726156	2334.375	5878.125	4048.242	4048.242
147	Spectrogram 1	1	31.128726156	31.129723889	2334.375	5878.125	4048.242	4048.242
148	Spectrogram 1	1	31.129723889	31.130721621	2334.375	5878.125	4048.242	4048.242
149	Spectrogram 1	1	31.130721621	31.131719354	2334.375	5878.125	4048.242	4048.242
150	Spectrogram 1	1	31.131719354	31.132717086	2334.375	5878.125	4048.242	4048.242
151	Spectrogram 1	1	31.132717086	31.133714818	2334.375	5878.125	4048.242	4048.242
152	Spectrogram 1	1	31.133714818	31.134712551	2334.375	5878.125	4048.242	4048.242
153	Spectrogram 1	1	31.134712551	31.135710283	2334.375	5878.125	4134.375	4134.375
154	Spectrogram 1	1	31.135710283	31.136708016	2334.375	5878.125	4134.375	4134.375
155	Spectrogram 1	1	31.136708016	31.137705748	2334.375	5878.125	4134.375	4134.375
156	Spectrogram 1	1	31.137705748	31.138703481	2334.375	5878.125	4134.375	4134.375
157	Spectrogram 1	1	31.138703481	31.139701213	2334.375	5878.125	4134.375	4134.375
158	Spectrogram 1	1	31.139701213	31.140698945	2334.375	5878.125	4134.375	4134.375
159	Spectrogram 1	1	31.140698945	31.141696678	2334.375	5878.125	4134.375	4134.375
160	Spectrogram 1	1	31.141696678	31.142694410	2334.375	5878.125	4134.375	4134.375
161	Spectrogram 1	1	31.142694410	31.143692143	2334.375	5878.125	4134.375	4134.375
162	Spectrogram 1	1	31.143692143	31.144689875	2334.375	5878.125	4134.375	4134.375
163	Spectrogram 1	1	31.144689875	31.145687607	2334.375	5878.125	4134.375	4134.375
164	Spectrogram 1	1	31.145687607	31.146685340	2334.375	5878.125	4134.375	4134.375
165	Spectrogram 1	1	31.146685340	31.147683072	2334.375	5878.125	4392.773	4306.641
166	Spectrogram 1	1	31.147683072	31.148680805	2334.375	5878.125	4392.773	4306.641
167	Spectrogram 1	1	31.148680805	31.149678537	2334.375	5878.125	4392.773	4306.641
168	Spectrogram 1	1	31.149678537	31.150676270	2334.375	5878.125	4392.773	4306.641
169	Spectrogram 1	1	31.150676270	31.151674002	2334.375	5878.125	4392.773	4306.641
170	Spectrogram 1	1	31.151674002	31.152671734	2334.375	5878.125	4392.773	4306.641
171	Spectrogram 1	1	31.152671734	31.153669467	2334.375	5878.125	5167.969	5167.969
172	Spectrogram 1	1	31.153669467	31.154667199	2334.375	5878.125	5167.969	5167.969
173	Spectrogram 1	1	31.154667199	31.155664932	2334.375	5878.125	5167.969	5167.969
174	Spectrogram 1	1	31.155664932	31.156662664	2334.375	5878.125	5167.969	5167.969
175	Spectrogram 1	1	31.156662664	31.157660397	2334.375	5878.125	5167.969	5167.969
176	Spectrogram 1	1	31.157660397	31.158658129	2334.375	5878.125	5167.969	5167.969
177	Spectrogram 1	1	31.158658129	31.159655861	2334.375	5878.125	5684.766	5684.766
178	Spectrogram 1	1	31.159655861	31.160653594	2334.375	5878.125	5684.766	5684.766
179	Spectrogram 1	1	31.160653594	31.161651326	2334.375	5878.125	5684.766	5684.766
180	Spectrogram 1	1	31.161651326	31.162649059	2334.375	5878.125	5684.766	5684.766
181	Spectrogram 1	1	31.162649059	31.163646791	2334.375	5878.125	5684.766	5684.766
182	Spectrogram 1	1	31.163646791	31.164644524	2334.375	5878.125	5512.500	5598.633
183	Spectrogram 1	1	31.164644524	31.165642256	2334.375	5878.125	5512.500	5598.633
184	Spectrogram 1	1	31.165642256	31.166639988	2334.375	5878.125	5512.500	5598.633
185	Spectrogram 1	1	31.166639988	31.167637721	2334.375	5878.125	5512.500	5598.633
186	Spectrogram 1	1	31.167637721	31.168635453	2334.375	5878.125	5512.500	5598.633
187	Spectrogram 1	1	31.168635453	31.169633186	2334.375	5878.125	5512.500	5598.633
188	Spectrogram 1	1	31.169633186	31.170630918	2334.375	5878.125	4737.305	4651.172
189	Spectrogram 1	1	31.170630918	31.171628651	2334.375	5878.125	4737.305	4651.172
190	Spectrogram 1	1	31.171628651	31.172626383	2334.375	5878.125	4737.305	4651.172
191	Spectrogram 1	1	31.172626383	31.173624115	2334.375	5878.125	4737.305	4651.172
192	Spectrogram 1	1	31.173624115	31.174621848	2334.375	5878.125	4737.305	4651.172
193	Spectrogram 1	1	31.174621848	31.175619580	2334.375	5878.125	4737.305	4651.172
194	Spectrogram 1	1	31.175619580	31.176617313	2334.375	5878.125	4220.508	4306.641
195	Spectrogram 1	1	31.176617313	31.177615045	2334.375	5878.125	4220.508	4306.641
196	Spectrogram 1	1	31.177615045	31.178612778	2334.375	5878.125	4220.508	4306.641
197	Spectrogram 1	1	31.178612778	31.179610510	2334.375	5878.125	4220.508	4306.641
198	Spectrogram 1	1	31.179610510	31.180608242	2334.375	5878.125	4220.508	4306.641
199	Spectrogram 1	1	31.180608242	31.181605975	2334.375	5878.125	4220.508	4306.641
200	Spectrogram 1	1	31.181605975	31.182603707	2334.375	5878.125	3875.977	3875.977
201	Spectrogram 1	1	31.182603707	31.183601440	2334.375	5878.125	3875.977	3875.977
202	Spectrogram 1	1	31.183601440	31.184599172	2334.375	5878.125	3875.977	3875.977
203	Spectrogram 1	1	31.184599172	31.185596905	2334.375	5878.125	3875.977	3875.977
204	Spectrogram 1	1	31.185596905	31.186594637	2334.375	5878.125	3875.977	3875.977
205	Spectrogram 1	1	31.186594637	31.187592369	2334.375	5878.125	3875.977	3875.977
206	Spectrogram 1	1	31.187592369	31.188590102	2334.375	5878.125	3703.711	3703.711
207	Spectrogram 1	1	31.188590102	31.189587834	2334.375	5878.125	3703.711	3703.711
208	Spectrogram 1	1	31.189587834	31.190585567	2334.375	5878.125	3703.711	3703.711
209	Spectrogram 1	1	31.190585567	31.191583299	2334.375	5878.125	3703.711	3703.711
210	Spectrogram 1	1	31.191583299	31.192581032	2334.375	5878.125	3703.711	3703.711
211	Spectrogram 1	1	31.192581032	31.193578764	2334.375	5878.125	3703.711	3703.711
212	Spectrogram 1	1	31.193578764	31.194576496	2334.375	5878.125	3703.711	3703.711
213	Spectrogram 1	1	31.194576496	31.195574229	2334.375	5878.125	3703.711	3703.711
214	Spectrogram 1	1	31.195574229	31.196571961	2334.375	5878.125	3703.711	3703.711
215	Spectrogram 1	1	31.196571961	31.197569694	2334.375	5878.125	3703.711	3703.711
216	Spectrogram 1	1	31.197569694	31.197808238	2334.375	5878.125	3703.711	3703.711
