Selection	View	Channel	Begin Time (s)	End Time (s)	Low Freq (Hz)	High Freq (Hz)	Center Freq (Hz)	Peak Freq (Hz)
1	Spectrogram 1	1	92.199015228	92.200012960	2398.700	5889.600	4995.703	4823.438
2	Spectrogram 1	1	92.200012960	92.201010693	2398.700	5889.600	4995.703	4823.438
3	Spectrogram 1	1	92.201010693	92.202008425	2398.700	5889.600	4995.703	4823.438
4	Spectrogram 1	1	92.202008425	92.203006158	2398.700	5889.600	4995.703	4823.438
5	Spectrogram 1	1	92.203006158	92.204003890	2398.700	5889.600	4995.703	4823.438
6	Spectrogram 1	1	92.204003890	92.205001623	2398.700	5889.600	4220.508	4134.375
7	Spectrogram 1	1	92.205001623	92.205999355	2398.700	5889.600	4220.508	4134.375
8	Spectrogram 1	1	92.205999355	92.206997087	2398.700	5889.600	4220.508	4134.375
9	Spectrogram 1	1	92.206997087	92.207994820	2398.700	5889.600	4220.508	4134.375
10	Spectrogram 1	1	92.207994820	92.208992552	2398.700	5889.600	4220.508	4134.375
11	Spectrogram 1	1	92.208992552	92.209990285	2398.700	5889.600	4823.438	4995.703
12	Spectrogram 1	1	92.209990285	92.210988017	2398.700	5889.600	4823.438	4995.703
13	Spectrogram 1	1	92.210988017	92.211985750	2398.700	5889.600	4823.438	4995.703
14	Spectrogram 1	1	92.211985750	92.212983482	2398.700	5889.600	4823.438	4995.703
15	Spectrogram 1	1	92.212983482	92.213981214	2398.700	5889.600	4823.438	4995.703
16	Spectrogram 1	1	92.213981214	92.214978947	2398.700	5889.600	4823.438	4995.703
17	Spectrogram 1	1	92.214978947	92.215976679	2398.700	5889.600	4737.305	4995.703
18	Spectrogram 1	1	92.215976679	92.216974412	2398.700	5889.600	4737.305	4995.703
19	Spectrogram 1	1	92.216974412	92.217972144	2398.700	5889.600	4737.305	4995.703
20	Spectrogram 1	1	92.217972144	92.218969877	2398.700	5889.600	4737.305	4995.703
21	Spectrogram 1	1	92.218969877	92.219967609	2398.700	5889.600	4737.305	4995.703
22	Spectrogram 1	1	92.219967609	92.220965341	2398.700	5889.600	4737.305	4995.703
23	Spectrogram 1	1	92.220965341	92.221963074	2398.700	5889.600	4134.375	4220.508
24	Spectrogram 1	1	92.221963074	92.222960806	2398.700	5889.600	4134.375	4220.508
25	Spectrogram 1	1	92.222960806	92.223958539	2398.700	5889.600	4134.375	4220.508
26	Spectrogram 1	1	92.223958539	92.224956271	2398.700	5889.600	4134.375	4220.508
27	Spectrogram 1	1	92.224956271	92.225954004	2398.700	5889.600	4134.375	4220.508
28	Spectrogram 1	1	92.225954004	92.226951736	2398.700	5889.600	4134.375	4220.508
29	Spectrogram 1	1	92.226951736	92.227949468	2398.700	5889.600	4909.570	4995.703
30	Spectrogram 1	1	92.227949468	92.228947201	2398.700	5889.600	4909.570	4995.703
31	Spectrogram 1	1	92.228947201	92.229944933	2398.700	5889.600	4909.570	4995.703
32	Spectrogram 1	1	92.229944933	92.230942666	2398.700	5889.600	4909.570	4995.703
33	Spectrogram 1	1	92.230942666	92.231940398	2398.700	5889.600	4909.570	4995.703
34	Spectrogram 1	1	92.231940398	92.232938130	2398.700	5889.600	4909.570	4995.703
35	Spectrogram 1	1	92.232938130	92.233935863	2398.700	5889.600	4995.703	5426.367
36	Spectrogram 1	1	92.233935863	92.234933595	2398.700	5889.600	4995.703	5426.367
37	Spectrogram 1	1	92.234933595	92.235931328	2398.700	5889.600	4995.703	5426.367
38	Spectrogram 1	1	92.235931328	92.236929060	2398.700	5889.600	4995.703	5426.367
39	Spectrogram 1	1	92.236929060	92.237926793	2398.700	5889.600	4995.703	5426.367
40	Spectrogram 1	1	92.237926793	92.238924525	2398.700	5889.600	4823.438	4823.438
41	Spectrogram 1	1	92.238924525	92.239922257	2398.700	5889.600	4823.438	4823.438
42	Spectrogram 1	1	92.239922257	92.240919990	2398.700	5889.600	4823.438	4823.438
43	Spectrogram 1	1	92.240919990	92.241917722	2398.700	5889.600	4823.438	4823.438
44	Spectrogram 1	1	92.241917722	92.242915455	2398.700	5889.600	4823.438	4823.438
45	Spectrogram 1	1	92.242915455	92.243913187	2398.700	5889.600	4823.438	4823.438
46	Spectrogram 1	1	92.243913187	92.244910920	2398.700	5889.600	4995.703	4995.703
47	Spectrogram 1	1	92.244910920	92.245908652	2398.700	5889.600	4995.703	4995.703
48	Spectrogram 1	1	92.245908652	92.246906384	2398.700	5889.600	4995.703	4995.703
49	Spectrogram 1	1	92.246906384	92.247904117	2398.700	5889.600	4995.703	4995.703
50	Spectrogram 1	1	92.247904117	92.248901849	2398.700	5889.600	4995.703	4995.703
51	Spectrogram 1	1	92.248901849	92.249899582	2398.700	5889.600	4995.703	4995.703
52	Spectrogram 1	1	92.249899582	92.250897314	2398.700	5889.600	4737.305	4737.305
53	Spectrogram 1	1	92.250897314	92.251895047	2398.700	5889.600	4737.305	4737.305
54	Spectrogram 1	1	92.251895047	92.252892779	2398.700	5889.600	4737.305	4737.305
55	Spectrogram 1	1	92.252892779	92.253890511	2398.700	5889.600	4737.305	4737.305
56	Spectrogram 1	1	92.253890511	92.254888244	2398.700	5889.600	4737.305	4737.305
57	Spectrogram 1	1	92.254888244	92.255885976	2398.700	5889.600	4737.305	4737.305
58	Spectrogram 1	1	92.255885976	92.256883709	2398.700	5889.600	4995.703	4995.703
59	Spectrogram 1	1	92.256883709	92.257881441	2398.700	5889.600	4995.703	4995.703
60	Spectrogram 1	1	92.257881441	92.258879174	2398.700	5889.600	4995.703	4995.703
61	Spectrogram 1	1	92.258879174	92.259876906	2398.700	5889.600	4995.703	4995.703
62	Spectrogram 1	1	92.259876906	92.260874638	2398.700	5889.600	4995.703	4995.703
63	Spectrogram 1	1	92.260874638	92.261872371	2398.700	5889.600	4995.703	4995.703
64	Spectrogram 1	1	92.261872371	92.262870103	2398.700	5889.600	4909.570	4909.570
65	Spectrogram 1	1	92.262870103	92.263867836	2398.700	5889.600	4909.570	4909.570
66	Spectrogram 1	1	92.263867836	92.264865568	2398.700	5889.600	4909.570	4909.570
67	Spectrogram 1	1	92.264865568	92.265863301	2398.700	5889.600	4909.570	4909.570
68	Spectrogram 1	1	92.265863301	92.266861033	2398.700	5889.600	4909.570	4909.570
69	Spectrogram 1	1	92.266861033	92.267858765	2398.700	5889.600	4909.570	4909.570
70	Spectrogram 1	1	92.267858765	92.268856498	2398.700	5889.600	5081.836	5081.836
71	Spectrogram 1	1	92.268856498	92.269854230	2398.700	5889.600	5081.836	5081.836
72	Spectrogram 1	1	92.269854230	92.270851963	2398.700	5889.600	5081.836	5081.836
73	Spectrogram 1	1	92.270851963	92.271849695	2398.700	5889.600	5081.836	5081.836
74	Spectrogram 1	1	92.271849695	92.272847428	2398.700	5889.600	5081.836	5081.836
75	Spectrogram 1	1	92.272847428	92.273845160	2398.700	5889.600	4995.703	4995.703
76	Spectrogram 1	1	92.273845160	92.274842892	2398.700	5889.600	4995.703	4995.703
77	Spectrogram 1	1	92.274842892	92.275840625	2398.700	5889.600	4995.703	4995.703
78	Spectrogram 1	1	92.275840625	92.276838357	2398.700	5889.600	4995.703	4995.703
79	Spectrogram 1	1	92.276838357	92.277836090	2398.700	5889.600	4995.703	4995.703
80	Spectrogram 1	1	92.277836090	92.278833822	2398.700	5889.600	4995.703	4995.703
81	Spectrogram 1	1	92.278833822	92.279831555	2398.700	5889.600	3703.711	2756.250
82	Spectrogram 1	1	92.279831555	92.280829287	2398.700	5889.600	3703.711	2756.250
83	Spectrogram 1	1	92.280829287	92.281827019	2398.700	5889.600	3703.711	2756.250
84	Spectrogram 1	1	92.281827019	92.282824752	2398.700	5889.600	3703.711	2756.250
85	Spectrogram 1	1	92.282824752	92.283822484	2398.700	5889.600	3703.711	2756.250
86	Spectrogram 1	1	92.283822484	92.284820217	2398.700	5889.600	3703.711	2756.250
87	Spectrogram 1	1	92.284820217	92.285817949	2398.700	5889.600	3014.648	2928.516
88	Spectrogram 1	1	92.285817949	92.286815682	2398.700	5889.600	3014.648	2928.516
89	Spectrogram 1	1	92.286815682	92.287813414	2398.700	5889.600	3014.648	2928.516
90	Spectrogram 1	1	92.287813414	92.288811146	2398.700	5889.600	3014.648	2928.516
91	Spectrogram 1	1	92.288811146	92.289808879	2398.700	5889.600	3014.648	2928.516
92	Spectrogram 1	1	92.289808879	92.290806611	2398.700	5889.600	3014.648	2928.516
93	Spectrogram 1	1	92.290806611	92.291804344	2398.700	5889.600	3100.781	3100.781
94	Spectrogram 1	1	92.291804344	92.292802076	2398.700	5889.600	3100.781	3100.781
95	Spectrogram 1	1	92.292802076	92.293799808	2398.700	5889.600	3100.781	3100.781
96	Spectrogram 1	1	92.293799808	92.294797541	2398.700	5889.600	3100.781	3100.781
97	Spectrogram 1	1	92.294797541	92.295795273	2398.700	5889.600	3100.781	3100.781
98	Spectrogram 1	1	92.295795273	92.296793006	2398.700	5889.600	3100.781	3100.781
99	Spectrogram 1	1	92.296793006	92.297790738	2398.700	5889.600	3186.914	3186.914
100	Spectrogram 1	1	92.297790738	92.298788471	2398.700	5889.600	3186.914	3186.914
101	Spectrogram 1	1	92.298788471	92.299786203	2398.700	5889.600	3186.914	3186.914
102	Spectrogram 1	1	92.299786203	92.300783935	2398.700	5889.600	3186.914	3186.914
103	Spectrogram 1	1	92.300783935	92.301781668	2398.700	5889.600	3186.914	3186.914
104	Spectrogram 1	1	92.301781668	92.302779400	2398.700	5889.600	3445.312	3445.312
105	Spectrogram 1	1	92.302779400	92.303777133	2398.700	5889.600	3445.312	3445.312
106	Spectrogram 1	1	92.303777133	92.304774865	2398.700	5889.600	3445.312	3445.312
107	Spectrogram 1	1	92.304774865	92.305772598	2398.700	5889.600	3445.312	3445.312
108	Spectrogram 1	1	92.305772598	92.306770330	2398.700	5889.600	3445.312	3445.312
109	Spectrogram 1	1	92.306770330	92.307768062	2398.700	5889.600	3445.312	3445.312
110	Spectrogram 1	1	92.307768062	92.308765795	2398.700	5889.600	3531.445	3531.445
111	Spectrogram 1	1	92.308765795	92.309763527	2398.700	5889.600	3531.445	3531.445
112	Spectrogram 1	1	92.309763527	92.310761260	2398.700	5889.600	3531.445	3531.445
113	Spectrogram 1	1	92.310761260	92.311758992	2398.700	5889.600	3531.445	3531.445
114	Spectrogram 1	1	92.311758992	92.312756725	2398.700	5889.600	3531.445	3531.445
115	Spectrogram 1	1	92.312756725	92.313754457	2398.700	5889.600	3531.445	3531.445
116	Spectrogram 1	1	92.313754457	92.314752189	2398.700	5889.600	3703.711	3703.711
117	Spectrogram 1	1	92.314752189	92.315749922	2398.700	5889.600	3703.711	3703.711
118	Spectrogram 1	1	92.315749922	92.316747654	2398.700	5889.600	3703.711	3703.711
119	Spectrogram 1	1	92.316747654	92.317745387	2398.700	5889.600	3703.711	3703.711
120	Spectrogram 1	1	92.317745387	92.318743119	2398.700	5889.600	3703.711	3703.711
121	Spectrogram 1	1	92.318743119	92.319740852	2398.700	5889.600	3703.711	3703.711
122	Spectrogram 1	1	92.319740852	92.320738584	2398.700	5889.600	3703.711	3703.711
123	Spectrogram 1	1	92.320738584	92.321736316	2398.700	5889.600	3703.711	3703.711
124	Spectrogram 1	1	92.321736316	92.322734049	2398.700	5889.600	3703.711	3703.711
125	Spectrogram 1	1	92.322734049	92.323731781	2398.700	5889.600	3703.711	3703.711
126	Spectrogram 1	1	92.323731781	92.324729514	2398.700	5889.600	3703.711	3703.711
127	Spectrogram 1	1	92.324729514	92.325727246	2398.700	5889.600	3703.711	3703.711
128	Spectrogram 1	1	92.325727246	92.326724979	2398.700	5889.600	3789.844	3789.844
129	Spectrogram 1	1	92.326724979	92.327722711	2398.700	5889.600	3789.844	3789.844
130	Spectrogram 1	1	92.327722711	92.328720443	2398.700	5889.600	3789.844	3789.844
131	Spectrogram 1	1	92.328720443	92.329718176	2398.700	5889.600	3789.844	3789.844
132	Spectrogram 1	1	92.329718176	92.330715908	2398.700	5889.600	3789.844	3789.844
133	Spectrogram 1	1	92.330715908	92.331713641	2398.700	5889.600	3789.844	3789.844
134	Spectrogram 1	1	92.331713641	92.332711373	2398.700	5889.600	3789.844	3789.844
135	Spectrogram 1	1	92.332711373	92.333709106	2398.700	5889.600	3789.844	3789.844
136	Spectrogram 1	1	92.333709106	92.334706838	2398.700	5889.600	3789.844	3789.844
137	Spectrogram 1	1	92.334706838	92.335704570	2398.700	5889.600	3789.844	3789.844
138	Spectrogram 1	1	92.335704570	92.336702303	2398.700	5889.600	3789.844	3789.844
139	Spectrogram 1	1	92.336702303	92.337700035	2398.700	5889.600	3962.109	3962.109
140	Spectrogram 1	1	92.337700035	92.338697768	2398.700	5889.600	3962.109	3962.109
141	Spectrogram 1	1	92.338697768	92.339695500	2398.700	5889.600	3962.109	3962.109
142	Spectrogram 1	1	92.339695500	92.340693233	2398.700	5889.600	3962.109	3962.109
143	Spectrogram 1	1	92.340693233	92.341690965	2398.700	5889.600	3962.109	3962.109
144	Spectrogram 1	1	92.341690965	92.342688697	2398.700	5889.600	3962.109	3962.109
145	Spectrogram 1	1	92.342688697	92.343686430	2398.700	5889.600	3962.109	4048.242
146	Spectrogram 1	1	92.343686430	92.344684162	2398.700	5889.600	3962.109	4048.242
147	Spectrogram 1	1	92.344684162	92.345681895	2398.700	5889.600	3962.109	4048.242
148	Spectrogram 1	1	92.345681895	92.346679627	2398.700	5889.600	3962.109	4048.242
149	Spectrogram 1	1	92.346679627	92.347677360	2398.700	5889.600	3962.109	4048.242
150	Spectrogram 1	1	92.347677360	92.348675092	2398.700	5889.600	3962.109	4048.242
151	Spectrogram 1	1	92.348675092	92.349672824	2398.700	5889.600	4048.242	4048.242
152	Spectrogram 1	1	92.349672824	92.350670557	2398.700	5889.600	4048.242	4048.242
153	Spectrogram 1	1	92.350670557	92.351668289	2398.700	5889.600	4048.242	4048.242
154	Spectrogram 1	1	92.351668289	92.352666022	2398.700	5889.600	4048.242	4048.242
155	Spectrogram 1	1	92.352666022	92.353663754	2398.700	5889.600	4048.242	4048.242
156	Spectrogram 1	1	92.353663754	92.354661487	2398.700	5889.600	4048.242	4048.242
157	Spectrogram 1	1	92.354661487	92.355659219	2398.700	5889.600	4048.242	4048.242
158	Spectrogram 1	1	92.355659219	92.356656951	2398.700	5889.600	4048.242	4048.242
159	Spectrogram 1	1	92.356656951	92.357654684	2398.700	5889.600	4048.242	4048.242
160	Spectrogram 1	1	92.357654684	92.358652416	2398.700	5889.600	4048.242	4048.242
161	Spectrogram 1	1	92.358652416	92.359650149	2398.700	5889.600	4048.242	4048.242
162	Spectrogram 1	1	92.359650149	92.360647881	2398.700	5889.600	4048.242	4048.242
163	Spectrogram 1	1	92.360647881	92.361645613	2398.700	5889.600	3962.109	3962.109
164	Spectrogram 1	1	92.361645613	92.362643346	2398.700	5889.600	3962.109	3962.109
165	Spectrogram 1	1	92.362643346	92.363641078	2398.700	5889.600	3962.109	3962.109
166	Spectrogram 1	1	92.363641078	92.364638811	2398.700	5889.600	3962.109	3962.109
167	Spectrogram 1	1	92.364638811	92.365636543	2398.700	5889.600	3962.109	3962.109
168	Spectrogram 1	1	92.365636543	92.366634276	2398.700	5889.600	3875.977	3875.977
169	Spectrogram 1	1	92.366634276	92.367632008	2398.700	5889.600	3875.977	3875.977
170	Spectrogram 1	1	92.367632008	92.368629740	2398.700	5889.600	3875.977	3875.977
171	Spectrogram 1	1	92.368629740	92.369627473	2398.700	5889.600	3875.977	3875.977
172	Spectrogram 1	1	92.369627473	92.370625205	2398.700	5889.600	3875.977	3875.977
173	Spectrogram 1	1	92.370625205	92.371622938	2398.700	5889.600	3875.977	3875.977
174	Spectrogram 1	1	92.371622938	92.372620670	2398.700	5889.600	3962.109	3962.109
175	Spectrogram 1	1	92.372620670	92.373618403	2398.700	5889.600	3962.109	3962.109
176	Spectrogram 1	1	92.373618403	92.374616135	2398.700	5889.600	3962.109	3962.109
177	Spectrogram 1	1	92.374616135	92.375613867	2398.700	5889.600	3962.109	3962.109
178	Spectrogram 1	1	92.375613867	92.376611600	2398.700	5889.600	3962.109	3962.109
179	Spectrogram 1	1	92.376611600	92.377609332	2398.700	5889.600	3962.109	3962.109
180	Spectrogram 1	1	92.377609332	92.378607065	2398.700	5889.600	4134.375	4134.375
181	Spectrogram 1	1	92.378607065	92.379604797	2398.700	5889.600	4134.375	4134.375
182	Spectrogram 1	1	92.379604797	92.380602530	2398.700	5889.600	4134.375	4134.375
183	Spectrogram 1	1	92.380602530	92.381600262	2398.700	5889.600	4134.375	4134.375
184	Spectrogram 1	1	92.381600262	92.382597994	2398.700	5889.600	4134.375	4134.375
185	Spectrogram 1	1	92.382597994	92.383595727	2398.700	5889.600	4134.375	4134.375
186	Spectrogram 1	1	92.383595727	92.384593459	2398.700	5889.600	5167.969	5254.102
187	Spectrogram 1	1	92.384593459	92.385591192	2398.700	5889.600	5167.969	5254.102
188	Spectrogram 1	1	92.385591192	92.386588924	2398.700	5889.600	5167.969	5254.102
189	Spectrogram 1	1	92.386588924	92.387586657	2398.700	5889.600	5167.969	5254.102
190	Spectrogram 1	1	92.387586657	92.388584389	2398.700	5889.600	5167.969	5254.102
191	Spectrogram 1	1	92.388584389	92.389582121	2398.700	5889.600	5167.969	5254.102
192	Spectrogram 1	1	92.389582121	92.390579854	2398.700	5889.600	5684.766	5684.766
193	Spectrogram 1	1	92.390579854	92.391577586	2398.700	5889.600	5684.766	5684.766
194	Spectrogram 1	1	92.391577586	92.392575319	2398.700	5889.600	5684.766	5684.766
195	Spectrogram 1	1	92.392575319	92.393573051	2398.700	5889.600	5684.766	5684.766
196	Spectrogram 1	1	92.393573051	92.394570784	2398.700	5889.600	5684.766	5684.766
197	Spectrogram 1	1	92.394570784	92.395568516	2398.700	5889.600	5684.766	5684.766
198	Spectrogram 1	1	92.395568516	92.396566248	2398.700	5889.600	5512.500	5512.500
199	Spectrogram 1	1	92.396566248	92.397563981	2398.700	5889.600	5512.500	5512.500
200	Spectrogram 1	1	92.397563981	92.398561713	2398.700	5889.600	5512.500	5512.500
201	Spectrogram 1	1	92.398561713	92.399559446	2398.700	5889.600	5512.500	5512.500
202	Spectrogram 1	1	92.399559446	92.400557178	2398.700	5889.600	5512.500	5512.500
203	Spectrogram 1	1	92.400557178	92.401554911	2398.700	5889.600	4909.570	4995.703
204	Spectrogram 1	1	92.401554911	92.402552643	2398.700	5889.600	4909.570	4995.703
205	Spectrogram 1	1	92.402552643	92.403550375	2398.700	5889.600	4909.570	4995.703
206	Spectrogram 1	1	92.403550375	92.404548108	2398.700	5889.600	4909.570	4995.703
207	Spectrogram 1	1	92.404548108	92.405545840	2398.700	5889.600	4909.570	4995.703
208	Spectrogram 1	1	92.405545840	92.406543573	2398.700	5889.600	4909.570	4995.703
209	Spectrogram 1	1	92.406543573	92.407541305	2398.700	5889.600	4220.508	4220.508
210	Spectrogram 1	1	92.407541305	92.408539038	2398.700	5889.600	4220.508	4220.508
211	Spectrogram 1	1	92.408539038	92.409536770	2398.700	5889.600	4220.508	4220.508
212	Spectrogram 1	1	92.409536770	92.410534502	2398.700	5889.600	4220.508	4220.508
213	Spectrogram 1	1	92.410534502	92.411532235	2398.700	5889.600	4220.508	4220.508
214	Spectrogram 1	1	92.411532235	92.412529967	2398.700	5889.600	4220.508	4220.508
215	Spectrogram 1	1	92.412529967	92.413527700	2398.700	5889.600	3962.109	3875.977
216	Spectrogram 1	1	92.413527700	92.414525432	2398.700	5889.600	3962.109	3875.977
217	Spectrogram 1	1	92.414525432	92.415523165	2398.700	5889.600	3962.109	3875.977
218	Spectrogram 1	1	92.415523165	92.416520897	2398.700	5889.600	3962.109	3875.977
219	Spectrogram 1	1	92.416520897	92.417518629	2398.700	5889.600	3962.109	3875.977
220	Spectrogram 1	1	92.417518629	92.418516362	2398.700	5889.600	3962.109	3875.977
221	Spectrogram 1	1	92.418516362	92.419514094	2398.700	5889.600	3617.578	3617.578
222	Spectrogram 1	1	92.419514094	92.420511827	2398.700	5889.600	3617.578	3617.578
223	Spectrogram 1	1	92.420511827	92.421509559	2398.700	5889.600	3617.578	3617.578
224	Spectrogram 1	1	92.421509559	92.422507291	2398.700	5889.600	3617.578	3617.578
225	Spectrogram 1	1	92.422507291	92.423505024	2398.700	5889.600	3617.578	3617.578
226	Spectrogram 1	1	92.423505024	92.424502756	2398.700	5889.600	3617.578	3617.578
227	Spectrogram 1	1	92.424502756	92.425029104	2398.700	5889.600	3875.977	3875.977
