Selection	View	Channel	Begin Time (s)	End Time (s)	Low Freq (Hz)	High Freq (Hz)	Center Freq (Hz)	Peak Freq (Hz)
1	Spectrogram 1	1	20.954295195	20.955292927	2205.000	5688.900	4737.305	5512.500
2	Spectrogram 1	1	20.955292927	20.956290660	2205.000	5688.900	4737.305	5512.500
3	Spectrogram 1	1	20.956290660	20.957288392	2205.000	5688.900	4737.305	5512.500
4	Spectrogram 1	1	20.957288392	20.958286125	2205.000	5688.900	4737.305	5512.500
5	Spectrogram 1	1	20.958286125	20.959283857	2205.000	5688.900	4737.305	5512.500
6	Spectrogram 1	1	20.959283857	20.960281590	2205.000	5688.900	4478.906	4478.906
7	Spectrogram 1	1	20.960281590	20.961279322	2205.000	5688.900	4478.906	4478.906
8	Spectrogram 1	1	20.961279322	20.962277054	2205.000	5688.900	4478.906	4478.906
9	Spectrogram 1	1	20.962277054	20.963274787	2205.000	5688.900	4478.906	4478.906
10	Spectrogram 1	1	20.963274787	20.964272519	2205.000	5688.900	4478.906	4478.906
11	Spectrogram 1	1	20.964272519	20.965270252	2205.000	5688.900	4651.172	4651.172
12	Spectrogram 1	1	20.965270252	20.966267984	2205.000	5688.900	4651.172	4651.172
13	Spectrogram 1	1	20.966267984	20.967265717	2205.000	5688.900	4651.172	4651.172
14	Spectrogram 1	1	20.967265717	20.968263449	2205.000	5688.900	4651.172	4651.172
15	Spectrogram 1	1	20.968263449	20.969261181	2205.000	5688.900	4651.172	4651.172
16	Spectrogram 1	1	20.969261181	20.970258914	2205.000	5688.900	4651.172	4651.172
17	Spectrogram 1	1	20.970258914	20.971256646	2205.000	5688.900	4392.773	4220.508
18	Spectrogram 1	1	20.971256646	20.972254379	2205.000	5688.900	4392.773	4220.508
19	Spectrogram 1	1	20.972254379	20.973252111	2205.000	5688.900	4392.773	4220.508
20	Spectrogram 1	1	20.973252111	20.974249844	2205.000	5688.900	4392.773	4220.508
21	Spectrogram 1	1	20.974249844	20.975247576	2205.000	5688.900	4392.773	4220.508
22	Spectrogram 1	1	20.975247576	20.976245308	2205.000	5688.900	4392.773	4220.508
23	Spectrogram 1	1	20.976245308	20.977243041	2205.000	5688.900	4737.305	4651.172
24	Spectrogram 1	1	20.977243041	20.978240773	2205.000	5688.900	4737.305	4651.172
25	Spectrogram 1	1	20.978240773	20.979238506	2205.000	5688.900	4737.305	4651.172
26	Spectrogram 1	1	20.979238506	20.980236238	2205.000	5688.900	4737.305	4651.172
27	Spectrogram 1	1	20.980236238	20.981233971	2205.000	5688.900	4737.305	4651.172
28	Spectrogram 1	1	20.981233971	20.982231703	2205.000	5688.900	4737.305	4651.172
29	Spectrogram 1	1	20.982231703	20.983229435	2205.000	5688.900	4565.039	4478.906
30	Spectrogram 1	1	20.983229435	20.984227168	2205.000	5688.900	4565.039	4478.906
31	Spectrogram 1	1	20.984227168	20.985224900	2205.000	5688.900	4565.039	4478.906
32	Spectrogram 1	1	20.985224900	20.986222633	2205.000	5688.900	4565.039	4478.906
33	Spectrogram 1	1	20.986222633	20.987220365	2205.000	5688.900	4565.039	4478.906
34	Spectrogram 1	1	20.987220365	20.988218097	2205.000	5688.900	4565.039	4478.906
35	Spectrogram 1	1	20.988218097	20.989215830	2205.000	5688.900	4823.438	4823.438
36	Spectrogram 1	1	20.989215830	20.990213562	2205.000	5688.900	4823.438	4823.438
37	Spectrogram 1	1	20.990213562	20.991211295	2205.000	5688.900	4823.438	4823.438
38	Spectrogram 1	1	20.991211295	20.992209027	2205.000	5688.900	4823.438	4823.438
39	Spectrogram 1	1	20.992209027	20.993206760	2205.000	5688.900	4823.438	4823.438
40	Spectrogram 1	1	20.993206760	20.994204492	2205.000	5688.900	4823.438	4823.438
41	Spectrogram 1	1	20.994204492	20.995202224	2205.000	5688.900	4823.438	4823.438
42	Spectrogram 1	1	20.995202224	20.996199957	2205.000	5688.900	4823.438	4823.438
43	Spectrogram 1	1	20.996199957	20.997197689	2205.000	5688.900	4823.438	4823.438
44	Spectrogram 1	1	20.997197689	20.998195422	2205.000	5688.900	4823.438	4823.438
45	Spectrogram 1	1	20.998195422	20.999193154	2205.000	5688.900	4823.438	4823.438
46	Spectrogram 1	1	20.999193154	21.000190887	2205.000	5688.900	4823.438	4823.438
47	Spectrogram 1	1	21.000190887	21.001188619	2205.000	5688.900	4823.438	4823.438
48	Spectrogram 1	1	21.001188619	21.002186351	2205.000	5688.900	4823.438	4823.438
49	Spectrogram 1	1	21.002186351	21.003184084	2205.000	5688.900	4823.438	4823.438
50	Spectrogram 1	1	21.003184084	21.004181816	2205.000	5688.900	4823.438	4823.438
51	Spectrogram 1	1	21.004181816	21.005179549	2205.000	5688.900	4823.438	4823.438
52	Spectrogram 1	1	21.005179549	21.006177281	2205.000	5688.900	4823.438	4823.438
53	Spectrogram 1	1	21.006177281	21.007175014	2205.000	5688.900	4823.438	4823.438
54	Spectrogram 1	1	21.007175014	21.008172746	2205.000	5688.900	4823.438	4823.438
55	Spectrogram 1	1	21.008172746	21.009170478	2205.000	5688.900	4823.438	4823.438
56	Spectrogram 1	1	21.009170478	21.010168211	2205.000	5688.900	4823.438	4823.438
57	Spectrogram 1	1	21.010168211	21.011165943	2205.000	5688.900	4823.438	4823.438
58	Spectrogram 1	1	21.011165943	21.012163676	2205.000	5688.900	4651.172	4651.172
59	Spectrogram 1	1	21.012163676	21.013161408	2205.000	5688.900	4651.172	4651.172
60	Spectrogram 1	1	21.013161408	21.014159141	2205.000	5688.900	4651.172	4651.172
61	Spectrogram 1	1	21.014159141	21.015156873	2205.000	5688.900	4651.172	4651.172
62	Spectrogram 1	1	21.015156873	21.016154605	2205.000	5688.900	4651.172	4651.172
63	Spectrogram 1	1	21.016154605	21.017152338	2205.000	5688.900	4651.172	4651.172
64	Spectrogram 1	1	21.017152338	21.018150070	2205.000	5688.900	4478.906	4478.906
65	Spectrogram 1	1	21.018150070	21.019147803	2205.000	5688.900	4478.906	4478.906
66	Spectrogram 1	1	21.019147803	21.020145535	2205.000	5688.900	4478.906	4478.906
67	Spectrogram 1	1	21.020145535	21.021143268	2205.000	5688.900	4478.906	4478.906
68	Spectrogram 1	1	21.021143268	21.022141000	2205.000	5688.900	4478.906	4478.906
69	Spectrogram 1	1	21.022141000	21.023138732	2205.000	5688.900	4478.906	4478.906
70	Spectrogram 1	1	21.023138732	21.024136465	2205.000	5688.900	4565.039	4565.039
71	Spectrogram 1	1	21.024136465	21.025134197	2205.000	5688.900	4565.039	4565.039
72	Spectrogram 1	1	21.025134197	21.026131930	2205.000	5688.900	4565.039	4565.039
73	Spectrogram 1	1	21.026131930	21.027129662	2205.000	5688.900	4565.039	4565.039
74	Spectrogram 1	1	21.027129662	21.028127395	2205.000	5688.900	4565.039	4565.039
75	Spectrogram 1	1	21.028127395	21.029125127	2205.000	5688.900	4823.438	4823.438
76	Spectrogram 1	1	21.029125127	21.030122859	2205.000	5688.900	4823.438	4823.438
77	Spectrogram 1	1	21.030122859	21.031120592	2205.000	5688.900	4823.438	4823.438
78	Spectrogram 1	1	21.031120592	21.032118324	2205.000	5688.900	4823.438	4823.438
79	Spectrogram 1	1	21.032118324	21.033116057	2205.000	5688.900	4823.438	4823.438
80	Spectrogram 1	1	21.033116057	21.034113789	2205.000	5688.900	4823.438	4823.438
81	Spectrogram 1	1	21.034113789	21.035111522	2205.000	5688.900	4737.305	4823.438
82	Spectrogram 1	1	21.035111522	21.036109254	2205.000	5688.900	4737.305	4823.438
83	Spectrogram 1	1	21.036109254	21.037106986	2205.000	5688.900	4737.305	4823.438
84	Spectrogram 1	1	21.037106986	21.038104719	2205.000	5688.900	4737.305	4823.438
85	Spectrogram 1	1	21.038104719	21.039102451	2205.000	5688.900	4737.305	4823.438
86	Spectrogram 1	1	21.039102451	21.040100184	2205.000	5688.900	4737.305	4823.438
87	Spectrogram 1	1	21.040100184	21.041097916	2205.000	5688.900	4737.305	4737.305
88	Spectrogram 1	1	21.041097916	21.042095649	2205.000	5688.900	4737.305	4737.305
89	Spectrogram 1	1	21.042095649	21.043093381	2205.000	5688.900	4737.305	4737.305
90	Spectrogram 1	1	21.043093381	21.044091113	2205.000	5688.900	4737.305	4737.305
91	Spectrogram 1	1	21.044091113	21.045088846	2205.000	5688.900	4737.305	4737.305
92	Spectrogram 1	1	21.045088846	21.046086578	2205.000	5688.900	4737.305	4737.305
93	Spectrogram 1	1	21.046086578	21.047084311	2205.000	5688.900	5254.102	5254.102
94	Spectrogram 1	1	21.047084311	21.048082043	2205.000	5688.900	5254.102	5254.102
95	Spectrogram 1	1	21.048082043	21.049079775	2205.000	5688.900	5254.102	5254.102
96	Spectrogram 1	1	21.049079775	21.050077508	2205.000	5688.900	5254.102	5254.102
97	Spectrogram 1	1	21.050077508	21.051075240	2205.000	5688.900	5254.102	5254.102
98	Spectrogram 1	1	21.051075240	21.052072973	2205.000	5688.900	5254.102	5254.102
99	Spectrogram 1	1	21.052072973	21.053070705	2205.000	5688.900	5340.234	5340.234
100	Spectrogram 1	1	21.053070705	21.054068438	2205.000	5688.900	5340.234	5340.234
101	Spectrogram 1	1	21.054068438	21.055066170	2205.000	5688.900	5340.234	5340.234
102	Spectrogram 1	1	21.055066170	21.056063902	2205.000	5688.900	5340.234	5340.234
103	Spectrogram 1	1	21.056063902	21.057061635	2205.000	5688.900	5340.234	5340.234
104	Spectrogram 1	1	21.057061635	21.058059367	2205.000	5688.900	5340.234	5340.234
105	Spectrogram 1	1	21.058059367	21.059057100	2205.000	5688.900	5598.633	5598.633
106	Spectrogram 1	1	21.059057100	21.060054832	2205.000	5688.900	5598.633	5598.633
107	Spectrogram 1	1	21.060054832	21.061052565	2205.000	5688.900	5598.633	5598.633
108	Spectrogram 1	1	21.061052565	21.062050297	2205.000	5688.900	5598.633	5598.633
109	Spectrogram 1	1	21.062050297	21.063048029	2205.000	5688.900	5598.633	5598.633
110	Spectrogram 1	1	21.063048029	21.064045762	2205.000	5688.900	3014.648	3014.648
111	Spectrogram 1	1	21.064045762	21.065043494	2205.000	5688.900	3014.648	3014.648
112	Spectrogram 1	1	21.065043494	21.066041227	2205.000	5688.900	3014.648	3014.648
113	Spectrogram 1	1	21.066041227	21.067038959	2205.000	5688.900	3014.648	3014.648
114	Spectrogram 1	1	21.067038959	21.068036692	2205.000	5688.900	3014.648	3014.648
115	Spectrogram 1	1	21.068036692	21.069034424	2205.000	5688.900	3014.648	3014.648
116	Spectrogram 1	1	21.069034424	21.070032156	2205.000	5688.900	3186.914	3186.914
117	Spectrogram 1	1	21.070032156	21.071029889	2205.000	5688.900	3186.914	3186.914
118	Spectrogram 1	1	21.071029889	21.072027621	2205.000	5688.900	3186.914	3186.914
119	Spectrogram 1	1	21.072027621	21.073025354	2205.000	5688.900	3186.914	3186.914
120	Spectrogram 1	1	21.073025354	21.074023086	2205.000	5688.900	3186.914	3186.914
121	Spectrogram 1	1	21.074023086	21.075020819	2205.000	5688.900	3186.914	3186.914
122	Spectrogram 1	1	21.075020819	21.076018551	2205.000	5688.900	3273.047	3273.047
123	Spectrogram 1	1	21.076018551	21.077016283	2205.000	5688.900	3273.047	3273.047
124	Spectrogram 1	1	21.077016283	21.078014016	2205.000	5688.900	3273.047	3273.047
125	Spectrogram 1	1	21.078014016	21.079011748	2205.000	5688.900	3273.047	3273.047
126	Spectrogram 1	1	21.079011748	21.080009481	2205.000	5688.900	3273.047	3273.047
127	Spectrogram 1	1	21.080009481	21.081007213	2205.000	5688.900	3273.047	3273.047
128	Spectrogram 1	1	21.081007213	21.082004946	2205.000	5688.900	3445.312	3445.312
129	Spectrogram 1	1	21.082004946	21.083002678	2205.000	5688.900	3445.312	3445.312
130	Spectrogram 1	1	21.083002678	21.084000410	2205.000	5688.900	3445.312	3445.312
131	Spectrogram 1	1	21.084000410	21.084998143	2205.000	5688.900	3445.312	3445.312
132	Spectrogram 1	1	21.084998143	21.085995875	2205.000	5688.900	3445.312	3445.312
133	Spectrogram 1	1	21.085995875	21.086993608	2205.000	5688.900	3445.312	3445.312
134	Spectrogram 1	1	21.086993608	21.087991340	2205.000	5688.900	3617.578	3617.578
135	Spectrogram 1	1	21.087991340	21.088989073	2205.000	5688.900	3617.578	3617.578
136	Spectrogram 1	1	21.088989073	21.089986805	2205.000	5688.900	3617.578	3617.578
137	Spectrogram 1	1	21.089986805	21.090984537	2205.000	5688.900	3617.578	3617.578
138	Spectrogram 1	1	21.090984537	21.091982270	2205.000	5688.900	3617.578	3617.578
139	Spectrogram 1	1	21.091982270	21.092980002	2205.000	5688.900	3703.711	3703.711
140	Spectrogram 1	1	21.092980002	21.093977735	2205.000	5688.900	3703.711	3703.711
141	Spectrogram 1	1	21.093977735	21.094975467	2205.000	5688.900	3703.711	3703.711
142	Spectrogram 1	1	21.094975467	21.095973200	2205.000	5688.900	3703.711	3703.711
143	Spectrogram 1	1	21.095973200	21.096970932	2205.000	5688.900	3703.711	3703.711
144	Spectrogram 1	1	21.096970932	21.097968664	2205.000	5688.900	3703.711	3703.711
145	Spectrogram 1	1	21.097968664	21.098966397	2205.000	5688.900	3789.844	3789.844
146	Spectrogram 1	1	21.098966397	21.099964129	2205.000	5688.900	3789.844	3789.844
147	Spectrogram 1	1	21.099964129	21.100961862	2205.000	5688.900	3789.844	3789.844
148	Spectrogram 1	1	21.100961862	21.101959594	2205.000	5688.900	3789.844	3789.844
149	Spectrogram 1	1	21.101959594	21.102957327	2205.000	5688.900	3789.844	3789.844
150	Spectrogram 1	1	21.102957327	21.103955059	2205.000	5688.900	3789.844	3789.844
151	Spectrogram 1	1	21.103955059	21.104952791	2205.000	5688.900	3789.844	3789.844
152	Spectrogram 1	1	21.104952791	21.105950524	2205.000	5688.900	3789.844	3789.844
153	Spectrogram 1	1	21.105950524	21.106948256	2205.000	5688.900	3789.844	3789.844
154	Spectrogram 1	1	21.106948256	21.107945989	2205.000	5688.900	3789.844	3789.844
155	Spectrogram 1	1	21.107945989	21.108943721	2205.000	5688.900	3789.844	3789.844
156	Spectrogram 1	1	21.108943721	21.109941454	2205.000	5688.900	3789.844	3789.844
157	Spectrogram 1	1	21.109941454	21.110939186	2205.000	5688.900	3875.977	3875.977
158	Spectrogram 1	1	21.110939186	21.111936918	2205.000	5688.900	3875.977	3875.977
159	Spectrogram 1	1	21.111936918	21.112934651	2205.000	5688.900	3875.977	3875.977
160	Spectrogram 1	1	21.112934651	21.113932383	2205.000	5688.900	3875.977	3875.977
161	Spectrogram 1	1	21.113932383	21.114930116	2205.000	5688.900	3875.977	3875.977
162	Spectrogram 1	1	21.114930116	21.115927848	2205.000	5688.900	3875.977	3875.977
163	Spectrogram 1	1	21.115927848	21.116925580	2205.000	5688.900	3875.977	3875.977
164	Spectrogram 1	1	21.116925580	21.117923313	2205.000	5688.900	3875.977	3875.977
165	Spectrogram 1	1	21.117923313	21.118921045	2205.000	5688.900	3875.977	3875.977
166	Spectrogram 1	1	21.118921045	21.119918778	2205.000	5688.900	3875.977	3875.977
167	Spectrogram 1	1	21.119918778	21.120916510	2205.000	5688.900	3875.977	3875.977
168	Spectrogram 1	1	21.120916510	21.121914243	2205.000	5688.900	3875.977	3875.977
169	Spectrogram 1	1	21.121914243	21.122911975	2205.000	5688.900	3875.977	3962.109
170	Spectrogram 1	1	21.122911975	21.123909707	2205.000	5688.900	3875.977	3962.109
171	Spectrogram 1	1	21.123909707	21.124907440	2205.000	5688.900	3875.977	3962.109
172	Spectrogram 1	1	21.124907440	21.125905172	2205.000	5688.900	3875.977	3962.109
173	Spectrogram 1	1	21.125905172	21.126902905	2205.000	5688.900	3875.977	3962.109
174	Spectrogram 1	1	21.126902905	21.127900637	2205.000	5688.900	3875.977	3875.977
175	Spectrogram 1	1	21.127900637	21.128898370	2205.000	5688.900	3875.977	3875.977
176	Spectrogram 1	1	21.128898370	21.129896102	2205.000	5688.900	3875.977	3875.977
177	Spectrogram 1	1	21.129896102	21.130893834	2205.000	5688.900	3875.977	3875.977
178	Spectrogram 1	1	21.130893834	21.131891567	2205.000	5688.900	3875.977	3875.977
179	Spectrogram 1	1	21.131891567	21.132889299	2205.000	5688.900	3875.977	3875.977
180	Spectrogram 1	1	21.132889299	21.133887032	2205.000	5688.900	3875.977	3875.977
181	Spectrogram 1	1	21.133887032	21.134884764	2205.000	5688.900	3875.977	3875.977
182	Spectrogram 1	1	21.134884764	21.135882497	2205.000	5688.900	3875.977	3875.977
183	Spectrogram 1	1	21.135882497	21.136880229	2205.000	5688.900	3875.977	3875.977
184	Spectrogram 1	1	21.136880229	21.137877961	2205.000	5688.900	3875.977	3875.977
185	Spectrogram 1	1	21.137877961	21.138875694	2205.000	5688.900	3875.977	3875.977
186	Spectrogram 1	1	21.138875694	21.139873426	2205.000	5688.900	3789.844	3789.844
187	Spectrogram 1	1	21.139873426	21.140871159	2205.000	5688.900	3789.844	3789.844
188	Spectrogram 1	1	21.140871159	21.141868891	2205.000	5688.900	3789.844	3789.844
189	Spectrogram 1	1	21.141868891	21.142866624	2205.000	5688.900	3789.844	3789.844
190	Spectrogram 1	1	21.142866624	21.143864356	2205.000	5688.900	3789.844	3789.844
191	Spectrogram 1	1	21.143864356	21.144862088	2205.000	5688.900	3789.844	3789.844
192	Spectrogram 1	1	21.144862088	21.145859821	2205.000	5688.900	3789.844	3789.844
193	Spectrogram 1	1	21.145859821	21.146857553	2205.000	5688.900	3789.844	3789.844
194	Spectrogram 1	1	21.146857553	21.147855286	2205.000	5688.900	3789.844	3789.844
195	Spectrogram 1	1	21.147855286	21.148853018	2205.000	5688.900	3789.844	3789.844
196	Spectrogram 1	1	21.148853018	21.149850751	2205.000	5688.900	3789.844	3789.844
197	Spectrogram 1	1	21.149850751	21.150848483	2205.000	5688.900	3789.844	3789.844
198	Spectrogram 1	1	21.150848483	21.151846215	2205.000	5688.900	4220.508	3962.109
199	Spectrogram 1	1	21.151846215	21.152843948	2205.000	5688.900	4220.508	3962.109
200	Spectrogram 1	1	21.152843948	21.153841680	2205.000	5688.900	4220.508	3962.109
201	Spectrogram 1	1	21.153841680	21.154839413	2205.000	5688.900	4220.508	3962.109
202	Spectrogram 1	1	21.154839413	21.155837145	2205.000	5688.900	4220.508	3962.109
203	Spectrogram 1	1	21.155837145	21.156834878	2205.000	5688.900	5254.102	5254.102
204	Spectrogram 1	1	21.156834878	21.157832610	2205.000	5688.900	5254.102	5254.102
205	Spectrogram 1	1	21.157832610	21.158830342	2205.000	5688.900	5254.102	5254.102
206	Spectrogram 1	1	21.158830342	21.159828075	2205.000	5688.900	5254.102	5254.102
207	Spectrogram 1	1	21.159828075	21.160825807	2205.000	5688.900	5254.102	5254.102
208	Spectrogram 1	1	21.160825807	21.161823540	2205.000	5688.900	5254.102	5254.102
209	Spectrogram 1	1	21.161823540	21.162821272	2205.000	5688.900	5426.367	5426.367
210	Spectrogram 1	1	21.162821272	21.163819005	2205.000	5688.900	5426.367	5426.367
211	Spectrogram 1	1	21.163819005	21.164816737	2205.000	5688.900	5426.367	5426.367
212	Spectrogram 1	1	21.164816737	21.165814469	2205.000	5688.900	5426.367	5426.367
213	Spectrogram 1	1	21.165814469	21.166812202	2205.000	5688.900	5426.367	5426.367
214	Spectrogram 1	1	21.166812202	21.167809934	2205.000	5688.900	5426.367	5426.367
215	Spectrogram 1	1	21.167809934	21.168807667	2205.000	5688.900	5254.102	5254.102
216	Spectrogram 1	1	21.168807667	21.169805399	2205.000	5688.900	5254.102	5254.102
217	Spectrogram 1	1	21.169805399	21.170803132	2205.000	5688.900	5254.102	5254.102
218	Spectrogram 1	1	21.170803132	21.171800864	2205.000	5688.900	5254.102	5254.102
219	Spectrogram 1	1	21.171800864	21.172798596	2205.000	5688.900	5254.102	5254.102
220	Spectrogram 1	1	21.172798596	21.173796329	2205.000	5688.900	5254.102	5254.102
221	Spectrogram 1	1	21.173796329	21.174794061	2205.000	5688.900	4565.039	4651.172
222	Spectrogram 1	1	21.174794061	21.175791794	2205.000	5688.900	4565.039	4651.172
223	Spectrogram 1	1	21.175791794	21.176789526	2205.000	5688.900	4565.039	4651.172
224	Spectrogram 1	1	21.176789526	21.177787258	2205.000	5688.900	4565.039	4651.172
225	Spectrogram 1	1	21.177787258	21.178784991	2205.000	5688.900	4565.039	4651.172
226	Spectrogram 1	1	21.178784991	21.179782723	2205.000	5688.900	4565.039	4651.172
227	Spectrogram 1	1	21.179782723	21.180780456	2205.000	5688.900	3962.109	3875.977
228	Spectrogram 1	1	21.180780456	21.181778188	2205.000	5688.900	3962.109	3875.977
229	Spectrogram 1	1	21.181778188	21.182775921	2205.000	5688.900	3962.109	3875.977
230	Spectrogram 1	1	21.182775921	21.183773653	2205.000	5688.900	3962.109	3875.977
231	Spectrogram 1	1	21.183773653	21.184771385	2205.000	5688.900	3962.109	3875.977
232	Spectrogram 1	1	21.184771385	21.185769118	2205.000	5688.900	3962.109	3875.977
233	Spectrogram 1	1	21.185769118	21.186766850	2205.000	5688.900	3703.711	3703.711
234	Spectrogram 1	1	21.186766850	21.187764583	2205.000	5688.900	3703.711	3703.711
235	Spectrogram 1	1	21.187764583	21.188762315	2205.000	5688.900	3703.711	3703.711
236	Spectrogram 1	1	21.188762315	21.189760048	2205.000	5688.900	3703.711	3703.711
237	Spectrogram 1	1	21.189760048	21.190757780	2205.000	5688.900	3703.711	3703.711
238	Spectrogram 1	1	21.190757780	21.191755512	2205.000	5688.900	3617.578	3617.578
239	Spectrogram 1	1	21.191755512	21.192753245	2205.000	5688.900	3617.578	3617.578
240	Spectrogram 1	1	21.192753245	21.193750977	2205.000	5688.900	3617.578	3617.578
241	Spectrogram 1	1	21.193750977	21.194748710	2205.000	5688.900	3617.578	3617.578
242	Spectrogram 1	1	21.194748710	21.195746442	2205.000	5688.900	3617.578	3617.578
243	Spectrogram 1	1	21.195746442	21.195989442	2205.000	5688.900	3617.578	3617.578
