Selection	View	Channel	Begin Time (s)	End Time (s)	Low Freq (Hz)	High Freq (Hz)	Center Freq (Hz)	Peak Freq (Hz)
1	Spectrogram 1	1	17.353098267	17.354095999	2149.528	6136.557	4565.039	4565.039
2	Spectrogram 1	1	17.354095999	17.355093732	2149.528	6136.557	5167.969	5426.367
3	Spectrogram 1	1	17.355093732	17.356091464	2149.528	6136.557	5167.969	5426.367
4	Spectrogram 1	1	17.356091464	17.357089197	2149.528	6136.557	5167.969	5426.367
5	Spectrogram 1	1	17.357089197	17.358086929	2149.528	6136.557	5167.969	5426.367
6	Spectrogram 1	1	17.358086929	17.359084662	2149.528	6136.557	5167.969	5426.367
7	Spectrogram 1	1	17.359084662	17.360082394	2149.528	6136.557	5167.969	5426.367
8	Spectrogram 1	1	17.360082394	17.361080126	2149.528	6136.557	4565.039	4565.039
9	Spectrogram 1	1	17.361080126	17.362077859	2149.528	6136.557	4565.039	4565.039
10	Spectrogram 1	1	17.362077859	17.363075591	2149.528	6136.557	4565.039	4565.039
11	Spectrogram 1	1	17.363075591	17.364073324	2149.528	6136.557	4565.039	4565.039
12	Spectrogram 1	1	17.364073324	17.365071056	2149.528	6136.557	4565.039	4565.039
13	Spectrogram 1	1	17.365071056	17.366068789	2149.528	6136.557	4565.039	4565.039
14	Spectrogram 1	1	17.366068789	17.367066521	2149.528	6136.557	5167.969	5167.969
15	Spectrogram 1	1	17.367066521	17.368064253	2149.528	6136.557	5167.969	5167.969
16	Spectrogram 1	1	17.368064253	17.369061986	2149.528	6136.557	5167.969	5167.969
17	Spectrogram 1	1	17.369061986	17.370059718	2149.528	6136.557	5167.969	5167.969
18	Spectrogram 1	1	17.370059718	17.371057451	2149.528	6136.557	5167.969	5167.969
19	Spectrogram 1	1	17.371057451	17.372055183	2149.528	6136.557	4995.703	5426.367
20	Spectrogram 1	1	17.372055183	17.373052916	2149.528	6136.557	4995.703	5426.367
21	Spectrogram 1	1	17.373052916	17.374050648	2149.528	6136.557	4995.703	5426.367
22	Spectrogram 1	1	17.374050648	17.375048380	2149.528	6136.557	4995.703	5426.367
23	Spectrogram 1	1	17.375048380	17.376046113	2149.528	6136.557	4995.703	5426.367
24	Spectrogram 1	1	17.376046113	17.377043845	2149.528	6136.557	4995.703	5426.367
25	Spectrogram 1	1	17.377043845	17.378041578	2149.528	6136.557	4220.508	4306.641
26	Spectrogram 1	1	17.378041578	17.379039310	2149.528	6136.557	4220.508	4306.641
27	Spectrogram 1	1	17.379039310	17.380037043	2149.528	6136.557	4220.508	4306.641
28	Spectrogram 1	1	17.380037043	17.381034775	2149.528	6136.557	4220.508	4306.641
29	Spectrogram 1	1	17.381034775	17.382032507	2149.528	6136.557	4220.508	4306.641
30	Spectrogram 1	1	17.382032507	17.383030240	2149.528	6136.557	4220.508	4306.641
31	Spectrogram 1	1	17.383030240	17.384027972	2149.528	6136.557	5512.500	5512.500
32	Spectrogram 1	1	17.384027972	17.385025705	2149.528	6136.557	5512.500	5512.500
33	Spectrogram 1	1	17.385025705	17.386023437	2149.528	6136.557	5512.500	5512.500
34	Spectrogram 1	1	17.386023437	17.387021169	2149.528	6136.557	5512.500	5512.500
35	Spectrogram 1	1	17.387021169	17.388018902	2149.528	6136.557	5512.500	5512.500
36	Spectrogram 1	1	17.388018902	17.389016634	2149.528	6136.557	5512.500	5512.500
37	Spectrogram 1	1	17.389016634	17.390014367	2149.528	6136.557	5254.102	5254.102
38	Spectrogram 1	1	17.390014367	17.391012099	2149.528	6136.557	5254.102	5254.102
39	Spectrogram 1	1	17.391012099	17.392009832	2149.528	6136.557	5254.102	5254.102
40	Spectrogram 1	1	17.392009832	17.393007564	2149.528	6136.557	5254.102	5254.102
41	Spectrogram 1	1	17.393007564	17.394005296	2149.528	6136.557	5254.102	5254.102
42	Spectrogram 1	1	17.394005296	17.395003029	2149.528	6136.557	5254.102	5254.102
43	Spectrogram 1	1	17.395003029	17.396000761	2149.528	6136.557	5167.969	5167.969
44	Spectrogram 1	1	17.396000761	17.396998494	2149.528	6136.557	5167.969	5167.969
45	Spectrogram 1	1	17.396998494	17.397996226	2149.528	6136.557	5167.969	5167.969
46	Spectrogram 1	1	17.397996226	17.398993959	2149.528	6136.557	5167.969	5167.969
47	Spectrogram 1	1	17.398993959	17.399991691	2149.528	6136.557	5167.969	5167.969
48	Spectrogram 1	1	17.399991691	17.400989423	2149.528	6136.557	5167.969	5167.969
49	Spectrogram 1	1	17.400989423	17.401987156	2149.528	6136.557	5167.969	5167.969
50	Spectrogram 1	1	17.401987156	17.402984888	2149.528	6136.557	5167.969	5167.969
51	Spectrogram 1	1	17.402984888	17.403982621	2149.528	6136.557	5167.969	5167.969
52	Spectrogram 1	1	17.403982621	17.404980353	2149.528	6136.557	5167.969	5167.969
53	Spectrogram 1	1	17.404980353	17.405978086	2149.528	6136.557	5167.969	5167.969
54	Spectrogram 1	1	17.405978086	17.406975818	2149.528	6136.557	4995.703	4995.703
55	Spectrogram 1	1	17.406975818	17.407973550	2149.528	6136.557	4995.703	4995.703
56	Spectrogram 1	1	17.407973550	17.408971283	2149.528	6136.557	4995.703	4995.703
57	Spectrogram 1	1	17.408971283	17.409969015	2149.528	6136.557	4995.703	4995.703
58	Spectrogram 1	1	17.409969015	17.410966748	2149.528	6136.557	4995.703	4995.703
59	Spectrogram 1	1	17.410966748	17.411964480	2149.528	6136.557	4995.703	4995.703
60	Spectrogram 1	1	17.411964480	17.412962213	2149.528	6136.557	4565.039	4565.039
61	Spectrogram 1	1	17.412962213	17.413959945	2149.528	6136.557	4565.039	4565.039
62	Spectrogram 1	1	17.413959945	17.414957677	2149.528	6136.557	4565.039	4565.039
63	Spectrogram 1	1	17.414957677	17.415955410	2149.528	6136.557	4565.039	4565.039
64	Spectrogram 1	1	17.415955410	17.416953142	2149.528	6136.557	4565.039	4565.039
65	Spectrogram 1	1	17.416953142	17.417950875	2149.528	6136.557	4565.039	4565.039
66	Spectrogram 1	1	17.417950875	17.418948607	2149.528	6136.557	4737.305	4823.438
67	Spectrogram 1	1	17.418948607	17.419946340	2149.528	6136.557	4737.305	4823.438
68	Spectrogram 1	1	17.419946340	17.420944072	2149.528	6136.557	4737.305	4823.438
69	Spectrogram 1	1	17.420944072	17.421941804	2149.528	6136.557	4737.305	4823.438
70	Spectrogram 1	1	17.421941804	17.422939537	2149.528	6136.557	4737.305	4823.438
71	Spectrogram 1	1	17.422939537	17.423937269	2149.528	6136.557	4737.305	4823.438
72	Spectrogram 1	1	17.423937269	17.424935002	2149.528	6136.557	4565.039	4565.039
73	Spectrogram 1	1	17.424935002	17.425932734	2149.528	6136.557	4565.039	4565.039
74	Spectrogram 1	1	17.425932734	17.426930467	2149.528	6136.557	4565.039	4565.039
75	Spectrogram 1	1	17.426930467	17.427928199	2149.528	6136.557	4565.039	4565.039
76	Spectrogram 1	1	17.427928199	17.428925931	2149.528	6136.557	4565.039	4565.039
77	Spectrogram 1	1	17.428925931	17.429923664	2149.528	6136.557	4565.039	4565.039
78	Spectrogram 1	1	17.429923664	17.430921396	2149.528	6136.557	4392.773	4392.773
79	Spectrogram 1	1	17.430921396	17.431919129	2149.528	6136.557	4392.773	4392.773
80	Spectrogram 1	1	17.431919129	17.432916861	2149.528	6136.557	4392.773	4392.773
81	Spectrogram 1	1	17.432916861	17.433914594	2149.528	6136.557	4392.773	4392.773
82	Spectrogram 1	1	17.433914594	17.434912326	2149.528	6136.557	4392.773	4392.773
83	Spectrogram 1	1	17.434912326	17.435910058	2149.528	6136.557	2928.516	2928.516
84	Spectrogram 1	1	17.435910058	17.436907791	2149.528	6136.557	2928.516	2928.516
85	Spectrogram 1	1	17.436907791	17.437905523	2149.528	6136.557	2928.516	2928.516
86	Spectrogram 1	1	17.437905523	17.438903256	2149.528	6136.557	2928.516	2928.516
87	Spectrogram 1	1	17.438903256	17.439900988	2149.528	6136.557	2928.516	2928.516
88	Spectrogram 1	1	17.439900988	17.440898721	2149.528	6136.557	2928.516	2928.516
89	Spectrogram 1	1	17.440898721	17.441896453	2149.528	6136.557	3100.781	3014.648
90	Spectrogram 1	1	17.441896453	17.442894185	2149.528	6136.557	3100.781	3014.648
91	Spectrogram 1	1	17.442894185	17.443891918	2149.528	6136.557	3100.781	3014.648
92	Spectrogram 1	1	17.443891918	17.444889650	2149.528	6136.557	3100.781	3014.648
93	Spectrogram 1	1	17.444889650	17.445887383	2149.528	6136.557	3100.781	3014.648
94	Spectrogram 1	1	17.445887383	17.446885115	2149.528	6136.557	3100.781	3014.648
95	Spectrogram 1	1	17.446885115	17.447882847	2149.528	6136.557	3273.047	3273.047
96	Spectrogram 1	1	17.447882847	17.448880580	2149.528	6136.557	3273.047	3273.047
97	Spectrogram 1	1	17.448880580	17.449878312	2149.528	6136.557	3273.047	3273.047
98	Spectrogram 1	1	17.449878312	17.450876045	2149.528	6136.557	3273.047	3273.047
99	Spectrogram 1	1	17.450876045	17.451873777	2149.528	6136.557	3273.047	3273.047
100	Spectrogram 1	1	17.451873777	17.452871510	2149.528	6136.557	3273.047	3273.047
101	Spectrogram 1	1	17.452871510	17.453869242	2149.528	6136.557	3445.312	3445.312
102	Spectrogram 1	1	17.453869242	17.454866974	2149.528	6136.557	3445.312	3445.312
103	Spectrogram 1	1	17.454866974	17.455864707	2149.528	6136.557	3445.312	3445.312
104	Spectrogram 1	1	17.455864707	17.456862439	2149.528	6136.557	3445.312	3445.312
105	Spectrogram 1	1	17.456862439	17.457860172	2149.528	6136.557	3445.312	3445.312
106	Spectrogram 1	1	17.457860172	17.458857904	2149.528	6136.557	3445.312	3445.312
107	Spectrogram 1	1	17.458857904	17.459855637	2149.528	6136.557	3617.578	3617.578
108	Spectrogram 1	1	17.459855637	17.460853369	2149.528	6136.557	3617.578	3617.578
109	Spectrogram 1	1	17.460853369	17.461851101	2149.528	6136.557	3617.578	3617.578
110	Spectrogram 1	1	17.461851101	17.462848834	2149.528	6136.557	3617.578	3617.578
111	Spectrogram 1	1	17.462848834	17.463846566	2149.528	6136.557	3617.578	3617.578
112	Spectrogram 1	1	17.463846566	17.464844299	2149.528	6136.557	3703.711	3703.711
113	Spectrogram 1	1	17.464844299	17.465842031	2149.528	6136.557	3703.711	3703.711
114	Spectrogram 1	1	17.465842031	17.466839764	2149.528	6136.557	3703.711	3703.711
115	Spectrogram 1	1	17.466839764	17.467837496	2149.528	6136.557	3703.711	3703.711
116	Spectrogram 1	1	17.467837496	17.468835228	2149.528	6136.557	3703.711	3703.711
117	Spectrogram 1	1	17.468835228	17.469832961	2149.528	6136.557	3703.711	3703.711
118	Spectrogram 1	1	17.469832961	17.470830693	2149.528	6136.557	3789.844	3789.844
119	Spectrogram 1	1	17.470830693	17.471828426	2149.528	6136.557	3789.844	3789.844
120	Spectrogram 1	1	17.471828426	17.472826158	2149.528	6136.557	3789.844	3789.844
121	Spectrogram 1	1	17.472826158	17.473823891	2149.528	6136.557	3789.844	3789.844
122	Spectrogram 1	1	17.473823891	17.474821623	2149.528	6136.557	3789.844	3789.844
123	Spectrogram 1	1	17.474821623	17.475819355	2149.528	6136.557	3789.844	3789.844
124	Spectrogram 1	1	17.475819355	17.476817088	2149.528	6136.557	3875.977	3875.977
125	Spectrogram 1	1	17.476817088	17.477814820	2149.528	6136.557	3875.977	3875.977
126	Spectrogram 1	1	17.477814820	17.478812553	2149.528	6136.557	3875.977	3875.977
127	Spectrogram 1	1	17.478812553	17.479810285	2149.528	6136.557	3875.977	3875.977
128	Spectrogram 1	1	17.479810285	17.480808018	2149.528	6136.557	3875.977	3875.977
129	Spectrogram 1	1	17.480808018	17.481805750	2149.528	6136.557	3875.977	3875.977
130	Spectrogram 1	1	17.481805750	17.482803482	2149.528	6136.557	3875.977	3875.977
131	Spectrogram 1	1	17.482803482	17.483801215	2149.528	6136.557	3875.977	3875.977
132	Spectrogram 1	1	17.483801215	17.484798947	2149.528	6136.557	3875.977	3875.977
133	Spectrogram 1	1	17.484798947	17.485796680	2149.528	6136.557	3875.977	3875.977
134	Spectrogram 1	1	17.485796680	17.486794412	2149.528	6136.557	3875.977	3875.977
135	Spectrogram 1	1	17.486794412	17.487792145	2149.528	6136.557	3875.977	3875.977
136	Spectrogram 1	1	17.487792145	17.488789877	2149.528	6136.557	4048.242	4048.242
137	Spectrogram 1	1	17.488789877	17.489787609	2149.528	6136.557	4048.242	4048.242
138	Spectrogram 1	1	17.489787609	17.490785342	2149.528	6136.557	4048.242	4048.242
139	Spectrogram 1	1	17.490785342	17.491783074	2149.528	6136.557	4048.242	4048.242
140	Spectrogram 1	1	17.491783074	17.492780807	2149.528	6136.557	4048.242	4048.242
141	Spectrogram 1	1	17.492780807	17.493778539	2149.528	6136.557	4048.242	4048.242
142	Spectrogram 1	1	17.493778539	17.494776272	2149.528	6136.557	4134.375	4134.375
143	Spectrogram 1	1	17.494776272	17.495774004	2149.528	6136.557	4134.375	4134.375
144	Spectrogram 1	1	17.495774004	17.496771736	2149.528	6136.557	4134.375	4134.375
145	Spectrogram 1	1	17.496771736	17.497769469	2149.528	6136.557	4134.375	4134.375
146	Spectrogram 1	1	17.497769469	17.498767201	2149.528	6136.557	4134.375	4134.375
147	Spectrogram 1	1	17.498767201	17.499764934	2149.528	6136.557	4220.508	4220.508
148	Spectrogram 1	1	17.499764934	17.500762666	2149.528	6136.557	4220.508	4220.508
149	Spectrogram 1	1	17.500762666	17.501760399	2149.528	6136.557	4220.508	4220.508
150	Spectrogram 1	1	17.501760399	17.502758131	2149.528	6136.557	4220.508	4220.508
151	Spectrogram 1	1	17.502758131	17.503755863	2149.528	6136.557	4220.508	4220.508
152	Spectrogram 1	1	17.503755863	17.504753596	2149.528	6136.557	4220.508	4220.508
153	Spectrogram 1	1	17.504753596	17.505751328	2149.528	6136.557	4220.508	4220.508
154	Spectrogram 1	1	17.505751328	17.506749061	2149.528	6136.557	4220.508	4220.508
155	Spectrogram 1	1	17.506749061	17.507746793	2149.528	6136.557	4220.508	4220.508
156	Spectrogram 1	1	17.507746793	17.508744526	2149.528	6136.557	4220.508	4220.508
157	Spectrogram 1	1	17.508744526	17.509742258	2149.528	6136.557	4220.508	4220.508
158	Spectrogram 1	1	17.509742258	17.510739990	2149.528	6136.557	4220.508	4220.508
159	Spectrogram 1	1	17.510739990	17.511737723	2149.528	6136.557	4134.375	4134.375
160	Spectrogram 1	1	17.511737723	17.512735455	2149.528	6136.557	4134.375	4134.375
161	Spectrogram 1	1	17.512735455	17.513733188	2149.528	6136.557	4134.375	4134.375
162	Spectrogram 1	1	17.513733188	17.514730920	2149.528	6136.557	4134.375	4134.375
163	Spectrogram 1	1	17.514730920	17.515728652	2149.528	6136.557	4134.375	4134.375
164	Spectrogram 1	1	17.515728652	17.516726385	2149.528	6136.557	4134.375	4134.375
165	Spectrogram 1	1	17.516726385	17.517724117	2149.528	6136.557	4048.242	4048.242
166	Spectrogram 1	1	17.517724117	17.518721850	2149.528	6136.557	4048.242	4048.242
167	Spectrogram 1	1	17.518721850	17.519719582	2149.528	6136.557	4048.242	4048.242
168	Spectrogram 1	1	17.519719582	17.520717315	2149.528	6136.557	4048.242	4048.242
169	Spectrogram 1	1	17.520717315	17.521715047	2149.528	6136.557	4048.242	4048.242
170	Spectrogram 1	1	17.521715047	17.522712779	2149.528	6136.557	4048.242	4048.242
171	Spectrogram 1	1	17.522712779	17.523710512	2149.528	6136.557	3875.977	3962.109
172	Spectrogram 1	1	17.523710512	17.524708244	2149.528	6136.557	3875.977	3962.109
173	Spectrogram 1	1	17.524708244	17.525705977	2149.528	6136.557	3875.977	3962.109
174	Spectrogram 1	1	17.525705977	17.526703709	2149.528	6136.557	3875.977	3962.109
175	Spectrogram 1	1	17.526703709	17.527701442	2149.528	6136.557	3875.977	3962.109
176	Spectrogram 1	1	17.527701442	17.528699174	2149.528	6136.557	4478.906	4306.641
177	Spectrogram 1	1	17.528699174	17.529696906	2149.528	6136.557	4478.906	4306.641
178	Spectrogram 1	1	17.529696906	17.530694639	2149.528	6136.557	4478.906	4306.641
179	Spectrogram 1	1	17.530694639	17.531692371	2149.528	6136.557	4478.906	4306.641
180	Spectrogram 1	1	17.531692371	17.532690104	2149.528	6136.557	4478.906	4306.641
181	Spectrogram 1	1	17.532690104	17.533687836	2149.528	6136.557	4478.906	4306.641
182	Spectrogram 1	1	17.533687836	17.534685569	2149.528	6136.557	5167.969	5081.836
183	Spectrogram 1	1	17.534685569	17.535683301	2149.528	6136.557	5167.969	5081.836
184	Spectrogram 1	1	17.535683301	17.536681033	2149.528	6136.557	5167.969	5081.836
185	Spectrogram 1	1	17.536681033	17.537678766	2149.528	6136.557	5167.969	5081.836
186	Spectrogram 1	1	17.537678766	17.538676498	2149.528	6136.557	5167.969	5081.836
187	Spectrogram 1	1	17.538676498	17.539674231	2149.528	6136.557	5167.969	5081.836
188	Spectrogram 1	1	17.539674231	17.540671963	2149.528	6136.557	5684.766	5684.766
189	Spectrogram 1	1	17.540671963	17.541669696	2149.528	6136.557	5684.766	5684.766
190	Spectrogram 1	1	17.541669696	17.542667428	2149.528	6136.557	5684.766	5684.766
191	Spectrogram 1	1	17.542667428	17.543665160	2149.528	6136.557	5684.766	5684.766
192	Spectrogram 1	1	17.543665160	17.544662893	2149.528	6136.557	5684.766	5684.766
193	Spectrogram 1	1	17.544662893	17.545660625	2149.528	6136.557	5684.766	5684.766
194	Spectrogram 1	1	17.545660625	17.546658358	2149.528	6136.557	5684.766	5684.766
195	Spectrogram 1	1	17.546658358	17.547656090	2149.528	6136.557	5684.766	5684.766
196	Spectrogram 1	1	17.547656090	17.548653823	2149.528	6136.557	5684.766	5684.766
197	Spectrogram 1	1	17.548653823	17.549651555	2149.528	6136.557	5684.766	5684.766
198	Spectrogram 1	1	17.549651555	17.550649287	2149.528	6136.557	5684.766	5684.766
199	Spectrogram 1	1	17.550649287	17.551647020	2149.528	6136.557	5684.766	5684.766
200	Spectrogram 1	1	17.551647020	17.552644752	2149.528	6136.557	5426.367	5340.234
201	Spectrogram 1	1	17.552644752	17.553642485	2149.528	6136.557	5426.367	5340.234
202	Spectrogram 1	1	17.553642485	17.554640217	2149.528	6136.557	5426.367	5340.234
203	Spectrogram 1	1	17.554640217	17.555637950	2149.528	6136.557	5426.367	5340.234
204	Spectrogram 1	1	17.555637950	17.556635682	2149.528	6136.557	5426.367	5340.234
205	Spectrogram 1	1	17.556635682	17.557633414	2149.528	6136.557	5426.367	5340.234
206	Spectrogram 1	1	17.557633414	17.558631147	2149.528	6136.557	4995.703	4995.703
207	Spectrogram 1	1	17.558631147	17.559628879	2149.528	6136.557	4995.703	4995.703
208	Spectrogram 1	1	17.559628879	17.560626612	2149.528	6136.557	4995.703	4995.703
209	Spectrogram 1	1	17.560626612	17.561624344	2149.528	6136.557	4995.703	4995.703
210	Spectrogram 1	1	17.561624344	17.562622077	2149.528	6136.557	4995.703	4995.703
211	Spectrogram 1	1	17.562622077	17.563619809	2149.528	6136.557	4651.172	4651.172
212	Spectrogram 1	1	17.563619809	17.564617541	2149.528	6136.557	4651.172	4651.172
213	Spectrogram 1	1	17.564617541	17.565615274	2149.528	6136.557	4651.172	4651.172
214	Spectrogram 1	1	17.565615274	17.566613006	2149.528	6136.557	4651.172	4651.172
215	Spectrogram 1	1	17.566613006	17.567610739	2149.528	6136.557	4651.172	4651.172
216	Spectrogram 1	1	17.567610739	17.568608471	2149.528	6136.557	4651.172	4651.172
217	Spectrogram 1	1	17.568608471	17.569606204	2149.528	6136.557	4565.039	4565.039
218	Spectrogram 1	1	17.569606204	17.570603936	2149.528	6136.557	4565.039	4565.039
219	Spectrogram 1	1	17.570603936	17.571601668	2149.528	6136.557	4565.039	4565.039
220	Spectrogram 1	1	17.571601668	17.572599401	2149.528	6136.557	4565.039	4565.039
221	Spectrogram 1	1	17.572599401	17.573597133	2149.528	6136.557	4565.039	4565.039
222	Spectrogram 1	1	17.573597133	17.574594866	2149.528	6136.557	4565.039	4565.039
223	Spectrogram 1	1	17.574594866	17.575592598	2149.528	6136.557	4737.305	4737.305
224	Spectrogram 1	1	17.575592598	17.576590330	2149.528	6136.557	4737.305	4737.305
225	Spectrogram 1	1	17.576590330	17.577588063	2149.528	6136.557	4737.305	4737.305
226	Spectrogram 1	1	17.577588063	17.578585795	2149.528	6136.557	4737.305	4737.305
227	Spectrogram 1	1	17.578585795	17.579583528	2149.528	6136.557	4737.305	4737.305
228	Spectrogram 1	1	17.579583528	17.580581260	2149.528	6136.557	4737.305	4737.305
229	Spectrogram 1	1	17.580581260	17.581578993	2149.528	6136.557	5081.836	5081.836
230	Spectrogram 1	1	17.581578993	17.582576725	2149.528	6136.557	5081.836	5081.836
231	Spectrogram 1	1	17.582576725	17.583574457	2149.528	6136.557	5081.836	5081.836
232	Spectrogram 1	1	17.583574457	17.584572190	2149.528	6136.557	5081.836	5081.836
233	Spectrogram 1	1	17.584572190	17.585569922	2149.528	6136.557	5081.836	5081.836
234	Spectrogram 1	1	17.585569922	17.586567655	2149.528	6136.557	5081.836	5081.836
235	Spectrogram 1	1	17.586567655	17.587565387	2149.528	6136.557	4909.570	4565.039
236	Spectrogram 1	1	17.587565387	17.588534177	2149.528	6136.557	4909.570	4565.039
