Selection	View	Channel	Begin Time (s)	End Time (s)	Low Freq (Hz)	High Freq (Hz)	Center Freq (Hz)	Peak Freq (Hz)
1	Spectrogram 1	1	0.382981423	0.383979155	3123.750	6648.664	6373.828	6373.828
2	Spectrogram 1	1	0.383979155	0.384976888	3123.750	6648.664	6373.828	6373.828
3	Spectrogram 1	1	0.384976888	0.385974620	3123.750	6648.664	6373.828	6373.828
4	Spectrogram 1	1	0.385974620	0.386972353	3123.750	6648.664	6201.562	4478.906
5	Spectrogram 1	1	0.386972353	0.387970085	3123.750	6648.664	6201.562	4478.906
6	Spectrogram 1	1	0.387970085	0.388967818	3123.750	6648.664	6201.562	4478.906
7	Spectrogram 1	1	0.388967818	0.389965550	3123.750	6648.664	6201.562	4478.906
8	Spectrogram 1	1	0.389965550	0.390963282	3123.750	6648.664	6201.562	4478.906
9	Spectrogram 1	1	0.390963282	0.391961015	3123.750	6648.664	6201.562	4478.906
10	Spectrogram 1	1	0.391961015	0.392958747	3123.750	6648.664	5167.969	5254.102
11	Spectrogram 1	1	0.392958747	0.393956480	3123.750	6648.664	5167.969	5254.102
12	Spectrogram 1	1	0.393956480	0.394954212	3123.750	6648.664	5167.969	5254.102
13	Spectrogram 1	1	0.394954212	0.395951945	3123.750	6648.664	5167.969	5254.102
14	Spectrogram 1	1	0.395951945	0.396949677	3123.750	6648.664	5167.969	5254.102
15	Spectrogram 1	1	0.396949677	0.397947409	3123.750	6648.664	5167.969	5254.102
16	Spectrogram 1	1	0.397947409	0.398945142	3123.750	6648.664	5598.633	5598.633
17	Spectrogram 1	1	0.398945142	0.399942874	3123.750	6648.664	5598.633	5598.633
18	Spectrogram 1	1	0.399942874	0.400940607	3123.750	6648.664	5598.633	5598.633
19	Spectrogram 1	1	0.400940607	0.401938339	3123.750	6648.664	5598.633	5598.633
20	Spectrogram 1	1	0.401938339	0.402936072	3123.750	6648.664	5598.633	5598.633
21	Spectrogram 1	1	0.402936072	0.403933804	3123.750	6648.664	5598.633	5598.633
22	Spectrogram 1	1	0.403933804	0.404931536	3123.750	6648.664	5770.898	5770.898
23	Spectrogram 1	1	0.404931536	0.405929269	3123.750	6648.664	5770.898	5770.898
24	Spectrogram 1	1	0.405929269	0.406927001	3123.750	6648.664	5770.898	5770.898
25	Spectrogram 1	1	0.406927001	0.407924734	3123.750	6648.664	5770.898	5770.898
26	Spectrogram 1	1	0.407924734	0.408922466	3123.750	6648.664	5770.898	5770.898
27	Spectrogram 1	1	0.408922466	0.409920199	3123.750	6648.664	5684.766	5684.766
28	Spectrogram 1	1	0.409920199	0.410917931	3123.750	6648.664	5684.766	5684.766
29	Spectrogram 1	1	0.410917931	0.411915663	3123.750	6648.664	5684.766	5684.766
30	Spectrogram 1	1	0.411915663	0.412913396	3123.750	6648.664	5684.766	5684.766
31	Spectrogram 1	1	0.412913396	0.413911128	3123.750	6648.664	5684.766	5684.766
32	Spectrogram 1	1	0.413911128	0.414908861	3123.750	6648.664	5684.766	5684.766
33	Spectrogram 1	1	0.414908861	0.415906593	3123.750	6648.664	5167.969	5254.102
34	Spectrogram 1	1	0.415906593	0.416904325	3123.750	6648.664	5167.969	5254.102
35	Spectrogram 1	1	0.416904325	0.417902058	3123.750	6648.664	5167.969	5254.102
36	Spectrogram 1	1	0.417902058	0.418899790	3123.750	6648.664	5167.969	5254.102
37	Spectrogram 1	1	0.418899790	0.419897523	3123.750	6648.664	5167.969	5254.102
38	Spectrogram 1	1	0.419897523	0.420895255	3123.750	6648.664	5167.969	5254.102
39	Spectrogram 1	1	0.420895255	0.421892988	3123.750	6648.664	4565.039	4565.039
40	Spectrogram 1	1	0.421892988	0.422890720	3123.750	6648.664	4565.039	4565.039
41	Spectrogram 1	1	0.422890720	0.423888452	3123.750	6648.664	4565.039	4565.039
42	Spectrogram 1	1	0.423888452	0.424886185	3123.750	6648.664	4565.039	4565.039
43	Spectrogram 1	1	0.424886185	0.425883917	3123.750	6648.664	4565.039	4565.039
44	Spectrogram 1	1	0.425883917	0.426881650	3123.750	6648.664	4565.039	4565.039
45	Spectrogram 1	1	0.426881650	0.427879382	3123.750	6648.664	4306.641	4306.641
46	Spectrogram 1	1	0.427879382	0.428877115	3123.750	6648.664	4306.641	4306.641
47	Spectrogram 1	1	0.428877115	0.429874847	3123.750	6648.664	4306.641	4306.641
48	Spectrogram 1	1	0.429874847	0.430872579	3123.750	6648.664	4306.641	4306.641
49	Spectrogram 1	1	0.430872579	0.431870312	3123.750	6648.664	4306.641	4306.641
50	Spectrogram 1	1	0.431870312	0.432868044	3123.750	6648.664	4306.641	4306.641
51	Spectrogram 1	1	0.432868044	0.433865777	3123.750	6648.664	4134.375	4134.375
52	Spectrogram 1	1	0.433865777	0.434863509	3123.750	6648.664	4134.375	4134.375
53	Spectrogram 1	1	0.434863509	0.435861242	3123.750	6648.664	4134.375	4134.375
54	Spectrogram 1	1	0.435861242	0.436858974	3123.750	6648.664	4134.375	4134.375
55	Spectrogram 1	1	0.436858974	0.437856706	3123.750	6648.664	4134.375	4134.375
56	Spectrogram 1	1	0.437856706	0.438854439	3123.750	6648.664	3875.977	3875.977
57	Spectrogram 1	1	0.438854439	0.439852171	3123.750	6648.664	3875.977	3875.977
58	Spectrogram 1	1	0.439852171	0.440849904	3123.750	6648.664	3875.977	3875.977
59	Spectrogram 1	1	0.440849904	0.441847636	3123.750	6648.664	3875.977	3875.977
60	Spectrogram 1	1	0.441847636	0.442845369	3123.750	6648.664	3875.977	3875.977
61	Spectrogram 1	1	0.442845369	0.443843101	3123.750	6648.664	3875.977	3875.977
62	Spectrogram 1	1	0.443843101	0.444840833	3123.750	6648.664	3789.844	3703.711
63	Spectrogram 1	1	0.444840833	0.445838566	3123.750	6648.664	3789.844	3703.711
64	Spectrogram 1	1	0.445838566	0.446836298	3123.750	6648.664	3789.844	3703.711
65	Spectrogram 1	1	0.446836298	0.447834031	3123.750	6648.664	3789.844	3703.711
66	Spectrogram 1	1	0.447834031	0.448831763	3123.750	6648.664	3789.844	3703.711
67	Spectrogram 1	1	0.448831763	0.449829496	3123.750	6648.664	3789.844	3703.711
68	Spectrogram 1	1	0.449829496	0.450827228	3123.750	6648.664	3703.711	3703.711
69	Spectrogram 1	1	0.450827228	0.451824960	3123.750	6648.664	3703.711	3703.711
70	Spectrogram 1	1	0.451824960	0.452822693	3123.750	6648.664	3703.711	3703.711
71	Spectrogram 1	1	0.452822693	0.453820425	3123.750	6648.664	3703.711	3703.711
72	Spectrogram 1	1	0.453820425	0.454818158	3123.750	6648.664	3703.711	3703.711
73	Spectrogram 1	1	0.454818158	0.455815890	3123.750	6648.664	3703.711	3703.711
74	Spectrogram 1	1	0.455815890	0.456813623	3123.750	6648.664	3875.977	3789.844
75	Spectrogram 1	1	0.456813623	0.457811355	3123.750	6648.664	3875.977	3789.844
76	Spectrogram 1	1	0.457811355	0.458809087	3123.750	6648.664	3875.977	3789.844
77	Spectrogram 1	1	0.458809087	0.459806820	3123.750	6648.664	3875.977	3789.844
78	Spectrogram 1	1	0.459806820	0.460804552	3123.750	6648.664	3875.977	3789.844
79	Spectrogram 1	1	0.460804552	0.461802285	3123.750	6648.664	3875.977	3789.844
80	Spectrogram 1	1	0.461802285	0.462800017	3123.750	6648.664	3962.109	3875.977
81	Spectrogram 1	1	0.462800017	0.463797750	3123.750	6648.664	3962.109	3875.977
82	Spectrogram 1	1	0.463797750	0.464795482	3123.750	6648.664	3962.109	3875.977
83	Spectrogram 1	1	0.464795482	0.465793214	3123.750	6648.664	3962.109	3875.977
84	Spectrogram 1	1	0.465793214	0.466790947	3123.750	6648.664	3962.109	3875.977
85	Spectrogram 1	1	0.466790947	0.467788679	3123.750	6648.664	3962.109	3875.977
86	Spectrogram 1	1	0.467788679	0.468786412	3123.750	6648.664	3875.977	3875.977
87	Spectrogram 1	1	0.468786412	0.469784144	3123.750	6648.664	3875.977	3875.977
88	Spectrogram 1	1	0.469784144	0.470781877	3123.750	6648.664	3875.977	3875.977
89	Spectrogram 1	1	0.470781877	0.471779609	3123.750	6648.664	3875.977	3875.977
90	Spectrogram 1	1	0.471779609	0.472777341	3123.750	6648.664	3875.977	3875.977
91	Spectrogram 1	1	0.472777341	0.473775074	3123.750	6648.664	3703.711	3703.711
92	Spectrogram 1	1	0.473775074	0.474772806	3123.750	6648.664	3703.711	3703.711
93	Spectrogram 1	1	0.474772806	0.475770539	3123.750	6648.664	3703.711	3703.711
94	Spectrogram 1	1	0.475770539	0.476768271	3123.750	6648.664	3703.711	3703.711
95	Spectrogram 1	1	0.476768271	0.477766003	3123.750	6648.664	3703.711	3703.711
96	Spectrogram 1	1	0.477766003	0.478763736	3123.750	6648.664	3703.711	3703.711
97	Spectrogram 1	1	0.478763736	0.479761468	3123.750	6648.664	3445.312	3445.312
98	Spectrogram 1	1	0.479761468	0.480759201	3123.750	6648.664	3445.312	3445.312
99	Spectrogram 1	1	0.480759201	0.481756933	3123.750	6648.664	3445.312	3445.312
100	Spectrogram 1	1	0.481756933	0.482754666	3123.750	6648.664	3445.312	3445.312
101	Spectrogram 1	1	0.482754666	0.483752398	3123.750	6648.664	3445.312	3445.312
102	Spectrogram 1	1	0.483752398	0.484750130	3123.750	6648.664	3445.312	3445.312
103	Spectrogram 1	1	0.484750130	0.485747863	3123.750	6648.664	3445.312	3445.312
104	Spectrogram 1	1	0.485747863	0.486745595	3123.750	6648.664	3445.312	3445.312
105	Spectrogram 1	1	0.486745595	0.487743328	3123.750	6648.664	3445.312	3445.312
106	Spectrogram 1	1	0.487743328	0.488741060	3123.750	6648.664	3445.312	3445.312
107	Spectrogram 1	1	0.488741060	0.489738793	3123.750	6648.664	3445.312	3445.312
108	Spectrogram 1	1	0.489738793	0.490736525	3123.750	6648.664	3445.312	3445.312
109	Spectrogram 1	1	0.490736525	0.491734257	3123.750	6648.664	3359.180	3273.047
110	Spectrogram 1	1	0.491734257	0.492731990	3123.750	6648.664	3359.180	3273.047
111	Spectrogram 1	1	0.492731990	0.493729722	3123.750	6648.664	3359.180	3273.047
112	Spectrogram 1	1	0.493729722	0.494727455	3123.750	6648.664	3359.180	3273.047
113	Spectrogram 1	1	0.494727455	0.495725187	3123.750	6648.664	3359.180	3273.047
114	Spectrogram 1	1	0.495725187	0.496722920	3123.750	6648.664	3359.180	3273.047
115	Spectrogram 1	1	0.496722920	0.497720652	3123.750	6648.664	3789.844	3789.844
116	Spectrogram 1	1	0.497720652	0.498718384	3123.750	6648.664	3789.844	3789.844
117	Spectrogram 1	1	0.498718384	0.499716117	3123.750	6648.664	3789.844	3789.844
118	Spectrogram 1	1	0.499716117	0.500713849	3123.750	6648.664	3789.844	3789.844
119	Spectrogram 1	1	0.500713849	0.501711582	3123.750	6648.664	3789.844	3789.844
120	Spectrogram 1	1	0.501711582	0.502709314	3123.750	6648.664	4651.172	4995.703
121	Spectrogram 1	1	0.502709314	0.503707047	3123.750	6648.664	4651.172	4995.703
122	Spectrogram 1	1	0.503707047	0.504704779	3123.750	6648.664	4651.172	4995.703
123	Spectrogram 1	1	0.504704779	0.505702511	3123.750	6648.664	4651.172	4995.703
124	Spectrogram 1	1	0.505702511	0.506700244	3123.750	6648.664	4651.172	4995.703
125	Spectrogram 1	1	0.506700244	0.507697976	3123.750	6648.664	4651.172	4995.703
126	Spectrogram 1	1	0.507697976	0.508695709	3123.750	6648.664	5512.500	5598.633
127	Spectrogram 1	1	0.508695709	0.509693441	3123.750	6648.664	5512.500	5598.633
128	Spectrogram 1	1	0.509693441	0.510691174	3123.750	6648.664	5512.500	5598.633
129	Spectrogram 1	1	0.510691174	0.511688906	3123.750	6648.664	5512.500	5598.633
130	Spectrogram 1	1	0.511688906	0.512686638	3123.750	6648.664	5512.500	5598.633
131	Spectrogram 1	1	0.512686638	0.513684371	3123.750	6648.664	5512.500	5598.633
132	Spectrogram 1	1	0.513684371	0.514682103	3123.750	6648.664	5684.766	5684.766
133	Spectrogram 1	1	0.514682103	0.515679836	3123.750	6648.664	5684.766	5684.766
134	Spectrogram 1	1	0.515679836	0.516677568	3123.750	6648.664	5684.766	5684.766
135	Spectrogram 1	1	0.516677568	0.517675301	3123.750	6648.664	5684.766	5684.766
136	Spectrogram 1	1	0.517675301	0.518673033	3123.750	6648.664	5684.766	5684.766
137	Spectrogram 1	1	0.518673033	0.519670765	3123.750	6648.664	5684.766	5684.766
138	Spectrogram 1	1	0.519670765	0.520668498	3123.750	6648.664	5426.367	5426.367
139	Spectrogram 1	1	0.520668498	0.521666230	3123.750	6648.664	5426.367	5426.367
140	Spectrogram 1	1	0.521666230	0.522663963	3123.750	6648.664	5426.367	5426.367
141	Spectrogram 1	1	0.522663963	0.523661695	3123.750	6648.664	5426.367	5426.367
142	Spectrogram 1	1	0.523661695	0.524659428	3123.750	6648.664	5426.367	5426.367
143	Spectrogram 1	1	0.524659428	0.525657160	3123.750	6648.664	5426.367	5426.367
144	Spectrogram 1	1	0.525657160	0.526654892	3123.750	6648.664	5167.969	5167.969
145	Spectrogram 1	1	0.526654892	0.527652625	3123.750	6648.664	5167.969	5167.969
146	Spectrogram 1	1	0.527652625	0.528650357	3123.750	6648.664	5167.969	5167.969
147	Spectrogram 1	1	0.528650357	0.529648090	3123.750	6648.664	5167.969	5167.969
148	Spectrogram 1	1	0.529648090	0.530645822	3123.750	6648.664	5167.969	5167.969
149	Spectrogram 1	1	0.530645822	0.531643555	3123.750	6648.664	5167.969	5167.969
150	Spectrogram 1	1	0.531643555	0.532641287	3123.750	6648.664	4995.703	4995.703
151	Spectrogram 1	1	0.532641287	0.533639019	3123.750	6648.664	4995.703	4995.703
152	Spectrogram 1	1	0.533639019	0.534636752	3123.750	6648.664	4995.703	4995.703
153	Spectrogram 1	1	0.534636752	0.535634484	3123.750	6648.664	4995.703	4995.703
154	Spectrogram 1	1	0.535634484	0.536632217	3123.750	6648.664	4995.703	4995.703
155	Spectrogram 1	1	0.536632217	0.537629949	3123.750	6648.664	4995.703	4995.703
156	Spectrogram 1	1	0.537629949	0.538627682	3123.750	6648.664	4995.703	4995.703
157	Spectrogram 1	1	0.538627682	0.539625414	3123.750	6648.664	4995.703	4995.703
158	Spectrogram 1	1	0.539625414	0.540623146	3123.750	6648.664	4995.703	4995.703
159	Spectrogram 1	1	0.540623146	0.541620879	3123.750	6648.664	4995.703	4995.703
160	Spectrogram 1	1	0.541620879	0.542618611	3123.750	6648.664	4995.703	4995.703
161	Spectrogram 1	1	0.542618611	0.543616344	3123.750	6648.664	5081.836	5081.836
162	Spectrogram 1	1	0.543616344	0.544614076	3123.750	6648.664	5081.836	5081.836
163	Spectrogram 1	1	0.544614076	0.545611808	3123.750	6648.664	5081.836	5081.836
164	Spectrogram 1	1	0.545611808	0.546609541	3123.750	6648.664	5081.836	5081.836
165	Spectrogram 1	1	0.546609541	0.547607273	3123.750	6648.664	5081.836	5081.836
166	Spectrogram 1	1	0.547607273	0.548605006	3123.750	6648.664	5081.836	5081.836
167	Spectrogram 1	1	0.548605006	0.549602738	3123.750	6648.664	5254.102	5254.102
168	Spectrogram 1	1	0.549602738	0.550600471	3123.750	6648.664	5254.102	5254.102
169	Spectrogram 1	1	0.550600471	0.551598203	3123.750	6648.664	5254.102	5254.102
170	Spectrogram 1	1	0.551598203	0.552595935	3123.750	6648.664	5254.102	5254.102
171	Spectrogram 1	1	0.552595935	0.553593668	3123.750	6648.664	5254.102	5254.102
172	Spectrogram 1	1	0.553593668	0.554591400	3123.750	6648.664	5254.102	5254.102
173	Spectrogram 1	1	0.554591400	0.555589133	3123.750	6648.664	5426.367	5426.367
174	Spectrogram 1	1	0.555589133	0.556586865	3123.750	6648.664	5426.367	5426.367
175	Spectrogram 1	1	0.556586865	0.557584598	3123.750	6648.664	5426.367	5426.367
176	Spectrogram 1	1	0.557584598	0.558582330	3123.750	6648.664	5426.367	5426.367
177	Spectrogram 1	1	0.558582330	0.559580062	3123.750	6648.664	5426.367	5426.367
178	Spectrogram 1	1	0.559580062	0.560577795	3123.750	6648.664	5426.367	5426.367
179	Spectrogram 1	1	0.560577795	0.561575527	3123.750	6648.664	5857.031	5857.031
180	Spectrogram 1	1	0.561575527	0.562573260	3123.750	6648.664	5857.031	5857.031
181	Spectrogram 1	1	0.562573260	0.563570992	3123.750	6648.664	5857.031	5857.031
182	Spectrogram 1	1	0.563570992	0.564568725	3123.750	6648.664	5857.031	5857.031
183	Spectrogram 1	1	0.564568725	0.565566457	3123.750	6648.664	5857.031	5857.031
184	Spectrogram 1	1	0.565566457	0.566564189	3123.750	6648.664	6287.695	6373.828
185	Spectrogram 1	1	0.566564189	0.567561922	3123.750	6648.664	6287.695	6373.828
186	Spectrogram 1	1	0.567561922	0.568559654	3123.750	6648.664	6287.695	6373.828
187	Spectrogram 1	1	0.568559654	0.569557387	3123.750	6648.664	6287.695	6373.828
188	Spectrogram 1	1	0.569557387	0.570555119	3123.750	6648.664	6287.695	6373.828
189	Spectrogram 1	1	0.570555119	0.571552852	3123.750	6648.664	6287.695	6373.828
190	Spectrogram 1	1	0.571552852	0.572550584	3123.750	6648.664	6373.828	6373.828
191	Spectrogram 1	1	0.572550584	0.573548316	3123.750	6648.664	6373.828	6373.828
192	Spectrogram 1	1	0.573548316	0.574546049	3123.750	6648.664	6373.828	6373.828
193	Spectrogram 1	1	0.574546049	0.575543781	3123.750	6648.664	6373.828	6373.828
194	Spectrogram 1	1	0.575543781	0.576541514	3123.750	6648.664	6373.828	6373.828
195	Spectrogram 1	1	0.576541514	0.577539246	3123.750	6648.664	6373.828	6373.828
196	Spectrogram 1	1	0.577539246	0.578536979	3123.750	6648.664	5770.898	5770.898
197	Spectrogram 1	1	0.578536979	0.579534711	3123.750	6648.664	5770.898	5770.898
198	Spectrogram 1	1	0.579534711	0.580532443	3123.750	6648.664	5770.898	5770.898
199	Spectrogram 1	1	0.580532443	0.581530176	3123.750	6648.664	5770.898	5770.898
200	Spectrogram 1	1	0.581530176	0.582527908	3123.750	6648.664	5770.898	5770.898
201	Spectrogram 1	1	0.582527908	0.583525641	3123.750	6648.664	5770.898	5770.898
202	Spectrogram 1	1	0.583525641	0.584523373	3123.750	6648.664	5081.836	4823.438
203	Spectrogram 1	1	0.584523373	0.585521106	3123.750	6648.664	5081.836	4823.438
204	Spectrogram 1	1	0.585521106	0.586518838	3123.750	6648.664	5081.836	4823.438
205	Spectrogram 1	1	0.586518838	0.587516570	3123.750	6648.664	5081.836	4823.438
206	Spectrogram 1	1	0.587516570	0.588514303	3123.750	6648.664	5081.836	4823.438
207	Spectrogram 1	1	0.588514303	0.589512035	3123.750	6648.664	5081.836	4823.438
208	Spectrogram 1	1	0.589512035	0.590509768	3123.750	6648.664	4737.305	4651.172
209	Spectrogram 1	1	0.590509768	0.591507500	3123.750	6648.664	4737.305	4651.172
210	Spectrogram 1	1	0.591507500	0.592505233	3123.750	6648.664	4737.305	4651.172
211	Spectrogram 1	1	0.592505233	0.593502965	3123.750	6648.664	4737.305	4651.172
212	Spectrogram 1	1	0.593502965	0.593965201	3123.750	6648.664	4737.305	4651.172
