Selection	View	Channel	Begin Time (s)	End Time (s)	Low Freq (Hz)	High Freq (Hz)	Center Freq (Hz)	Peak Freq (Hz)
88	Spectrogram 1	2	8.492924675	8.493924675	2886.792	6516.321	3281.250	3187.500
89	Spectrogram 1	2	8.493924675	8.494924675	2886.792	6516.321	3281.250	3187.500
90	Spectrogram 1	2	8.494924675	8.495924675	2886.792	6516.321	3281.250	3187.500
91	Spectrogram 1	2	8.495924675	8.496924675	2886.792	6516.321	3281.250	3187.500
92	Spectrogram 1	2	8.496924675	8.497924675	2886.792	6516.321	3281.250	3187.500
93	Spectrogram 1	2	8.497924675	8.498924675	2886.792	6516.321	3281.250	3187.500
67	Spectrogram 1	2	8.471924675	8.472924675	2886.792	6516.321	3937.500	3656.250
68	Spectrogram 1	2	8.472924675	8.473924675	2886.792	6516.321	3937.500	3656.250
69	Spectrogram 1	2	8.473924675	8.474924675	2886.792	6516.321	3937.500	3656.250
70	Spectrogram 1	2	8.474924675	8.475924675	2886.792	6516.321	3937.500	3656.250
71	Spectrogram 1	2	8.475924675	8.476924675	2886.792	6516.321	3937.500	3656.250
72	Spectrogram 1	2	8.476924675	8.477924675	2886.792	6516.321	3750.000	3656.250
73	Spectrogram 1	2	8.477924675	8.478924675	2886.792	6516.321	3750.000	3656.250
74	Spectrogram 1	2	8.478924675	8.479924675	2886.792	6516.321	3750.000	3656.250
75	Spectrogram 1	2	8.479924675	8.480924675	2886.792	6516.321	3750.000	3656.250
76	Spectrogram 1	2	8.480924675	8.481924675	2886.792	6516.321	3750.000	3656.250
77	Spectrogram 1	2	8.481924675	8.482924675	2886.792	6516.321	3750.000	3656.250
78	Spectrogram 1	2	8.482924675	8.483924675	2886.792	6516.321	3750.000	3656.250
79	Spectrogram 1	2	8.483924675	8.484924675	2886.792	6516.321	3750.000	3656.250
80	Spectrogram 1	2	8.484924675	8.485924675	2886.792	6516.321	3750.000	3656.250
81	Spectrogram 1	2	8.485924675	8.486924675	2886.792	6516.321	3750.000	3656.250
82	Spectrogram 1	2	8.486924675	8.487924675	2886.792	6516.321	3750.000	3656.250
62	Spectrogram 1	2	8.466924675	8.467924675	2886.792	6516.321	3937.500	3750.000
63	Spectrogram 1	2	8.467924675	8.468924675	2886.792	6516.321	3937.500	3750.000
64	Spectrogram 1	2	8.468924675	8.469924675	2886.792	6516.321	3937.500	3750.000
65	Spectrogram 1	2	8.469924675	8.470924675	2886.792	6516.321	3937.500	3750.000
66	Spectrogram 1	2	8.470924675	8.471924675	2886.792	6516.321	3937.500	3750.000
222	Spectrogram 1	2	8.626924675	8.627924675	2886.792	6516.321	4781.250	3750.000
223	Spectrogram 1	2	8.627924675	8.628569099	2886.792	6516.321	4781.250	3750.000
216	Spectrogram 1	2	8.620924675	8.621924675	2886.792	6516.321	3843.750	3843.750
217	Spectrogram 1	2	8.621924675	8.622924675	2886.792	6516.321	3843.750	3843.750
218	Spectrogram 1	2	8.622924675	8.623924675	2886.792	6516.321	3843.750	3843.750
219	Spectrogram 1	2	8.623924675	8.624924675	2886.792	6516.321	3843.750	3843.750
220	Spectrogram 1	2	8.624924675	8.625924675	2886.792	6516.321	3843.750	3843.750
221	Spectrogram 1	2	8.625924675	8.626924675	2886.792	6516.321	3843.750	3843.750
56	Spectrogram 1	2	8.460924675	8.461924675	2886.792	6516.321	4312.500	3937.500
57	Spectrogram 1	2	8.461924675	8.462924675	2886.792	6516.321	4312.500	3937.500
58	Spectrogram 1	2	8.462924675	8.463924675	2886.792	6516.321	4312.500	3937.500
59	Spectrogram 1	2	8.463924675	8.464924675	2886.792	6516.321	4312.500	3937.500
60	Spectrogram 1	2	8.464924675	8.465924675	2886.792	6516.321	4312.500	3937.500
61	Spectrogram 1	2	8.465924675	8.466924675	2886.792	6516.321	4312.500	3937.500
211	Spectrogram 1	2	8.615924675	8.616924675	2886.792	6516.321	4031.250	3937.500
212	Spectrogram 1	2	8.616924675	8.617924675	2886.792	6516.321	4031.250	3937.500
213	Spectrogram 1	2	8.617924675	8.618924675	2886.792	6516.321	4031.250	3937.500
214	Spectrogram 1	2	8.618924675	8.619924675	2886.792	6516.321	4031.250	3937.500
215	Spectrogram 1	2	8.619924675	8.620924675	2886.792	6516.321	4031.250	3937.500
206	Spectrogram 1	2	8.610924675	8.611924675	2886.792	6516.321	4218.750	4031.250
207	Spectrogram 1	2	8.611924675	8.612924675	2886.792	6516.321	4218.750	4031.250
208	Spectrogram 1	2	8.612924675	8.613924675	2886.792	6516.321	4218.750	4031.250
209	Spectrogram 1	2	8.613924675	8.614924675	2886.792	6516.321	4218.750	4031.250
210	Spectrogram 1	2	8.614924675	8.615924675	2886.792	6516.321	4218.750	4031.250
51	Spectrogram 1	2	8.455924675	8.456924675	2886.792	6516.321	4406.250	4218.750
52	Spectrogram 1	2	8.456924675	8.457924675	2886.792	6516.321	4406.250	4218.750
53	Spectrogram 1	2	8.457924675	8.458924675	2886.792	6516.321	4406.250	4218.750
54	Spectrogram 1	2	8.458924675	8.459924675	2886.792	6516.321	4406.250	4218.750
55	Spectrogram 1	2	8.459924675	8.460924675	2886.792	6516.321	4406.250	4218.750
46	Spectrogram 1	2	8.450924675	8.451924675	2886.792	6516.321	4687.500	4593.750
47	Spectrogram 1	2	8.451924675	8.452924675	2886.792	6516.321	4687.500	4593.750
48	Spectrogram 1	2	8.452924675	8.453924675	2886.792	6516.321	4687.500	4593.750
49	Spectrogram 1	2	8.453924675	8.454924675	2886.792	6516.321	4687.500	4593.750
50	Spectrogram 1	2	8.454924675	8.455924675	2886.792	6516.321	4687.500	4593.750
115	Spectrogram 1	2	8.519924675	8.520924675	2886.792	6516.321	4687.500	4687.500
116	Spectrogram 1	2	8.520924675	8.521924675	2886.792	6516.321	4687.500	4687.500
117	Spectrogram 1	2	8.521924675	8.522924675	2886.792	6516.321	4687.500	4687.500
118	Spectrogram 1	2	8.522924675	8.523924675	2886.792	6516.321	4687.500	4687.500
119	Spectrogram 1	2	8.523924675	8.524924675	2886.792	6516.321	4687.500	4687.500
142	Spectrogram 1	2	8.546924675	8.547924675	2886.792	6516.321	4687.500	4687.500
143	Spectrogram 1	2	8.547924675	8.548924675	2886.792	6516.321	4687.500	4687.500
144	Spectrogram 1	2	8.548924675	8.549924675	2886.792	6516.321	4687.500	4687.500
145	Spectrogram 1	2	8.549924675	8.550924675	2886.792	6516.321	4687.500	4687.500
146	Spectrogram 1	2	8.550924675	8.551924675	2886.792	6516.321	4687.500	4687.500
147	Spectrogram 1	2	8.551924675	8.552924675	2886.792	6516.321	4687.500	4687.500
148	Spectrogram 1	2	8.552924675	8.553924675	2886.792	6516.321	4687.500	4687.500
149	Spectrogram 1	2	8.553924675	8.554924675	2886.792	6516.321	4687.500	4687.500
150	Spectrogram 1	2	8.554924675	8.555924675	2886.792	6516.321	4687.500	4687.500
151	Spectrogram 1	2	8.555924675	8.556924675	2886.792	6516.321	4687.500	4687.500
40	Spectrogram 1	2	8.444924675	8.445924675	2886.792	6516.321	4875.000	4781.250
41	Spectrogram 1	2	8.445924675	8.446924675	2886.792	6516.321	4875.000	4781.250
42	Spectrogram 1	2	8.446924675	8.447924675	2886.792	6516.321	4875.000	4781.250
43	Spectrogram 1	2	8.447924675	8.448924675	2886.792	6516.321	4875.000	4781.250
44	Spectrogram 1	2	8.448924675	8.449924675	2886.792	6516.321	4875.000	4781.250
45	Spectrogram 1	2	8.449924675	8.450924675	2886.792	6516.321	4875.000	4781.250
136	Spectrogram 1	2	8.540924675	8.541924675	2886.792	6516.321	4781.250	4781.250
137	Spectrogram 1	2	8.541924675	8.542924675	2886.792	6516.321	4781.250	4781.250
138	Spectrogram 1	2	8.542924675	8.543924675	2886.792	6516.321	4781.250	4781.250
139	Spectrogram 1	2	8.543924675	8.544924675	2886.792	6516.321	4781.250	4781.250
140	Spectrogram 1	2	8.544924675	8.545924675	2886.792	6516.321	4781.250	4781.250
141	Spectrogram 1	2	8.545924675	8.546924675	2886.792	6516.321	4781.250	4781.250
152	Spectrogram 1	2	8.556924675	8.557924675	2886.792	6516.321	4781.250	4781.250
153	Spectrogram 1	2	8.557924675	8.558924675	2886.792	6516.321	4781.250	4781.250
154	Spectrogram 1	2	8.558924675	8.559924675	2886.792	6516.321	4781.250	4781.250
155	Spectrogram 1	2	8.559924675	8.560924675	2886.792	6516.321	4781.250	4781.250
156	Spectrogram 1	2	8.560924675	8.561924675	2886.792	6516.321	4781.250	4781.250
157	Spectrogram 1	2	8.561924675	8.562924675	2886.792	6516.321	4781.250	4781.250
200	Spectrogram 1	2	8.604924675	8.605924675	2886.792	6516.321	4781.250	4781.250
201	Spectrogram 1	2	8.605924675	8.606924675	2886.792	6516.321	4781.250	4781.250
202	Spectrogram 1	2	8.606924675	8.607924675	2886.792	6516.321	4781.250	4781.250
203	Spectrogram 1	2	8.607924675	8.608924675	2886.792	6516.321	4781.250	4781.250
204	Spectrogram 1	2	8.608924675	8.609924675	2886.792	6516.321	4781.250	4781.250
205	Spectrogram 1	2	8.609924675	8.610924675	2886.792	6516.321	4781.250	4781.250
14	Spectrogram 1	2	8.418924675	8.419924675	2886.792	6516.321	4875.000	4875.000
15	Spectrogram 1	2	8.419924675	8.420924675	2886.792	6516.321	4875.000	4875.000
16	Spectrogram 1	2	8.420924675	8.421924675	2886.792	6516.321	4875.000	4875.000
17	Spectrogram 1	2	8.421924675	8.422924675	2886.792	6516.321	4875.000	4875.000
18	Spectrogram 1	2	8.422924675	8.423924675	2886.792	6516.321	4875.000	4875.000
120	Spectrogram 1	2	8.524924675	8.525924675	2886.792	6516.321	4968.750	4968.750
121	Spectrogram 1	2	8.525924675	8.526924675	2886.792	6516.321	4968.750	4968.750
122	Spectrogram 1	2	8.526924675	8.527924675	2886.792	6516.321	4968.750	4968.750
123	Spectrogram 1	2	8.527924675	8.528924675	2886.792	6516.321	4968.750	4968.750
124	Spectrogram 1	2	8.528924675	8.529924675	2886.792	6516.321	4968.750	4968.750
125	Spectrogram 1	2	8.529924675	8.530924675	2886.792	6516.321	4968.750	4968.750
131	Spectrogram 1	2	8.535924675	8.536924675	2886.792	6516.321	4968.750	4968.750
132	Spectrogram 1	2	8.536924675	8.537924675	2886.792	6516.321	4968.750	4968.750
133	Spectrogram 1	2	8.537924675	8.538924675	2886.792	6516.321	4968.750	4968.750
134	Spectrogram 1	2	8.538924675	8.539924675	2886.792	6516.321	4968.750	4968.750
135	Spectrogram 1	2	8.539924675	8.540924675	2886.792	6516.321	4968.750	4968.750
104	Spectrogram 1	2	8.508924675	8.509924675	2886.792	6516.321	5062.500	5062.500
105	Spectrogram 1	2	8.509924675	8.510924675	2886.792	6516.321	5062.500	5062.500
106	Spectrogram 1	2	8.510924675	8.511924675	2886.792	6516.321	5062.500	5062.500
107	Spectrogram 1	2	8.511924675	8.512924675	2886.792	6516.321	5062.500	5062.500
108	Spectrogram 1	2	8.512924675	8.513924675	2886.792	6516.321	5062.500	5062.500
109	Spectrogram 1	2	8.513924675	8.514924675	2886.792	6516.321	5062.500	5062.500
110	Spectrogram 1	2	8.514924675	8.515924675	2886.792	6516.321	4406.250	5062.500
111	Spectrogram 1	2	8.515924675	8.516924675	2886.792	6516.321	4406.250	5062.500
112	Spectrogram 1	2	8.516924675	8.517924675	2886.792	6516.321	4406.250	5062.500
113	Spectrogram 1	2	8.517924675	8.518924675	2886.792	6516.321	4406.250	5062.500
114	Spectrogram 1	2	8.518924675	8.519924675	2886.792	6516.321	4406.250	5062.500
126	Spectrogram 1	2	8.530924675	8.531924675	2886.792	6516.321	5062.500	5062.500
127	Spectrogram 1	2	8.531924675	8.532924675	2886.792	6516.321	5062.500	5062.500
128	Spectrogram 1	2	8.532924675	8.533924675	2886.792	6516.321	5062.500	5062.500
129	Spectrogram 1	2	8.533924675	8.534924675	2886.792	6516.321	5062.500	5062.500
130	Spectrogram 1	2	8.534924675	8.535924675	2886.792	6516.321	5062.500	5062.500
158	Spectrogram 1	2	8.562924675	8.563924675	2886.792	6516.321	5062.500	5062.500
159	Spectrogram 1	2	8.563924675	8.564924675	2886.792	6516.321	5062.500	5062.500
160	Spectrogram 1	2	8.564924675	8.565924675	2886.792	6516.321	5062.500	5062.500
161	Spectrogram 1	2	8.565924675	8.566924675	2886.792	6516.321	5062.500	5062.500
162	Spectrogram 1	2	8.566924675	8.567924675	2886.792	6516.321	5062.500	5062.500
83	Spectrogram 1	2	8.487924675	8.488924675	2886.792	6516.321	4687.500	5156.250
84	Spectrogram 1	2	8.488924675	8.489924675	2886.792	6516.321	4687.500	5156.250
85	Spectrogram 1	2	8.489924675	8.490924675	2886.792	6516.321	4687.500	5156.250
86	Spectrogram 1	2	8.490924675	8.491924675	2886.792	6516.321	4687.500	5156.250
87	Spectrogram 1	2	8.491924675	8.492924675	2886.792	6516.321	4687.500	5156.250
8	Spectrogram 1	2	8.412924675	8.413924675	2886.792	6516.321	5250.000	5250.000
9	Spectrogram 1	2	8.413924675	8.414924675	2886.792	6516.321	5250.000	5250.000
10	Spectrogram 1	2	8.414924675	8.415924675	2886.792	6516.321	5250.000	5250.000
11	Spectrogram 1	2	8.415924675	8.416924675	2886.792	6516.321	5250.000	5250.000
12	Spectrogram 1	2	8.416924675	8.417924675	2886.792	6516.321	5250.000	5250.000
13	Spectrogram 1	2	8.417924675	8.418924675	2886.792	6516.321	5250.000	5250.000
19	Spectrogram 1	2	8.423924675	8.424924675	2886.792	6516.321	5625.000	5250.000
20	Spectrogram 1	2	8.424924675	8.425924675	2886.792	6516.321	5625.000	5250.000
21	Spectrogram 1	2	8.425924675	8.426924675	2886.792	6516.321	5625.000	5250.000
22	Spectrogram 1	2	8.426924675	8.427924675	2886.792	6516.321	5625.000	5250.000
23	Spectrogram 1	2	8.427924675	8.428924675	2886.792	6516.321	5625.000	5250.000
35	Spectrogram 1	2	8.439924675	8.440924675	2886.792	6516.321	5250.000	5250.000
36	Spectrogram 1	2	8.440924675	8.441924675	2886.792	6516.321	5250.000	5250.000
37	Spectrogram 1	2	8.441924675	8.442924675	2886.792	6516.321	5250.000	5250.000
38	Spectrogram 1	2	8.442924675	8.443924675	2886.792	6516.321	5250.000	5250.000
39	Spectrogram 1	2	8.443924675	8.444924675	2886.792	6516.321	5250.000	5250.000
99	Spectrogram 1	2	8.503924675	8.504924675	2886.792	6516.321	5250.000	5250.000
100	Spectrogram 1	2	8.504924675	8.505924675	2886.792	6516.321	5250.000	5250.000
101	Spectrogram 1	2	8.505924675	8.506924675	2886.792	6516.321	5250.000	5250.000
102	Spectrogram 1	2	8.506924675	8.507924675	2886.792	6516.321	5250.000	5250.000
103	Spectrogram 1	2	8.507924675	8.508924675	2886.792	6516.321	5250.000	5250.000
163	Spectrogram 1	2	8.567924675	8.568924675	2886.792	6516.321	5250.000	5250.000
164	Spectrogram 1	2	8.568924675	8.569924675	2886.792	6516.321	5250.000	5250.000
165	Spectrogram 1	2	8.569924675	8.570924675	2886.792	6516.321	5250.000	5250.000
166	Spectrogram 1	2	8.570924675	8.571924675	2886.792	6516.321	5250.000	5250.000
167	Spectrogram 1	2	8.571924675	8.572924675	2886.792	6516.321	5250.000	5250.000
1	Spectrogram 1	2	8.405924675	8.406924675	2886.792	6516.321	5343.750	5343.750
2	Spectrogram 1	2	8.406924675	8.407924675	2886.792	6516.321	5343.750	5343.750
3	Spectrogram 1	2	8.407924675	8.408924675	2886.792	6516.321	5343.750	5343.750
4	Spectrogram 1	2	8.408924675	8.409924675	2886.792	6516.321	5343.750	5343.750
5	Spectrogram 1	2	8.409924675	8.410924675	2886.792	6516.321	5343.750	5343.750
6	Spectrogram 1	2	8.410924675	8.411924675	2886.792	6516.321	5343.750	5343.750
7	Spectrogram 1	2	8.411924675	8.412924675	2886.792	6516.321	5343.750	5343.750
94	Spectrogram 1	2	8.498924675	8.499924675	2886.792	6516.321	4875.000	5343.750
95	Spectrogram 1	2	8.499924675	8.500924675	2886.792	6516.321	4875.000	5343.750
96	Spectrogram 1	2	8.500924675	8.501924675	2886.792	6516.321	4875.000	5343.750
97	Spectrogram 1	2	8.501924675	8.502924675	2886.792	6516.321	4875.000	5343.750
98	Spectrogram 1	2	8.502924675	8.503924675	2886.792	6516.321	4875.000	5343.750
168	Spectrogram 1	2	8.572924675	8.573924675	2886.792	6516.321	5625.000	5625.000
169	Spectrogram 1	2	8.573924675	8.574924675	2886.792	6516.321	5625.000	5625.000
170	Spectrogram 1	2	8.574924675	8.575924675	2886.792	6516.321	5625.000	5625.000
171	Spectrogram 1	2	8.575924675	8.576924675	2886.792	6516.321	5625.000	5625.000
172	Spectrogram 1	2	8.576924675	8.577924675	2886.792	6516.321	5625.000	5625.000
173	Spectrogram 1	2	8.577924675	8.578924675	2886.792	6516.321	5625.000	5625.000
174	Spectrogram 1	2	8.578924675	8.579924675	2886.792	6516.321	5812.500	5906.250
175	Spectrogram 1	2	8.579924675	8.580924675	2886.792	6516.321	5812.500	5906.250
176	Spectrogram 1	2	8.580924675	8.581924675	2886.792	6516.321	5812.500	5906.250
177	Spectrogram 1	2	8.581924675	8.582924675	2886.792	6516.321	5812.500	5906.250
178	Spectrogram 1	2	8.582924675	8.583924675	2886.792	6516.321	5812.500	5906.250
30	Spectrogram 1	2	8.434924675	8.435924675	2886.792	6516.321	6000.000	6000.000
31	Spectrogram 1	2	8.435924675	8.436924675	2886.792	6516.321	6000.000	6000.000
32	Spectrogram 1	2	8.436924675	8.437924675	2886.792	6516.321	6000.000	6000.000
33	Spectrogram 1	2	8.437924675	8.438924675	2886.792	6516.321	6000.000	6000.000
34	Spectrogram 1	2	8.438924675	8.439924675	2886.792	6516.321	6000.000	6000.000
179	Spectrogram 1	2	8.583924675	8.584924675	2886.792	6516.321	6000.000	6000.000
180	Spectrogram 1	2	8.584924675	8.585924675	2886.792	6516.321	6000.000	6000.000
181	Spectrogram 1	2	8.585924675	8.586924675	2886.792	6516.321	6000.000	6000.000
182	Spectrogram 1	2	8.586924675	8.587924675	2886.792	6516.321	6000.000	6000.000
183	Spectrogram 1	2	8.587924675	8.588924675	2886.792	6516.321	6000.000	6000.000
190	Spectrogram 1	2	8.594924675	8.595924675	2886.792	6516.321	6000.000	6000.000
191	Spectrogram 1	2	8.595924675	8.596924675	2886.792	6516.321	6000.000	6000.000
192	Spectrogram 1	2	8.596924675	8.597924675	2886.792	6516.321	6000.000	6000.000
193	Spectrogram 1	2	8.597924675	8.598924675	2886.792	6516.321	6000.000	6000.000
194	Spectrogram 1	2	8.598924675	8.599924675	2886.792	6516.321	6000.000	6000.000
24	Spectrogram 1	2	8.428924675	8.429924675	2886.792	6516.321	6093.750	6187.500
25	Spectrogram 1	2	8.429924675	8.430924675	2886.792	6516.321	6093.750	6187.500
26	Spectrogram 1	2	8.430924675	8.431924675	2886.792	6516.321	6093.750	6187.500
27	Spectrogram 1	2	8.431924675	8.432924675	2886.792	6516.321	6093.750	6187.500
28	Spectrogram 1	2	8.432924675	8.433924675	2886.792	6516.321	6093.750	6187.500
29	Spectrogram 1	2	8.433924675	8.434924675	2886.792	6516.321	6093.750	6187.500
184	Spectrogram 1	2	8.588924675	8.589924675	2886.792	6516.321	6187.500	6281.250
185	Spectrogram 1	2	8.589924675	8.590924675	2886.792	6516.321	6187.500	6281.250
186	Spectrogram 1	2	8.590924675	8.591924675	2886.792	6516.321	6187.500	6281.250
187	Spectrogram 1	2	8.591924675	8.592924675	2886.792	6516.321	6187.500	6281.250
188	Spectrogram 1	2	8.592924675	8.593924675	2886.792	6516.321	6187.500	6281.250
189	Spectrogram 1	2	8.593924675	8.594924675	2886.792	6516.321	6187.500	6281.250
195	Spectrogram 1	2	8.599924675	8.600924675	2886.792	6516.321	5250.000	6281.250
196	Spectrogram 1	2	8.600924675	8.601924675	2886.792	6516.321	5250.000	6281.250
197	Spectrogram 1	2	8.601924675	8.602924675	2886.792	6516.321	5250.000	6281.250
198	Spectrogram 1	2	8.602924675	8.603924675	2886.792	6516.321	5250.000	6281.250
199	Spectrogram 1	2	8.603924675	8.604924675	2886.792	6516.321	5250.000	6281.250
