Selection	View	Channel	Begin Time (s)	End Time (s)	Low Freq (Hz)	High Freq (Hz)	Center Freq (Hz)	Peak Freq (Hz)
1	Spectrogram 1	1	4.434000000	4.435000000	3044.100	7195.122	3562.500	3281.250
2	Spectrogram 1	1	4.435000000	4.436000000	3044.100	7195.122	6093.750	6093.750
3	Spectrogram 1	1	4.436000000	4.437000000	3044.100	7195.122	6093.750	6093.750
4	Spectrogram 1	1	4.437000000	4.438000000	3044.100	7195.122	6093.750	6093.750
5	Spectrogram 1	1	4.438000000	4.439000000	3044.100	7195.122	6093.750	6093.750
6	Spectrogram 1	1	4.439000000	4.440000000	3044.100	7195.122	6093.750	6093.750
7	Spectrogram 1	1	4.440000000	4.441000000	3044.100	7195.122	5906.250	6000.000
8	Spectrogram 1	1	4.441000000	4.442000000	3044.100	7195.122	5906.250	6000.000
9	Spectrogram 1	1	4.442000000	4.443000000	3044.100	7195.122	5906.250	6000.000
10	Spectrogram 1	1	4.443000000	4.444000000	3044.100	7195.122	5906.250	6000.000
11	Spectrogram 1	1	4.444000000	4.445000000	3044.100	7195.122	5906.250	6000.000
12	Spectrogram 1	1	4.445000000	4.446000000	3044.100	7195.122	5250.000	4781.250
13	Spectrogram 1	1	4.446000000	4.447000000	3044.100	7195.122	5250.000	4781.250
14	Spectrogram 1	1	4.447000000	4.448000000	3044.100	7195.122	5250.000	4781.250
15	Spectrogram 1	1	4.448000000	4.449000000	3044.100	7195.122	5250.000	4781.250
16	Spectrogram 1	1	4.449000000	4.450000000	3044.100	7195.122	5250.000	4781.250
17	Spectrogram 1	1	4.450000000	4.451000000	3044.100	7195.122	5250.000	4781.250
18	Spectrogram 1	1	4.451000000	4.452000000	3044.100	7195.122	5062.500	5062.500
19	Spectrogram 1	1	4.452000000	4.453000000	3044.100	7195.122	5062.500	5062.500
20	Spectrogram 1	1	4.453000000	4.454000000	3044.100	7195.122	5062.500	5062.500
21	Spectrogram 1	1	4.454000000	4.455000000	3044.100	7195.122	5062.500	5062.500
22	Spectrogram 1	1	4.455000000	4.456000000	3044.100	7195.122	5062.500	5062.500
23	Spectrogram 1	1	4.456000000	4.457000000	3044.100	7195.122	5625.000	5625.000
24	Spectrogram 1	1	4.457000000	4.458000000	3044.100	7195.122	5625.000	5625.000
25	Spectrogram 1	1	4.458000000	4.459000000	3044.100	7195.122	5625.000	5625.000
26	Spectrogram 1	1	4.459000000	4.460000000	3044.100	7195.122	5625.000	5625.000
27	Spectrogram 1	1	4.460000000	4.461000000	3044.100	7195.122	5625.000	5625.000
28	Spectrogram 1	1	4.461000000	4.462000000	3044.100	7195.122	5812.500	5812.500
29	Spectrogram 1	1	4.462000000	4.463000000	3044.100	7195.122	5812.500	5812.500
30	Spectrogram 1	1	4.463000000	4.464000000	3044.100	7195.122	5812.500	5812.500
31	Spectrogram 1	1	4.464000000	4.465000000	3044.100	7195.122	5812.500	5812.500
32	Spectrogram 1	1	4.465000000	4.466000000	3044.100	7195.122	5812.500	5812.500
33	Spectrogram 1	1	4.466000000	4.467000000	3044.100	7195.122	5812.500	5812.500
34	Spectrogram 1	1	4.467000000	4.468000000	3044.100	7195.122	5812.500	5812.500
35	Spectrogram 1	1	4.468000000	4.469000000	3044.100	7195.122	5812.500	5812.500
36	Spectrogram 1	1	4.469000000	4.470000000	3044.100	7195.122	5812.500	5812.500
37	Spectrogram 1	1	4.470000000	4.471000000	3044.100	7195.122	5812.500	5812.500
38	Spectrogram 1	1	4.471000000	4.472000000	3044.100	7195.122	5812.500	5812.500
39	Spectrogram 1	1	4.472000000	4.473000000	3044.100	7195.122	5343.750	5812.500
40	Spectrogram 1	1	4.473000000	4.474000000	3044.100	7195.122	5343.750	5812.500
41	Spectrogram 1	1	4.474000000	4.475000000	3044.100	7195.122	5343.750	5812.500
42	Spectrogram 1	1	4.475000000	4.476000000	3044.100	7195.122	5343.750	5812.500
43	Spectrogram 1	1	4.476000000	4.477000000	3044.100	7195.122	5343.750	5812.500
44	Spectrogram 1	1	4.477000000	4.478000000	3044.100	7195.122	5062.500	5718.750
45	Spectrogram 1	1	4.478000000	4.479000000	3044.100	7195.122	5062.500	5718.750
46	Spectrogram 1	1	4.479000000	4.480000000	3044.100	7195.122	5062.500	5718.750
47	Spectrogram 1	1	4.480000000	4.481000000	3044.100	7195.122	5062.500	5718.750
48	Spectrogram 1	1	4.481000000	4.482000000	3044.100	7195.122	5062.500	5718.750
49	Spectrogram 1	1	4.482000000	4.483000000	3044.100	7195.122	5062.500	5718.750
50	Spectrogram 1	1	4.483000000	4.484000000	3044.100	7195.122	4687.500	4593.750
51	Spectrogram 1	1	4.484000000	4.485000000	3044.100	7195.122	4687.500	4593.750
52	Spectrogram 1	1	4.485000000	4.486000000	3044.100	7195.122	4687.500	4593.750
53	Spectrogram 1	1	4.486000000	4.487000000	3044.100	7195.122	4687.500	4593.750
54	Spectrogram 1	1	4.487000000	4.488000000	3044.100	7195.122	4687.500	4593.750
55	Spectrogram 1	1	4.488000000	4.489000000	3044.100	7195.122	4500.000	4500.000
56	Spectrogram 1	1	4.489000000	4.490000000	3044.100	7195.122	4500.000	4500.000
57	Spectrogram 1	1	4.490000000	4.491000000	3044.100	7195.122	4500.000	4500.000
58	Spectrogram 1	1	4.491000000	4.492000000	3044.100	7195.122	4500.000	4500.000
59	Spectrogram 1	1	4.492000000	4.493000000	3044.100	7195.122	4500.000	4500.000
60	Spectrogram 1	1	4.493000000	4.494000000	3044.100	7195.122	3937.500	3937.500
61	Spectrogram 1	1	4.494000000	4.495000000	3044.100	7195.122	3937.500	3937.500
62	Spectrogram 1	1	4.495000000	4.496000000	3044.100	7195.122	3937.500	3937.500
63	Spectrogram 1	1	4.496000000	4.497000000	3044.100	7195.122	3937.500	3937.500
64	Spectrogram 1	1	4.497000000	4.498000000	3044.100	7195.122	3937.500	3937.500
65	Spectrogram 1	1	4.498000000	4.499000000	3044.100	7195.122	3937.500	3937.500
66	Spectrogram 1	1	4.499000000	4.500000000	3044.100	7195.122	3750.000	3750.000
67	Spectrogram 1	1	4.500000000	4.501000000	3044.100	7195.122	3750.000	3750.000
68	Spectrogram 1	1	4.501000000	4.502000000	3044.100	7195.122	3750.000	3750.000
69	Spectrogram 1	1	4.502000000	4.503000000	3044.100	7195.122	3750.000	3750.000
70	Spectrogram 1	1	4.503000000	4.504000000	3044.100	7195.122	3750.000	3750.000
71	Spectrogram 1	1	4.504000000	4.505000000	3044.100	7195.122	3656.250	3562.500
72	Spectrogram 1	1	4.505000000	4.506000000	3044.100	7195.122	3656.250	3562.500
73	Spectrogram 1	1	4.506000000	4.507000000	3044.100	7195.122	3656.250	3562.500
74	Spectrogram 1	1	4.507000000	4.508000000	3044.100	7195.122	3656.250	3562.500
75	Spectrogram 1	1	4.508000000	4.509000000	3044.100	7195.122	3656.250	3562.500
76	Spectrogram 1	1	4.509000000	4.510000000	3044.100	7195.122	3562.500	3562.500
77	Spectrogram 1	1	4.510000000	4.511000000	3044.100	7195.122	3562.500	3562.500
78	Spectrogram 1	1	4.511000000	4.512000000	3044.100	7195.122	3562.500	3562.500
79	Spectrogram 1	1	4.512000000	4.513000000	3044.100	7195.122	3562.500	3562.500
80	Spectrogram 1	1	4.513000000	4.514000000	3044.100	7195.122	3562.500	3562.500
81	Spectrogram 1	1	4.514000000	4.515000000	3044.100	7195.122	3562.500	3562.500
82	Spectrogram 1	1	4.515000000	4.516000000	3044.100	7195.122	3750.000	3750.000
83	Spectrogram 1	1	4.516000000	4.517000000	3044.100	7195.122	3750.000	3750.000
84	Spectrogram 1	1	4.517000000	4.518000000	3044.100	7195.122	3750.000	3750.000
85	Spectrogram 1	1	4.518000000	4.519000000	3044.100	7195.122	3750.000	3750.000
86	Spectrogram 1	1	4.519000000	4.520000000	3044.100	7195.122	3750.000	3750.000
87	Spectrogram 1	1	4.520000000	4.521000000	3044.100	7195.122	3843.750	3843.750
88	Spectrogram 1	1	4.521000000	4.522000000	3044.100	7195.122	3843.750	3843.750
89	Spectrogram 1	1	4.522000000	4.523000000	3044.100	7195.122	3843.750	3843.750
90	Spectrogram 1	1	4.523000000	4.524000000	3044.100	7195.122	3843.750	3843.750
91	Spectrogram 1	1	4.524000000	4.525000000	3044.100	7195.122	3843.750	3843.750
92	Spectrogram 1	1	4.525000000	4.526000000	3044.100	7195.122	3937.500	3937.500
93	Spectrogram 1	1	4.526000000	4.527000000	3044.100	7195.122	3937.500	3937.500
94	Spectrogram 1	1	4.527000000	4.528000000	3044.100	7195.122	3937.500	3937.500
95	Spectrogram 1	1	4.528000000	4.529000000	3044.100	7195.122	3937.500	3937.500
96	Spectrogram 1	1	4.529000000	4.530000000	3044.100	7195.122	3937.500	3937.500
97	Spectrogram 1	1	4.530000000	4.531000000	3044.100	7195.122	3937.500	3937.500
98	Spectrogram 1	1	4.531000000	4.532000000	3044.100	7195.122	3843.750	3843.750
99	Spectrogram 1	1	4.532000000	4.533000000	3044.100	7195.122	3843.750	3843.750
100	Spectrogram 1	1	4.533000000	4.534000000	3044.100	7195.122	3843.750	3843.750
101	Spectrogram 1	1	4.534000000	4.535000000	3044.100	7195.122	3843.750	3843.750
102	Spectrogram 1	1	4.535000000	4.536000000	3044.100	7195.122	3843.750	3843.750
103	Spectrogram 1	1	4.536000000	4.537000000	3044.100	7195.122	3750.000	3750.000
104	Spectrogram 1	1	4.537000000	4.538000000	3044.100	7195.122	3750.000	3750.000
105	Spectrogram 1	1	4.538000000	4.539000000	3044.100	7195.122	3750.000	3750.000
106	Spectrogram 1	1	4.539000000	4.540000000	3044.100	7195.122	3750.000	3750.000
107	Spectrogram 1	1	4.540000000	4.541000000	3044.100	7195.122	3750.000	3750.000
108	Spectrogram 1	1	4.541000000	4.542000000	3044.100	7195.122	3656.250	3562.500
109	Spectrogram 1	1	4.542000000	4.543000000	3044.100	7195.122	3656.250	3562.500
110	Spectrogram 1	1	4.543000000	4.544000000	3044.100	7195.122	3656.250	3562.500
111	Spectrogram 1	1	4.544000000	4.545000000	3044.100	7195.122	3656.250	3562.500
112	Spectrogram 1	1	4.545000000	4.546000000	3044.100	7195.122	3656.250	3562.500
113	Spectrogram 1	1	4.546000000	4.547000000	3044.100	7195.122	3656.250	3562.500
114	Spectrogram 1	1	4.547000000	4.548000000	3044.100	7195.122	3750.000	3281.250
115	Spectrogram 1	1	4.548000000	4.549000000	3044.100	7195.122	3750.000	3281.250
116	Spectrogram 1	1	4.549000000	4.550000000	3044.100	7195.122	3750.000	3281.250
117	Spectrogram 1	1	4.550000000	4.551000000	3044.100	7195.122	3750.000	3281.250
118	Spectrogram 1	1	4.551000000	4.552000000	3044.100	7195.122	3750.000	3281.250
119	Spectrogram 1	1	4.552000000	4.553000000	3044.100	7195.122	3750.000	3281.250
120	Spectrogram 1	1	4.553000000	4.554000000	3044.100	7195.122	3750.000	3281.250
121	Spectrogram 1	1	4.554000000	4.555000000	3044.100	7195.122	3750.000	3281.250
122	Spectrogram 1	1	4.555000000	4.556000000	3044.100	7195.122	3750.000	3281.250
123	Spectrogram 1	1	4.556000000	4.557000000	3044.100	7195.122	3750.000	3281.250
124	Spectrogram 1	1	4.557000000	4.558000000	3044.100	7195.122	4500.000	4968.750
125	Spectrogram 1	1	4.558000000	4.559000000	3044.100	7195.122	4500.000	4968.750
126	Spectrogram 1	1	4.559000000	4.560000000	3044.100	7195.122	4500.000	4968.750
127	Spectrogram 1	1	4.560000000	4.561000000	3044.100	7195.122	4500.000	4968.750
128	Spectrogram 1	1	4.561000000	4.562000000	3044.100	7195.122	4500.000	4968.750
129	Spectrogram 1	1	4.562000000	4.563000000	3044.100	7195.122	4500.000	4968.750
130	Spectrogram 1	1	4.563000000	4.564000000	3044.100	7195.122	5437.500	5531.250
131	Spectrogram 1	1	4.564000000	4.565000000	3044.100	7195.122	5437.500	5531.250
132	Spectrogram 1	1	4.565000000	4.566000000	3044.100	7195.122	5437.500	5531.250
133	Spectrogram 1	1	4.566000000	4.567000000	3044.100	7195.122	5437.500	5531.250
134	Spectrogram 1	1	4.567000000	4.568000000	3044.100	7195.122	5437.500	5531.250
135	Spectrogram 1	1	4.568000000	4.569000000	3044.100	7195.122	5718.750	5718.750
136	Spectrogram 1	1	4.569000000	4.570000000	3044.100	7195.122	5718.750	5718.750
137	Spectrogram 1	1	4.570000000	4.571000000	3044.100	7195.122	5718.750	5718.750
138	Spectrogram 1	1	4.571000000	4.572000000	3044.100	7195.122	5718.750	5718.750
139	Spectrogram 1	1	4.572000000	4.573000000	3044.100	7195.122	5718.750	5718.750
140	Spectrogram 1	1	4.573000000	4.574000000	3044.100	7195.122	5625.000	5625.000
141	Spectrogram 1	1	4.574000000	4.575000000	3044.100	7195.122	5625.000	5625.000
142	Spectrogram 1	1	4.575000000	4.576000000	3044.100	7195.122	5625.000	5625.000
143	Spectrogram 1	1	4.576000000	4.577000000	3044.100	7195.122	5625.000	5625.000
144	Spectrogram 1	1	4.577000000	4.578000000	3044.100	7195.122	5625.000	5625.000
145	Spectrogram 1	1	4.578000000	4.579000000	3044.100	7195.122	5625.000	5625.000
146	Spectrogram 1	1	4.579000000	4.580000000	3044.100	7195.122	5625.000	5625.000
147	Spectrogram 1	1	4.580000000	4.581000000	3044.100	7195.122	5625.000	5625.000
148	Spectrogram 1	1	4.581000000	4.582000000	3044.100	7195.122	5625.000	5625.000
149	Spectrogram 1	1	4.582000000	4.583000000	3044.100	7195.122	5625.000	5625.000
150	Spectrogram 1	1	4.583000000	4.584000000	3044.100	7195.122	5625.000	5625.000
151	Spectrogram 1	1	4.584000000	4.585000000	3044.100	7195.122	5343.750	5343.750
152	Spectrogram 1	1	4.585000000	4.586000000	3044.100	7195.122	5343.750	5343.750
153	Spectrogram 1	1	4.586000000	4.587000000	3044.100	7195.122	5343.750	5343.750
154	Spectrogram 1	1	4.587000000	4.588000000	3044.100	7195.122	5343.750	5343.750
155	Spectrogram 1	1	4.588000000	4.589000000	3044.100	7195.122	5343.750	5343.750
156	Spectrogram 1	1	4.589000000	4.590000000	3044.100	7195.122	5156.250	5156.250
157	Spectrogram 1	1	4.590000000	4.591000000	3044.100	7195.122	5156.250	5156.250
158	Spectrogram 1	1	4.591000000	4.592000000	3044.100	7195.122	5156.250	5156.250
159	Spectrogram 1	1	4.592000000	4.593000000	3044.100	7195.122	5156.250	5156.250
160	Spectrogram 1	1	4.593000000	4.594000000	3044.100	7195.122	5156.250	5156.250
161	Spectrogram 1	1	4.594000000	4.595000000	3044.100	7195.122	5156.250	5156.250
162	Spectrogram 1	1	4.595000000	4.596000000	3044.100	7195.122	5062.500	5062.500
163	Spectrogram 1	1	4.596000000	4.597000000	3044.100	7195.122	5062.500	5062.500
164	Spectrogram 1	1	4.597000000	4.598000000	3044.100	7195.122	5062.500	5062.500
165	Spectrogram 1	1	4.598000000	4.599000000	3044.100	7195.122	5062.500	5062.500
166	Spectrogram 1	1	4.599000000	4.600000000	3044.100	7195.122	5062.500	5062.500
167	Spectrogram 1	1	4.600000000	4.601000000	3044.100	7195.122	5250.000	5250.000
168	Spectrogram 1	1	4.601000000	4.602000000	3044.100	7195.122	5250.000	5250.000
169	Spectrogram 1	1	4.602000000	4.603000000	3044.100	7195.122	5250.000	5250.000
170	Spectrogram 1	1	4.603000000	4.604000000	3044.100	7195.122	5250.000	5250.000
171	Spectrogram 1	1	4.604000000	4.605000000	3044.100	7195.122	5250.000	5250.000
172	Spectrogram 1	1	4.605000000	4.606000000	3044.100	7195.122	5531.250	5531.250
173	Spectrogram 1	1	4.606000000	4.607000000	3044.100	7195.122	5531.250	5531.250
174	Spectrogram 1	1	4.607000000	4.608000000	3044.100	7195.122	5531.250	5531.250
175	Spectrogram 1	1	4.608000000	4.609000000	3044.100	7195.122	5531.250	5531.250
176	Spectrogram 1	1	4.609000000	4.610000000	3044.100	7195.122	5531.250	5531.250
177	Spectrogram 1	1	4.610000000	4.611000000	3044.100	7195.122	5531.250	5531.250
178	Spectrogram 1	1	4.611000000	4.612000000	3044.100	7195.122	5625.000	5625.000
179	Spectrogram 1	1	4.612000000	4.613000000	3044.100	7195.122	5625.000	5625.000
180	Spectrogram 1	1	4.613000000	4.614000000	3044.100	7195.122	5625.000	5625.000
181	Spectrogram 1	1	4.614000000	4.615000000	3044.100	7195.122	5625.000	5625.000
182	Spectrogram 1	1	4.615000000	4.616000000	3044.100	7195.122	5625.000	5625.000
183	Spectrogram 1	1	4.616000000	4.617000000	3044.100	7195.122	5625.000	5812.500
184	Spectrogram 1	1	4.617000000	4.618000000	3044.100	7195.122	5625.000	5812.500
185	Spectrogram 1	1	4.618000000	4.619000000	3044.100	7195.122	5625.000	5812.500
186	Spectrogram 1	1	4.619000000	4.620000000	3044.100	7195.122	5625.000	5812.500
187	Spectrogram 1	1	4.620000000	4.621000000	3044.100	7195.122	5625.000	5812.500
188	Spectrogram 1	1	4.621000000	4.622000000	3044.100	7195.122	5906.250	6000.000
189	Spectrogram 1	1	4.622000000	4.623000000	3044.100	7195.122	5906.250	6000.000
190	Spectrogram 1	1	4.623000000	4.624000000	3044.100	7195.122	5906.250	6000.000
191	Spectrogram 1	1	4.624000000	4.625000000	3044.100	7195.122	5906.250	6000.000
192	Spectrogram 1	1	4.625000000	4.626000000	3044.100	7195.122	5906.250	6000.000
193	Spectrogram 1	1	4.626000000	4.627000000	3044.100	7195.122	5906.250	6000.000
194	Spectrogram 1	1	4.627000000	4.628000000	3044.100	7195.122	6562.500	6843.750
195	Spectrogram 1	1	4.628000000	4.629000000	3044.100	7195.122	6562.500	6843.750
196	Spectrogram 1	1	4.629000000	4.630000000	3044.100	7195.122	6562.500	6843.750
197	Spectrogram 1	1	4.630000000	4.631000000	3044.100	7195.122	6562.500	6843.750
198	Spectrogram 1	1	4.631000000	4.632000000	3044.100	7195.122	6562.500	6843.750
199	Spectrogram 1	1	4.632000000	4.633000000	3044.100	7195.122	6562.500	6656.250
200	Spectrogram 1	1	4.633000000	4.634000000	3044.100	7195.122	6562.500	6656.250
201	Spectrogram 1	1	4.634000000	4.635000000	3044.100	7195.122	6562.500	6656.250
202	Spectrogram 1	1	4.635000000	4.636000000	3044.100	7195.122	6562.500	6656.250
203	Spectrogram 1	1	4.636000000	4.637000000	3044.100	7195.122	6562.500	6656.250
204	Spectrogram 1	1	4.637000000	4.638000000	3044.100	7195.122	5625.000	5625.000
205	Spectrogram 1	1	4.638000000	4.639000000	3044.100	7195.122	5625.000	5625.000
206	Spectrogram 1	1	4.639000000	4.640000000	3044.100	7195.122	5625.000	5625.000
207	Spectrogram 1	1	4.640000000	4.641000000	3044.100	7195.122	5625.000	5625.000
208	Spectrogram 1	1	4.641000000	4.642000000	3044.100	7195.122	5625.000	5625.000
209	Spectrogram 1	1	4.642000000	4.643000000	3044.100	7195.122	5625.000	5625.000
210	Spectrogram 1	1	4.643000000	4.644000000	3044.100	7195.122	5343.750	5718.750
211	Spectrogram 1	1	4.644000000	4.645000000	3044.100	7195.122	5343.750	5718.750
212	Spectrogram 1	1	4.645000000	4.646000000	3044.100	7195.122	5343.750	5718.750
213	Spectrogram 1	1	4.646000000	4.647000000	3044.100	7195.122	5343.750	5718.750
214	Spectrogram 1	1	4.647000000	4.648000000	3044.100	7195.122	5343.750	5718.750
215	Spectrogram 1	1	4.648000000	4.649000000	3044.100	7195.122	5625.000	5531.250
216	Spectrogram 1	1	4.649000000	4.650000000	3044.100	7195.122	5625.000	5531.250
217	Spectrogram 1	1	4.650000000	4.651000000	3044.100	7195.122	5625.000	5531.250
218	Spectrogram 1	1	4.651000000	4.652000000	3044.100	7195.122	5625.000	5531.250
219	Spectrogram 1	1	4.652000000	4.653000000	3044.100	7195.122	5625.000	5531.250
220	Spectrogram 1	1	4.653000000	4.654000000	3044.100	7195.122	5062.500	5062.500
221	Spectrogram 1	1	4.654000000	4.655000000	3044.100	7195.122	5062.500	5062.500
222	Spectrogram 1	1	4.655000000	4.656000000	3044.100	7195.122	5062.500	5062.500
223	Spectrogram 1	1	4.656000000	4.657000000	3044.100	7195.122	5062.500	5062.500
224	Spectrogram 1	1	4.657000000	4.658000000	3044.100	7195.122	5062.500	5062.500
225	Spectrogram 1	1	4.658000000	4.659000000	3044.100	7195.122	5062.500	5062.500
226	Spectrogram 1	1	4.659000000	4.660000000	3044.100	7195.122	5531.250	5531.250
227	Spectrogram 1	1	4.660000000	4.661000000	3044.100	7195.122	5531.250	5531.250
228	Spectrogram 1	1	4.661000000	4.662000000	3044.100	7195.122	5531.250	5531.250
229	Spectrogram 1	1	4.662000000	4.662423622	3044.100	7195.122	5531.250	5531.250
