Selection	View	Channel	Begin Time (s)	End Time (s)	Low Freq (Hz)	High Freq (Hz)	Center Freq (Hz)	Peak Freq (Hz)
1	Spectrogram 1	2	6.739497118	6.740494850	3049.044	6412.900	5857.031	5857.031
2	Spectrogram 1	2	6.740494850	6.741492583	3049.044	6412.900	5857.031	5857.031
3	Spectrogram 1	2	6.741492583	6.742490315	3049.044	6412.900	5857.031	5857.031
4	Spectrogram 1	2	6.742490315	6.743488048	3049.044	6412.900	5684.766	5770.898
5	Spectrogram 1	2	6.743488048	6.744485780	3049.044	6412.900	5684.766	5770.898
6	Spectrogram 1	2	6.744485780	6.745483513	3049.044	6412.900	5684.766	5770.898
7	Spectrogram 1	2	6.745483513	6.746481245	3049.044	6412.900	5684.766	5770.898
8	Spectrogram 1	2	6.746481245	6.747478977	3049.044	6412.900	5684.766	5770.898
9	Spectrogram 1	2	6.747478977	6.748476710	3049.044	6412.900	5684.766	5770.898
10	Spectrogram 1	2	6.748476710	6.749474442	3049.044	6412.900	4651.172	4565.039
11	Spectrogram 1	2	6.749474442	6.750472175	3049.044	6412.900	4651.172	4565.039
12	Spectrogram 1	2	6.750472175	6.751469907	3049.044	6412.900	4651.172	4565.039
13	Spectrogram 1	2	6.751469907	6.752467640	3049.044	6412.900	4651.172	4565.039
14	Spectrogram 1	2	6.752467640	6.753465372	3049.044	6412.900	4651.172	4565.039
15	Spectrogram 1	2	6.753465372	6.754463104	3049.044	6412.900	4651.172	4565.039
16	Spectrogram 1	2	6.754463104	6.755460837	3049.044	6412.900	5167.969	5167.969
17	Spectrogram 1	2	6.755460837	6.756458569	3049.044	6412.900	5167.969	5167.969
18	Spectrogram 1	2	6.756458569	6.757456302	3049.044	6412.900	5167.969	5167.969
19	Spectrogram 1	2	6.757456302	6.758454034	3049.044	6412.900	5167.969	5167.969
20	Spectrogram 1	2	6.758454034	6.759451767	3049.044	6412.900	5167.969	5167.969
21	Spectrogram 1	2	6.759451767	6.760449499	3049.044	6412.900	5512.500	5254.102
22	Spectrogram 1	2	6.760449499	6.761447231	3049.044	6412.900	5512.500	5254.102
23	Spectrogram 1	2	6.761447231	6.762444964	3049.044	6412.900	5512.500	5254.102
24	Spectrogram 1	2	6.762444964	6.763442696	3049.044	6412.900	5512.500	5254.102
25	Spectrogram 1	2	6.763442696	6.764440429	3049.044	6412.900	5512.500	5254.102
26	Spectrogram 1	2	6.764440429	6.765438161	3049.044	6412.900	5512.500	5254.102
27	Spectrogram 1	2	6.765438161	6.766435894	3049.044	6412.900	5770.898	5684.766
28	Spectrogram 1	2	6.766435894	6.767433626	3049.044	6412.900	5770.898	5684.766
29	Spectrogram 1	2	6.767433626	6.768431358	3049.044	6412.900	5770.898	5684.766
30	Spectrogram 1	2	6.768431358	6.769429091	3049.044	6412.900	5770.898	5684.766
31	Spectrogram 1	2	6.769429091	6.770426823	3049.044	6412.900	5770.898	5684.766
32	Spectrogram 1	2	6.770426823	6.771424556	3049.044	6412.900	5770.898	5684.766
33	Spectrogram 1	2	6.771424556	6.772422288	3049.044	6412.900	5254.102	5254.102
34	Spectrogram 1	2	6.772422288	6.773420020	3049.044	6412.900	5254.102	5254.102
35	Spectrogram 1	2	6.773420020	6.774417753	3049.044	6412.900	5254.102	5254.102
36	Spectrogram 1	2	6.774417753	6.775415485	3049.044	6412.900	5254.102	5254.102
37	Spectrogram 1	2	6.775415485	6.776413218	3049.044	6412.900	5254.102	5254.102
38	Spectrogram 1	2	6.776413218	6.777410950	3049.044	6412.900	5254.102	5254.102
39	Spectrogram 1	2	6.777410950	6.778408683	3049.044	6412.900	4651.172	4565.039
40	Spectrogram 1	2	6.778408683	6.779406415	3049.044	6412.900	4651.172	4565.039
41	Spectrogram 1	2	6.779406415	6.780404147	3049.044	6412.900	4651.172	4565.039
42	Spectrogram 1	2	6.780404147	6.781401880	3049.044	6412.900	4651.172	4565.039
43	Spectrogram 1	2	6.781401880	6.782399612	3049.044	6412.900	4651.172	4565.039
44	Spectrogram 1	2	6.782399612	6.783397345	3049.044	6412.900	4651.172	4565.039
45	Spectrogram 1	2	6.783397345	6.784395077	3049.044	6412.900	4392.773	4306.641
46	Spectrogram 1	2	6.784395077	6.785392810	3049.044	6412.900	4392.773	4306.641
47	Spectrogram 1	2	6.785392810	6.786390542	3049.044	6412.900	4392.773	4306.641
48	Spectrogram 1	2	6.786390542	6.787388274	3049.044	6412.900	4392.773	4306.641
49	Spectrogram 1	2	6.787388274	6.788386007	3049.044	6412.900	4392.773	4306.641
50	Spectrogram 1	2	6.788386007	6.789383739	3049.044	6412.900	4392.773	4306.641
51	Spectrogram 1	2	6.789383739	6.790381472	3049.044	6412.900	3962.109	3962.109
52	Spectrogram 1	2	6.790381472	6.791379204	3049.044	6412.900	3962.109	3962.109
53	Spectrogram 1	2	6.791379204	6.792376937	3049.044	6412.900	3962.109	3962.109
54	Spectrogram 1	2	6.792376937	6.793374669	3049.044	6412.900	3962.109	3962.109
55	Spectrogram 1	2	6.793374669	6.794372401	3049.044	6412.900	3962.109	3962.109
56	Spectrogram 1	2	6.794372401	6.795370134	3049.044	6412.900	3875.977	3703.711
57	Spectrogram 1	2	6.795370134	6.796367866	3049.044	6412.900	3875.977	3703.711
58	Spectrogram 1	2	6.796367866	6.797365599	3049.044	6412.900	3875.977	3703.711
59	Spectrogram 1	2	6.797365599	6.798363331	3049.044	6412.900	3875.977	3703.711
60	Spectrogram 1	2	6.798363331	6.799361064	3049.044	6412.900	3875.977	3703.711
61	Spectrogram 1	2	6.799361064	6.800358796	3049.044	6412.900	3875.977	3703.711
62	Spectrogram 1	2	6.800358796	6.801356528	3049.044	6412.900	3875.977	3875.977
63	Spectrogram 1	2	6.801356528	6.802354261	3049.044	6412.900	3875.977	3875.977
64	Spectrogram 1	2	6.802354261	6.803351993	3049.044	6412.900	3875.977	3875.977
65	Spectrogram 1	2	6.803351993	6.804349726	3049.044	6412.900	3875.977	3875.977
66	Spectrogram 1	2	6.804349726	6.805347458	3049.044	6412.900	3875.977	3875.977
67	Spectrogram 1	2	6.805347458	6.806345191	3049.044	6412.900	3875.977	3875.977
68	Spectrogram 1	2	6.806345191	6.807342923	3049.044	6412.900	4134.375	4134.375
69	Spectrogram 1	2	6.807342923	6.808340655	3049.044	6412.900	4134.375	4134.375
70	Spectrogram 1	2	6.808340655	6.809338388	3049.044	6412.900	4134.375	4134.375
71	Spectrogram 1	2	6.809338388	6.810336120	3049.044	6412.900	4134.375	4134.375
72	Spectrogram 1	2	6.810336120	6.811333853	3049.044	6412.900	4134.375	4134.375
73	Spectrogram 1	2	6.811333853	6.812331585	3049.044	6412.900	4134.375	4134.375
74	Spectrogram 1	2	6.812331585	6.813329318	3049.044	6412.900	3962.109	3962.109
75	Spectrogram 1	2	6.813329318	6.814327050	3049.044	6412.900	3962.109	3962.109
76	Spectrogram 1	2	6.814327050	6.815324782	3049.044	6412.900	3962.109	3962.109
77	Spectrogram 1	2	6.815324782	6.816322515	3049.044	6412.900	3962.109	3962.109
78	Spectrogram 1	2	6.816322515	6.817320247	3049.044	6412.900	3962.109	3962.109
79	Spectrogram 1	2	6.817320247	6.818317980	3049.044	6412.900	3962.109	3962.109
80	Spectrogram 1	2	6.818317980	6.819315712	3049.044	6412.900	3789.844	3789.844
81	Spectrogram 1	2	6.819315712	6.820313445	3049.044	6412.900	3789.844	3789.844
82	Spectrogram 1	2	6.820313445	6.821311177	3049.044	6412.900	3789.844	3789.844
83	Spectrogram 1	2	6.821311177	6.822308909	3049.044	6412.900	3789.844	3789.844
84	Spectrogram 1	2	6.822308909	6.823306642	3049.044	6412.900	3789.844	3789.844
85	Spectrogram 1	2	6.823306642	6.824304374	3049.044	6412.900	3703.711	3703.711
86	Spectrogram 1	2	6.824304374	6.825302107	3049.044	6412.900	3703.711	3703.711
87	Spectrogram 1	2	6.825302107	6.826299839	3049.044	6412.900	3703.711	3703.711
88	Spectrogram 1	2	6.826299839	6.827297572	3049.044	6412.900	3703.711	3703.711
89	Spectrogram 1	2	6.827297572	6.828295304	3049.044	6412.900	3703.711	3703.711
90	Spectrogram 1	2	6.828295304	6.829293036	3049.044	6412.900	3703.711	3703.711
91	Spectrogram 1	2	6.829293036	6.830290769	3049.044	6412.900	3617.578	3531.445
92	Spectrogram 1	2	6.830290769	6.831288501	3049.044	6412.900	3617.578	3531.445
93	Spectrogram 1	2	6.831288501	6.832286234	3049.044	6412.900	3617.578	3531.445
94	Spectrogram 1	2	6.832286234	6.833283966	3049.044	6412.900	3617.578	3531.445
95	Spectrogram 1	2	6.833283966	6.834281698	3049.044	6412.900	3617.578	3531.445
96	Spectrogram 1	2	6.834281698	6.835279431	3049.044	6412.900	3617.578	3531.445
97	Spectrogram 1	2	6.835279431	6.836277163	3049.044	6412.900	3273.047	3273.047
98	Spectrogram 1	2	6.836277163	6.837274896	3049.044	6412.900	3273.047	3273.047
99	Spectrogram 1	2	6.837274896	6.838272628	3049.044	6412.900	3273.047	3273.047
100	Spectrogram 1	2	6.838272628	6.839270361	3049.044	6412.900	3273.047	3273.047
101	Spectrogram 1	2	6.839270361	6.840268093	3049.044	6412.900	3273.047	3273.047
102	Spectrogram 1	2	6.840268093	6.841265825	3049.044	6412.900	3273.047	3273.047
103	Spectrogram 1	2	6.841265825	6.842263558	3049.044	6412.900	3186.914	3100.781
104	Spectrogram 1	2	6.842263558	6.843261290	3049.044	6412.900	3186.914	3100.781
105	Spectrogram 1	2	6.843261290	6.844259023	3049.044	6412.900	3186.914	3100.781
106	Spectrogram 1	2	6.844259023	6.845256755	3049.044	6412.900	3186.914	3100.781
107	Spectrogram 1	2	6.845256755	6.846254488	3049.044	6412.900	3186.914	3100.781
108	Spectrogram 1	2	6.846254488	6.847252220	3049.044	6412.900	3186.914	3100.781
109	Spectrogram 1	2	6.847252220	6.848249952	3049.044	6412.900	3875.977	3186.914
110	Spectrogram 1	2	6.848249952	6.849247685	3049.044	6412.900	3875.977	3186.914
111	Spectrogram 1	2	6.849247685	6.850245417	3049.044	6412.900	3875.977	3186.914
112	Spectrogram 1	2	6.850245417	6.851243150	3049.044	6412.900	3875.977	3186.914
113	Spectrogram 1	2	6.851243150	6.852240882	3049.044	6412.900	3875.977	3186.914
114	Spectrogram 1	2	6.852240882	6.853238615	3049.044	6412.900	3875.977	3186.914
115	Spectrogram 1	2	6.853238615	6.854236347	3049.044	6412.900	5081.836	5167.969
116	Spectrogram 1	2	6.854236347	6.855234079	3049.044	6412.900	5081.836	5167.969
117	Spectrogram 1	2	6.855234079	6.856231812	3049.044	6412.900	5081.836	5167.969
118	Spectrogram 1	2	6.856231812	6.857229544	3049.044	6412.900	5081.836	5167.969
119	Spectrogram 1	2	6.857229544	6.858227277	3049.044	6412.900	5081.836	5167.969
120	Spectrogram 1	2	6.858227277	6.859225009	3049.044	6412.900	5426.367	5512.500
121	Spectrogram 1	2	6.859225009	6.860222742	3049.044	6412.900	5426.367	5512.500
122	Spectrogram 1	2	6.860222742	6.861220474	3049.044	6412.900	5426.367	5512.500
123	Spectrogram 1	2	6.861220474	6.862218206	3049.044	6412.900	5426.367	5512.500
124	Spectrogram 1	2	6.862218206	6.863215939	3049.044	6412.900	5426.367	5512.500
125	Spectrogram 1	2	6.863215939	6.864213671	3049.044	6412.900	5426.367	5512.500
126	Spectrogram 1	2	6.864213671	6.865211404	3049.044	6412.900	5512.500	5512.500
127	Spectrogram 1	2	6.865211404	6.866209136	3049.044	6412.900	5512.500	5512.500
128	Spectrogram 1	2	6.866209136	6.867206869	3049.044	6412.900	5512.500	5512.500
129	Spectrogram 1	2	6.867206869	6.868204601	3049.044	6412.900	5512.500	5512.500
130	Spectrogram 1	2	6.868204601	6.869202333	3049.044	6412.900	5512.500	5512.500
131	Spectrogram 1	2	6.869202333	6.870200066	3049.044	6412.900	5512.500	5512.500
132	Spectrogram 1	2	6.870200066	6.871197798	3049.044	6412.900	5340.234	5340.234
133	Spectrogram 1	2	6.871197798	6.872195531	3049.044	6412.900	5340.234	5340.234
134	Spectrogram 1	2	6.872195531	6.873193263	3049.044	6412.900	5340.234	5340.234
135	Spectrogram 1	2	6.873193263	6.874190996	3049.044	6412.900	5340.234	5340.234
136	Spectrogram 1	2	6.874190996	6.875188728	3049.044	6412.900	5340.234	5340.234
137	Spectrogram 1	2	6.875188728	6.876186460	3049.044	6412.900	5340.234	5340.234
138	Spectrogram 1	2	6.876186460	6.877184193	3049.044	6412.900	5167.969	5167.969
139	Spectrogram 1	2	6.877184193	6.878181925	3049.044	6412.900	5167.969	5167.969
140	Spectrogram 1	2	6.878181925	6.879179658	3049.044	6412.900	5167.969	5167.969
141	Spectrogram 1	2	6.879179658	6.880177390	3049.044	6412.900	5167.969	5167.969
142	Spectrogram 1	2	6.880177390	6.881175123	3049.044	6412.900	5167.969	5167.969
143	Spectrogram 1	2	6.881175123	6.882172855	3049.044	6412.900	5167.969	5167.969
144	Spectrogram 1	2	6.882172855	6.883170587	3049.044	6412.900	5081.836	5081.836
145	Spectrogram 1	2	6.883170587	6.884168320	3049.044	6412.900	5081.836	5081.836
146	Spectrogram 1	2	6.884168320	6.885166052	3049.044	6412.900	5081.836	5081.836
147	Spectrogram 1	2	6.885166052	6.886163785	3049.044	6412.900	5081.836	5081.836
148	Spectrogram 1	2	6.886163785	6.887161517	3049.044	6412.900	5081.836	5081.836
149	Spectrogram 1	2	6.887161517	6.888159250	3049.044	6412.900	4995.703	4995.703
150	Spectrogram 1	2	6.888159250	6.889156982	3049.044	6412.900	4995.703	4995.703
151	Spectrogram 1	2	6.889156982	6.890154714	3049.044	6412.900	4995.703	4995.703
152	Spectrogram 1	2	6.890154714	6.891152447	3049.044	6412.900	4995.703	4995.703
153	Spectrogram 1	2	6.891152447	6.892150179	3049.044	6412.900	4995.703	4995.703
154	Spectrogram 1	2	6.892150179	6.893147912	3049.044	6412.900	4995.703	4995.703
155	Spectrogram 1	2	6.893147912	6.894145644	3049.044	6412.900	5081.836	5081.836
156	Spectrogram 1	2	6.894145644	6.895143377	3049.044	6412.900	5081.836	5081.836
157	Spectrogram 1	2	6.895143377	6.896141109	3049.044	6412.900	5081.836	5081.836
158	Spectrogram 1	2	6.896141109	6.897138841	3049.044	6412.900	5081.836	5081.836
159	Spectrogram 1	2	6.897138841	6.898136574	3049.044	6412.900	5081.836	5081.836
160	Spectrogram 1	2	6.898136574	6.899134306	3049.044	6412.900	5081.836	5081.836
161	Spectrogram 1	2	6.899134306	6.900132039	3049.044	6412.900	5167.969	5167.969
162	Spectrogram 1	2	6.900132039	6.901129771	3049.044	6412.900	5167.969	5167.969
163	Spectrogram 1	2	6.901129771	6.902127503	3049.044	6412.900	5167.969	5167.969
164	Spectrogram 1	2	6.902127503	6.903125236	3049.044	6412.900	5167.969	5167.969
165	Spectrogram 1	2	6.903125236	6.904122968	3049.044	6412.900	5167.969	5167.969
166	Spectrogram 1	2	6.904122968	6.905120701	3049.044	6412.900	5167.969	5167.969
167	Spectrogram 1	2	6.905120701	6.906118433	3049.044	6412.900	5426.367	5426.367
168	Spectrogram 1	2	6.906118433	6.907116166	3049.044	6412.900	5426.367	5426.367
169	Spectrogram 1	2	6.907116166	6.908113898	3049.044	6412.900	5426.367	5426.367
170	Spectrogram 1	2	6.908113898	6.909111630	3049.044	6412.900	5426.367	5426.367
171	Spectrogram 1	2	6.909111630	6.910109363	3049.044	6412.900	5426.367	5426.367
172	Spectrogram 1	2	6.910109363	6.911107095	3049.044	6412.900	5426.367	5426.367
173	Spectrogram 1	2	6.911107095	6.912104828	3049.044	6412.900	5512.500	5512.500
174	Spectrogram 1	2	6.912104828	6.913102560	3049.044	6412.900	5512.500	5512.500
175	Spectrogram 1	2	6.913102560	6.914100293	3049.044	6412.900	5512.500	5512.500
176	Spectrogram 1	2	6.914100293	6.915098025	3049.044	6412.900	5512.500	5512.500
177	Spectrogram 1	2	6.915098025	6.916095757	3049.044	6412.900	5512.500	5512.500
178	Spectrogram 1	2	6.916095757	6.917093490	3049.044	6412.900	5512.500	5512.500
179	Spectrogram 1	2	6.917093490	6.918091222	3049.044	6412.900	5684.766	5684.766
180	Spectrogram 1	2	6.918091222	6.919088955	3049.044	6412.900	5684.766	5684.766
181	Spectrogram 1	2	6.919088955	6.920086687	3049.044	6412.900	5684.766	5684.766
182	Spectrogram 1	2	6.920086687	6.921084420	3049.044	6412.900	5684.766	5684.766
183	Spectrogram 1	2	6.921084420	6.922082152	3049.044	6412.900	5684.766	5684.766
184	Spectrogram 1	2	6.922082152	6.923079884	3049.044	6412.900	5770.898	5770.898
185	Spectrogram 1	2	6.923079884	6.924077617	3049.044	6412.900	5770.898	5770.898
186	Spectrogram 1	2	6.924077617	6.925075349	3049.044	6412.900	5770.898	5770.898
187	Spectrogram 1	2	6.925075349	6.926073082	3049.044	6412.900	5770.898	5770.898
188	Spectrogram 1	2	6.926073082	6.927070814	3049.044	6412.900	5770.898	5770.898
189	Spectrogram 1	2	6.927070814	6.928068547	3049.044	6412.900	5770.898	5770.898
190	Spectrogram 1	2	6.928068547	6.929066279	3049.044	6412.900	5684.766	5684.766
191	Spectrogram 1	2	6.929066279	6.930064011	3049.044	6412.900	5684.766	5684.766
192	Spectrogram 1	2	6.930064011	6.931061744	3049.044	6412.900	5684.766	5684.766
193	Spectrogram 1	2	6.931061744	6.932059476	3049.044	6412.900	5684.766	5684.766
194	Spectrogram 1	2	6.932059476	6.933057209	3049.044	6412.900	5684.766	5684.766
195	Spectrogram 1	2	6.933057209	6.934054941	3049.044	6412.900	5684.766	5684.766
196	Spectrogram 1	2	6.934054941	6.935052674	3049.044	6412.900	5254.102	5254.102
197	Spectrogram 1	2	6.935052674	6.936050406	3049.044	6412.900	5254.102	5254.102
198	Spectrogram 1	2	6.936050406	6.937048138	3049.044	6412.900	5254.102	5254.102
199	Spectrogram 1	2	6.937048138	6.938045871	3049.044	6412.900	5254.102	5254.102
200	Spectrogram 1	2	6.938045871	6.939043603	3049.044	6412.900	5254.102	5254.102
201	Spectrogram 1	2	6.939043603	6.940041336	3049.044	6412.900	5254.102	5254.102
202	Spectrogram 1	2	6.940041336	6.941039068	3049.044	6412.900	4565.039	4565.039
203	Spectrogram 1	2	6.941039068	6.942036801	3049.044	6412.900	4565.039	4565.039
204	Spectrogram 1	2	6.942036801	6.943034533	3049.044	6412.900	4565.039	4565.039
205	Spectrogram 1	2	6.943034533	6.944032265	3049.044	6412.900	4565.039	4565.039
206	Spectrogram 1	2	6.944032265	6.945029998	3049.044	6412.900	4565.039	4565.039
207	Spectrogram 1	2	6.945029998	6.946027730	3049.044	6412.900	4565.039	4565.039
208	Spectrogram 1	2	6.946027730	6.947025463	3049.044	6412.900	5081.836	3875.977
209	Spectrogram 1	2	6.947025463	6.948023195	3049.044	6412.900	5081.836	3875.977
210	Spectrogram 1	2	6.948023195	6.949020928	3049.044	6412.900	5081.836	3875.977
211	Spectrogram 1	2	6.949020928	6.950018660	3049.044	6412.900	5081.836	3875.977
212	Spectrogram 1	2	6.950018660	6.951016392	3049.044	6412.900	5081.836	3875.977
213	Spectrogram 1	2	6.951016392	6.952014125	3049.044	6412.900	4737.305	3962.109
214	Spectrogram 1	2	6.952014125	6.953011857	3049.044	6412.900	4737.305	3962.109
215	Spectrogram 1	2	6.953011857	6.954009590	3049.044	6412.900	4737.305	3962.109
216	Spectrogram 1	2	6.954009590	6.955007322	3049.044	6412.900	4737.305	3962.109
217	Spectrogram 1	2	6.955007322	6.956005055	3049.044	6412.900	4737.305	3962.109
218	Spectrogram 1	2	6.956005055	6.957002787	3049.044	6412.900	4737.305	3962.109
219	Spectrogram 1	2	6.957002787	6.958000519	3049.044	6412.900	5512.500	5770.898
220	Spectrogram 1	2	6.958000519	6.958023681	3049.044	6412.900	5512.500	5770.898
