Selection	View	Channel	Begin Time (s)	End Time (s)	Low Freq (Hz)	High Freq (Hz)	Center Freq (Hz)	Peak Freq (Hz)
1	Spectrogram 1	1	1.894428872	1.895428872	3185.841	7061.947	6562.500	6562.500
2	Spectrogram 1	1	1.895428872	1.896428872	3185.841	7061.947	6562.500	6562.500
3	Spectrogram 1	1	1.896428872	1.897428872	3185.841	7061.947	6562.500	6562.500
4	Spectrogram 1	1	1.897428872	1.898428872	3185.841	7061.947	6562.500	6750.000
5	Spectrogram 1	1	1.898428872	1.899428872	3185.841	7061.947	6562.500	6750.000
6	Spectrogram 1	1	1.899428872	1.900428872	3185.841	7061.947	6562.500	6750.000
7	Spectrogram 1	1	1.900428872	1.901428872	3185.841	7061.947	6750.000	6750.000
8	Spectrogram 1	1	1.901428872	1.902428872	3185.841	7061.947	6750.000	6750.000
9	Spectrogram 1	1	1.902428872	1.903428872	3185.841	7061.947	6750.000	6750.000
10	Spectrogram 1	1	1.903428872	1.904428872	3185.841	7061.947	6750.000	6750.000
11	Spectrogram 1	1	1.904428872	1.905428872	3185.841	7061.947	6750.000	6750.000
12	Spectrogram 1	1	1.905428872	1.906428872	3185.841	7061.947	6375.000	6187.500
13	Spectrogram 1	1	1.906428872	1.907428872	3185.841	7061.947	6375.000	6187.500
14	Spectrogram 1	1	1.907428872	1.908428872	3185.841	7061.947	6375.000	6187.500
15	Spectrogram 1	1	1.908428872	1.909428872	3185.841	7061.947	5625.000	5437.500
16	Spectrogram 1	1	1.909428872	1.910428872	3185.841	7061.947	5625.000	5437.500
17	Spectrogram 1	1	1.910428872	1.911428872	3185.841	7061.947	5250.000	5250.000
18	Spectrogram 1	1	1.911428872	1.912428872	3185.841	7061.947	5250.000	5250.000
19	Spectrogram 1	1	1.912428872	1.913428872	3185.841	7061.947	5250.000	5250.000
20	Spectrogram 1	1	1.913428872	1.914428872	3185.841	7061.947	5062.500	5062.500
21	Spectrogram 1	1	1.914428872	1.915428872	3185.841	7061.947	5062.500	5062.500
22	Spectrogram 1	1	1.915428872	1.916428872	3185.841	7061.947	5062.500	5062.500
23	Spectrogram 1	1	1.916428872	1.917428872	3185.841	7061.947	4875.000	4875.000
24	Spectrogram 1	1	1.917428872	1.918428872	3185.841	7061.947	4875.000	4875.000
25	Spectrogram 1	1	1.918428872	1.919428872	3185.841	7061.947	4875.000	4875.000
26	Spectrogram 1	1	1.919428872	1.920428872	3185.841	7061.947	4875.000	4875.000
27	Spectrogram 1	1	1.920428872	1.921428872	3185.841	7061.947	4875.000	4875.000
28	Spectrogram 1	1	1.921428872	1.922428872	3185.841	7061.947	5062.500	5062.500
29	Spectrogram 1	1	1.922428872	1.923428872	3185.841	7061.947	5062.500	5062.500
30	Spectrogram 1	1	1.923428872	1.924428872	3185.841	7061.947	5062.500	5062.500
31	Spectrogram 1	1	1.924428872	1.925428872	3185.841	7061.947	5250.000	5250.000
32	Spectrogram 1	1	1.925428872	1.926428872	3185.841	7061.947	5250.000	5250.000
33	Spectrogram 1	1	1.926428872	1.927428872	3185.841	7061.947	5437.500	5437.500
34	Spectrogram 1	1	1.927428872	1.928428872	3185.841	7061.947	5437.500	5437.500
35	Spectrogram 1	1	1.928428872	1.929428872	3185.841	7061.947	5437.500	5437.500
36	Spectrogram 1	1	1.929428872	1.930428872	3185.841	7061.947	5812.500	5812.500
37	Spectrogram 1	1	1.930428872	1.931428872	3185.841	7061.947	5812.500	5812.500
38	Spectrogram 1	1	1.931428872	1.932428872	3185.841	7061.947	5812.500	5812.500
39	Spectrogram 1	1	1.932428872	1.933428872	3185.841	7061.947	5812.500	5812.500
40	Spectrogram 1	1	1.933428872	1.934428872	3185.841	7061.947	5812.500	5812.500
41	Spectrogram 1	1	1.934428872	1.935428872	3185.841	7061.947	5812.500	5812.500
42	Spectrogram 1	1	1.935428872	1.936428872	3185.841	7061.947	5812.500	5812.500
43	Spectrogram 1	1	1.936428872	1.937428872	3185.841	7061.947	5812.500	5812.500
44	Spectrogram 1	1	1.937428872	1.938428872	3185.841	7061.947	5625.000	5625.000
45	Spectrogram 1	1	1.938428872	1.939428872	3185.841	7061.947	5625.000	5625.000
46	Spectrogram 1	1	1.939428872	1.940428872	3185.841	7061.947	5625.000	5625.000
47	Spectrogram 1	1	1.940428872	1.941428872	3185.841	7061.947	5625.000	5625.000
48	Spectrogram 1	1	1.941428872	1.942428872	3185.841	7061.947	5625.000	5625.000
49	Spectrogram 1	1	1.942428872	1.943428872	3185.841	7061.947	5062.500	5062.500
50	Spectrogram 1	1	1.943428872	1.944428872	3185.841	7061.947	5062.500	5062.500
51	Spectrogram 1	1	1.944428872	1.945428872	3185.841	7061.947	5062.500	5062.500
52	Spectrogram 1	1	1.945428872	1.946428872	3185.841	7061.947	4687.500	4687.500
53	Spectrogram 1	1	1.946428872	1.947428872	3185.841	7061.947	4687.500	4687.500
54	Spectrogram 1	1	1.947428872	1.948428872	3185.841	7061.947	4687.500	4687.500
55	Spectrogram 1	1	1.948428872	1.949428872	3185.841	7061.947	4500.000	4500.000
56	Spectrogram 1	1	1.949428872	1.950428872	3185.841	7061.947	4500.000	4500.000
57	Spectrogram 1	1	1.950428872	1.951428872	3185.841	7061.947	4500.000	4500.000
58	Spectrogram 1	1	1.951428872	1.952428872	3185.841	7061.947	4500.000	4500.000
59	Spectrogram 1	1	1.952428872	1.953428872	3185.841	7061.947	4500.000	4500.000
60	Spectrogram 1	1	1.953428872	1.954428872	3185.841	7061.947	4312.500	4312.500
61	Spectrogram 1	1	1.954428872	1.955428872	3185.841	7061.947	4312.500	4312.500
62	Spectrogram 1	1	1.955428872	1.956428872	3185.841	7061.947	4312.500	4312.500
63	Spectrogram 1	1	1.956428872	1.957428872	3185.841	7061.947	4125.000	4125.000
64	Spectrogram 1	1	1.957428872	1.958428872	3185.841	7061.947	4125.000	4125.000
65	Spectrogram 1	1	1.958428872	1.959428872	3185.841	7061.947	4125.000	4125.000
66	Spectrogram 1	1	1.959428872	1.960428872	3185.841	7061.947	4125.000	4125.000
67	Spectrogram 1	1	1.960428872	1.961428872	3185.841	7061.947	4125.000	4125.000
68	Spectrogram 1	1	1.961428872	1.962428872	3185.841	7061.947	4687.500	3937.500
69	Spectrogram 1	1	1.962428872	1.963428872	3185.841	7061.947	4687.500	3937.500
70	Spectrogram 1	1	1.963428872	1.964428872	3185.841	7061.947	4687.500	3937.500
71	Spectrogram 1	1	1.964428872	1.965428872	3185.841	7061.947	3937.500	3750.000
72	Spectrogram 1	1	1.965428872	1.966428872	3185.841	7061.947	3937.500	3750.000
73	Spectrogram 1	1	1.966428872	1.967428872	3185.841	7061.947	3750.000	3562.500
74	Spectrogram 1	1	1.967428872	1.968428872	3185.841	7061.947	3750.000	3562.500
75	Spectrogram 1	1	1.968428872	1.969428872	3185.841	7061.947	3750.000	3562.500
76	Spectrogram 1	1	1.969428872	1.970428872	3185.841	7061.947	4125.000	3562.500
77	Spectrogram 1	1	1.970428872	1.971428872	3185.841	7061.947	4125.000	3562.500
78	Spectrogram 1	1	1.971428872	1.972428872	3185.841	7061.947	4125.000	3562.500
79	Spectrogram 1	1	1.972428872	1.973428872	3185.841	7061.947	5250.000	5437.500
80	Spectrogram 1	1	1.973428872	1.974428872	3185.841	7061.947	5250.000	5437.500
81	Spectrogram 1	1	1.974428872	1.975428872	3185.841	7061.947	4875.000	4875.000
82	Spectrogram 1	1	1.975428872	1.976428872	3185.841	7061.947	4875.000	4875.000
83	Spectrogram 1	1	1.976428872	1.977428872	3185.841	7061.947	4875.000	4875.000
84	Spectrogram 1	1	1.977428872	1.978428872	3185.841	7061.947	5437.500	5625.000
85	Spectrogram 1	1	1.978428872	1.979428872	3185.841	7061.947	5437.500	5625.000
86	Spectrogram 1	1	1.979428872	1.980428872	3185.841	7061.947	5437.500	5625.000
87	Spectrogram 1	1	1.980428872	1.981428872	3185.841	7061.947	4312.500	3562.500
88	Spectrogram 1	1	1.981428872	1.982428872	3185.841	7061.947	4312.500	3562.500
89	Spectrogram 1	1	1.982428872	1.983428872	3185.841	7061.947	3750.000	3750.000
90	Spectrogram 1	1	1.983428872	1.984428872	3185.841	7061.947	3750.000	3750.000
91	Spectrogram 1	1	1.984428872	1.985428872	3185.841	7061.947	3750.000	3750.000
92	Spectrogram 1	1	1.985428872	1.986428872	3185.841	7061.947	3937.500	3750.000
93	Spectrogram 1	1	1.986428872	1.987428872	3185.841	7061.947	3937.500	3750.000
94	Spectrogram 1	1	1.987428872	1.988428872	3185.841	7061.947	3937.500	3750.000
95	Spectrogram 1	1	1.988428872	1.989428872	3185.841	7061.947	3937.500	3937.500
96	Spectrogram 1	1	1.989428872	1.990428872	3185.841	7061.947	3937.500	3937.500
97	Spectrogram 1	1	1.990428872	1.991428872	3185.841	7061.947	3937.500	3937.500
98	Spectrogram 1	1	1.991428872	1.992428872	3185.841	7061.947	3937.500	3937.500
99	Spectrogram 1	1	1.992428872	1.993428872	3185.841	7061.947	3937.500	3937.500
100	Spectrogram 1	1	1.993428872	1.994428872	3185.841	7061.947	3937.500	3937.500
101	Spectrogram 1	1	1.994428872	1.995428872	3185.841	7061.947	3937.500	3937.500
102	Spectrogram 1	1	1.995428872	1.996428872	3185.841	7061.947	3937.500	3937.500
103	Spectrogram 1	1	1.996428872	1.997428872	3185.841	7061.947	3937.500	3937.500
104	Spectrogram 1	1	1.997428872	1.998428872	3185.841	7061.947	3937.500	3937.500
105	Spectrogram 1	1	1.998428872	1.999428872	3185.841	7061.947	3750.000	3750.000
106	Spectrogram 1	1	1.999428872	2.000428872	3185.841	7061.947	3750.000	3750.000
107	Spectrogram 1	1	2.000428872	2.001428872	3185.841	7061.947	3750.000	3750.000
108	Spectrogram 1	1	2.001428872	2.002428872	3185.841	7061.947	3750.000	3750.000
109	Spectrogram 1	1	2.002428872	2.003428872	3185.841	7061.947	3750.000	3750.000
110	Spectrogram 1	1	2.003428872	2.004428872	3185.841	7061.947	3750.000	3750.000
111	Spectrogram 1	1	2.004428872	2.005428872	3185.841	7061.947	3562.500	3562.500
112	Spectrogram 1	1	2.005428872	2.006428872	3185.841	7061.947	3562.500	3562.500
113	Spectrogram 1	1	2.006428872	2.007428872	3185.841	7061.947	3562.500	3562.500
114	Spectrogram 1	1	2.007428872	2.008428872	3185.841	7061.947	3562.500	3562.500
115	Spectrogram 1	1	2.008428872	2.009428872	3185.841	7061.947	3562.500	3562.500
116	Spectrogram 1	1	2.009428872	2.010428872	3185.841	7061.947	4687.500	5062.500
117	Spectrogram 1	1	2.010428872	2.011428872	3185.841	7061.947	4687.500	5062.500
118	Spectrogram 1	1	2.011428872	2.012428872	3185.841	7061.947	4687.500	5062.500
119	Spectrogram 1	1	2.012428872	2.013428872	3185.841	7061.947	4687.500	4687.500
120	Spectrogram 1	1	2.013428872	2.014428872	3185.841	7061.947	4687.500	4687.500
121	Spectrogram 1	1	2.014428872	2.015428872	3185.841	7061.947	4500.000	3750.000
122	Spectrogram 1	1	2.015428872	2.016428872	3185.841	7061.947	4500.000	3750.000
123	Spectrogram 1	1	2.016428872	2.017428872	3185.841	7061.947	4500.000	3750.000
124	Spectrogram 1	1	2.017428872	2.018428872	3185.841	7061.947	4875.000	5062.500
125	Spectrogram 1	1	2.018428872	2.019428872	3185.841	7061.947	4875.000	5062.500
126	Spectrogram 1	1	2.019428872	2.020428872	3185.841	7061.947	4875.000	5062.500
127	Spectrogram 1	1	2.020428872	2.021428872	3185.841	7061.947	4687.500	3562.500
128	Spectrogram 1	1	2.021428872	2.022428872	3185.841	7061.947	4687.500	3562.500
129	Spectrogram 1	1	2.022428872	2.023428872	3185.841	7061.947	5062.500	5812.500
130	Spectrogram 1	1	2.023428872	2.024428872	3185.841	7061.947	5062.500	5812.500
131	Spectrogram 1	1	2.024428872	2.025428872	3185.841	7061.947	5062.500	5812.500
132	Spectrogram 1	1	2.025428872	2.026428872	3185.841	7061.947	4125.000	4125.000
133	Spectrogram 1	1	2.026428872	2.027428872	3185.841	7061.947	4125.000	4125.000
134	Spectrogram 1	1	2.027428872	2.028428872	3185.841	7061.947	4125.000	4125.000
135	Spectrogram 1	1	2.028428872	2.029428872	3185.841	7061.947	5625.000	5812.500
136	Spectrogram 1	1	2.029428872	2.030428872	3185.841	7061.947	5625.000	5812.500
137	Spectrogram 1	1	2.030428872	2.031428872	3185.841	7061.947	4500.000	4312.500
138	Spectrogram 1	1	2.031428872	2.032428872	3185.841	7061.947	4500.000	4312.500
139	Spectrogram 1	1	2.032428872	2.033428872	3185.841	7061.947	4500.000	4312.500
140	Spectrogram 1	1	2.033428872	2.034428872	3185.841	7061.947	4687.500	4687.500
141	Spectrogram 1	1	2.034428872	2.035428872	3185.841	7061.947	4687.500	4687.500
142	Spectrogram 1	1	2.035428872	2.036428872	3185.841	7061.947	4687.500	4687.500
143	Spectrogram 1	1	2.036428872	2.037428872	3185.841	7061.947	5062.500	5062.500
144	Spectrogram 1	1	2.037428872	2.038428872	3185.841	7061.947	5062.500	5062.500
145	Spectrogram 1	1	2.038428872	2.039428872	3185.841	7061.947	5250.000	5250.000
146	Spectrogram 1	1	2.039428872	2.040428872	3185.841	7061.947	5250.000	5250.000
147	Spectrogram 1	1	2.040428872	2.041428872	3185.841	7061.947	5250.000	5250.000
148	Spectrogram 1	1	2.041428872	2.042428872	3185.841	7061.947	5062.500	5250.000
149	Spectrogram 1	1	2.042428872	2.043428872	3185.841	7061.947	5062.500	5250.000
150	Spectrogram 1	1	2.043428872	2.044428872	3185.841	7061.947	5062.500	5250.000
151	Spectrogram 1	1	2.044428872	2.045428872	3185.841	7061.947	5062.500	5062.500
152	Spectrogram 1	1	2.045428872	2.046428872	3185.841	7061.947	5062.500	5062.500
153	Spectrogram 1	1	2.046428872	2.047428872	3185.841	7061.947	5062.500	5062.500
154	Spectrogram 1	1	2.047428872	2.048428872	3185.841	7061.947	5062.500	5062.500
155	Spectrogram 1	1	2.048428872	2.049428872	3185.841	7061.947	5062.500	5062.500
156	Spectrogram 1	1	2.049428872	2.050428872	3185.841	7061.947	5062.500	5062.500
157	Spectrogram 1	1	2.050428872	2.051428872	3185.841	7061.947	5062.500	5062.500
158	Spectrogram 1	1	2.051428872	2.052428872	3185.841	7061.947	5062.500	5062.500
159	Spectrogram 1	1	2.052428872	2.053428872	3185.841	7061.947	5062.500	5062.500
160	Spectrogram 1	1	2.053428872	2.054428872	3185.841	7061.947	5062.500	5062.500
161	Spectrogram 1	1	2.054428872	2.055428872	3185.841	7061.947	5062.500	5062.500
162	Spectrogram 1	1	2.055428872	2.056428872	3185.841	7061.947	5062.500	5062.500
163	Spectrogram 1	1	2.056428872	2.057428872	3185.841	7061.947	5062.500	5062.500
164	Spectrogram 1	1	2.057428872	2.058428872	3185.841	7061.947	5062.500	5062.500
165	Spectrogram 1	1	2.058428872	2.059428872	3185.841	7061.947	5062.500	5062.500
166	Spectrogram 1	1	2.059428872	2.060428872	3185.841	7061.947	5062.500	5062.500
167	Spectrogram 1	1	2.060428872	2.061428872	3185.841	7061.947	5250.000	5250.000
168	Spectrogram 1	1	2.061428872	2.062428872	3185.841	7061.947	5250.000	5250.000
169	Spectrogram 1	1	2.062428872	2.063428872	3185.841	7061.947	5250.000	5250.000
170	Spectrogram 1	1	2.063428872	2.064428872	3185.841	7061.947	5250.000	5250.000
171	Spectrogram 1	1	2.064428872	2.065428872	3185.841	7061.947	5250.000	5250.000
172	Spectrogram 1	1	2.065428872	2.066428872	3185.841	7061.947	5250.000	5250.000
173	Spectrogram 1	1	2.066428872	2.067428872	3185.841	7061.947	5250.000	5250.000
174	Spectrogram 1	1	2.067428872	2.068428872	3185.841	7061.947	5250.000	5250.000
175	Spectrogram 1	1	2.068428872	2.069428872	3185.841	7061.947	5437.500	5437.500
176	Spectrogram 1	1	2.069428872	2.070428872	3185.841	7061.947	5437.500	5437.500
177	Spectrogram 1	1	2.070428872	2.071428872	3185.841	7061.947	5437.500	5625.000
178	Spectrogram 1	1	2.071428872	2.072428872	3185.841	7061.947	5437.500	5625.000
179	Spectrogram 1	1	2.072428872	2.073428872	3185.841	7061.947	5437.500	5625.000
180	Spectrogram 1	1	2.073428872	2.074428872	3185.841	7061.947	5625.000	5625.000
181	Spectrogram 1	1	2.074428872	2.075428872	3185.841	7061.947	5625.000	5625.000
182	Spectrogram 1	1	2.075428872	2.076428872	3185.841	7061.947	5625.000	5625.000
183	Spectrogram 1	1	2.076428872	2.077428872	3185.841	7061.947	5812.500	5812.500
184	Spectrogram 1	1	2.077428872	2.078428872	3185.841	7061.947	5812.500	5812.500
185	Spectrogram 1	1	2.078428872	2.079428872	3185.841	7061.947	6000.000	6187.500
186	Spectrogram 1	1	2.079428872	2.080428872	3185.841	7061.947	6000.000	6187.500
187	Spectrogram 1	1	2.080428872	2.081428872	3185.841	7061.947	6000.000	6187.500
188	Spectrogram 1	1	2.081428872	2.082428872	3185.841	7061.947	6375.000	6375.000
189	Spectrogram 1	1	2.082428872	2.083428872	3185.841	7061.947	6375.000	6375.000
190	Spectrogram 1	1	2.083428872	2.084428872	3185.841	7061.947	6375.000	6375.000
191	Spectrogram 1	1	2.084428872	2.085428872	3185.841	7061.947	6562.500	6562.500
192	Spectrogram 1	1	2.085428872	2.086428872	3185.841	7061.947	6562.500	6562.500
193	Spectrogram 1	1	2.086428872	2.087428872	3185.841	7061.947	6562.500	6562.500
194	Spectrogram 1	1	2.087428872	2.088428872	3185.841	7061.947	6562.500	6562.500
195	Spectrogram 1	1	2.088428872	2.089428872	3185.841	7061.947	6562.500	6562.500
196	Spectrogram 1	1	2.089428872	2.090428872	3185.841	7061.947	6562.500	6562.500
197	Spectrogram 1	1	2.090428872	2.091428872	3185.841	7061.947	6562.500	6562.500
198	Spectrogram 1	1	2.091428872	2.092428872	3185.841	7061.947	6562.500	6562.500
199	Spectrogram 1	1	2.092428872	2.093428872	3185.841	7061.947	6375.000	6375.000
200	Spectrogram 1	1	2.093428872	2.094428872	3185.841	7061.947	6375.000	6375.000
201	Spectrogram 1	1	2.094428872	2.095428872	3185.841	7061.947	5812.500	5812.500
202	Spectrogram 1	1	2.095428872	2.096428872	3185.841	7061.947	5812.500	5812.500
203	Spectrogram 1	1	2.096428872	2.097428872	3185.841	7061.947	5812.500	5812.500
204	Spectrogram 1	1	2.097428872	2.098428872	3185.841	7061.947	5625.000	5625.000
205	Spectrogram 1	1	2.098428872	2.099428872	3185.841	7061.947	5625.000	5625.000
206	Spectrogram 1	1	2.099428872	2.100428872	3185.841	7061.947	5625.000	5625.000
207	Spectrogram 1	1	2.100428872	2.101428872	3185.841	7061.947	5062.500	5062.500
208	Spectrogram 1	1	2.101428872	2.102428872	3185.841	7061.947	5062.500	5062.500
209	Spectrogram 1	1	2.102428872	2.103428872	3185.841	7061.947	4687.500	4687.500
210	Spectrogram 1	1	2.103428872	2.104428872	3185.841	7061.947	4687.500	4687.500
211	Spectrogram 1	1	2.104428872	2.105428872	3185.841	7061.947	4687.500	4687.500
212	Spectrogram 1	1	2.105428872	2.106428872	3185.841	7061.947	4500.000	4312.500
213	Spectrogram 1	1	2.106428872	2.107428872	3185.841	7061.947	4500.000	4312.500
214	Spectrogram 1	1	2.107428872	2.108428872	3185.841	7061.947	4500.000	4312.500
215	Spectrogram 1	1	2.108428872	2.109428872	3185.841	7061.947	4500.000	4125.000
216	Spectrogram 1	1	2.109428872	2.110428872	3185.841	7061.947	4500.000	4125.000
217	Spectrogram 1	1	2.110428872	2.111428872	3185.841	7061.947	4125.000	4125.000
218	Spectrogram 1	1	2.111428872	2.112428872	3185.841	7061.947	4125.000	4125.000
219	Spectrogram 1	1	2.112428872	2.113428872	3185.841	7061.947	4125.000	4125.000
220	Spectrogram 1	1	2.113428872	2.114428872	3185.841	7061.947	4125.000	4125.000
221	Spectrogram 1	1	2.114428872	2.115428872	3185.841	7061.947	4125.000	4125.000
222	Spectrogram 1	1	2.115428872	2.116428872	3185.841	7061.947	4125.000	4125.000
223	Spectrogram 1	1	2.116428872	2.117428872	3185.841	7061.947	4312.500	4312.500
224	Spectrogram 1	1	2.117428872	2.118428872	3185.841	7061.947	4312.500	4312.500
225	Spectrogram 1	1	2.118428872	2.119428872	3185.841	7061.947	5625.000	5062.500
226	Spectrogram 1	1	2.119428872	2.120428872	3185.841	7061.947	5625.000	5062.500
227	Spectrogram 1	1	2.120428872	2.121428872	3185.841	7061.947	5625.000	5062.500
228	Spectrogram 1	1	2.121428872	2.122428872	3185.841	7061.947	5062.500	5062.500
229	Spectrogram 1	1	2.122428872	2.123428872	3185.841	7061.947	5062.500	5062.500
230	Spectrogram 1	1	2.123428872	2.123902995	3185.841	7061.947	5062.500	5062.500
