Selection	View	Channel	Begin Time (s)	End Time (s)	Low Freq (Hz)	High Freq (Hz)	Center Freq (Hz)	Peak Freq (Hz)
1	Spectrogram 1	1	52.637831419	52.638831419	2715.789	6352.900	5906.250	5906.250
2	Spectrogram 1	1	52.638831419	52.639831419	2715.789	6352.900	5906.250	5906.250
3	Spectrogram 1	1	52.639831419	52.640831419	2715.789	6352.900	5906.250	5906.250
4	Spectrogram 1	1	52.640831419	52.641831419	2715.789	6352.900	5906.250	5906.250
5	Spectrogram 1	1	52.641831419	52.642831419	2715.789	6352.900	5906.250	5906.250
6	Spectrogram 1	1	52.642831419	52.643831419	2715.789	6352.900	5906.250	5906.250
7	Spectrogram 1	1	52.643831419	52.644831419	2715.789	6352.900	5906.250	5906.250
8	Spectrogram 1	1	52.644831419	52.645831419	2715.789	6352.900	5906.250	5906.250
9	Spectrogram 1	1	52.645831419	52.646831419	2715.789	6352.900	5906.250	5906.250
10	Spectrogram 1	1	52.646831419	52.647831419	2715.789	6352.900	5906.250	5906.250
11	Spectrogram 1	1	52.647831419	52.648831419	2715.789	6352.900	5625.000	5812.500
12	Spectrogram 1	1	52.648831419	52.649831419	2715.789	6352.900	5625.000	5812.500
13	Spectrogram 1	1	52.649831419	52.650831419	2715.789	6352.900	5625.000	5812.500
14	Spectrogram 1	1	52.650831419	52.651831419	2715.789	6352.900	5625.000	5812.500
15	Spectrogram 1	1	52.651831419	52.652831419	2715.789	6352.900	5625.000	5812.500
16	Spectrogram 1	1	52.652831419	52.653831419	2715.789	6352.900	4781.250	4687.500
17	Spectrogram 1	1	52.653831419	52.654831419	2715.789	6352.900	4781.250	4687.500
18	Spectrogram 1	1	52.654831419	52.655831419	2715.789	6352.900	4781.250	4687.500
19	Spectrogram 1	1	52.655831419	52.656831419	2715.789	6352.900	4781.250	4687.500
20	Spectrogram 1	1	52.656831419	52.657831419	2715.789	6352.900	4781.250	4687.500
21	Spectrogram 1	1	52.657831419	52.658831419	2715.789	6352.900	4781.250	4687.500
22	Spectrogram 1	1	52.658831419	52.659831419	2715.789	6352.900	4593.750	4500.000
23	Spectrogram 1	1	52.659831419	52.660831419	2715.789	6352.900	4593.750	4500.000
24	Spectrogram 1	1	52.660831419	52.661831419	2715.789	6352.900	4593.750	4500.000
25	Spectrogram 1	1	52.661831419	52.662831419	2715.789	6352.900	4593.750	4500.000
26	Spectrogram 1	1	52.662831419	52.663831419	2715.789	6352.900	4593.750	4500.000
27	Spectrogram 1	1	52.663831419	52.664831419	2715.789	6352.900	4687.500	4687.500
28	Spectrogram 1	1	52.664831419	52.665831419	2715.789	6352.900	4687.500	4687.500
29	Spectrogram 1	1	52.665831419	52.666831419	2715.789	6352.900	4687.500	4687.500
30	Spectrogram 1	1	52.666831419	52.667831419	2715.789	6352.900	4687.500	4687.500
31	Spectrogram 1	1	52.667831419	52.668831419	2715.789	6352.900	4687.500	4687.500
32	Spectrogram 1	1	52.668831419	52.669831419	2715.789	6352.900	4968.750	4687.500
33	Spectrogram 1	1	52.669831419	52.670831419	2715.789	6352.900	4968.750	4687.500
34	Spectrogram 1	1	52.670831419	52.671831419	2715.789	6352.900	4968.750	4687.500
35	Spectrogram 1	1	52.671831419	52.672831419	2715.789	6352.900	4968.750	4687.500
36	Spectrogram 1	1	52.672831419	52.673831419	2715.789	6352.900	4968.750	4687.500
37	Spectrogram 1	1	52.673831419	52.674831419	2715.789	6352.900	4968.750	4687.500
38	Spectrogram 1	1	52.674831419	52.675831419	2715.789	6352.900	5250.000	5250.000
39	Spectrogram 1	1	52.675831419	52.676831419	2715.789	6352.900	5250.000	5250.000
40	Spectrogram 1	1	52.676831419	52.677831419	2715.789	6352.900	5250.000	5250.000
41	Spectrogram 1	1	52.677831419	52.678831419	2715.789	6352.900	5250.000	5250.000
42	Spectrogram 1	1	52.678831419	52.679831419	2715.789	6352.900	5250.000	5250.000
43	Spectrogram 1	1	52.679831419	52.680831419	2715.789	6352.900	5062.500	5156.250
44	Spectrogram 1	1	52.680831419	52.681831419	2715.789	6352.900	5062.500	5156.250
45	Spectrogram 1	1	52.681831419	52.682831419	2715.789	6352.900	5062.500	5156.250
46	Spectrogram 1	1	52.682831419	52.683831419	2715.789	6352.900	5062.500	5156.250
47	Spectrogram 1	1	52.683831419	52.684831419	2715.789	6352.900	5062.500	5156.250
48	Spectrogram 1	1	52.684831419	52.685831419	2715.789	6352.900	4593.750	4687.500
49	Spectrogram 1	1	52.685831419	52.686831419	2715.789	6352.900	4593.750	4687.500
50	Spectrogram 1	1	52.686831419	52.687831419	2715.789	6352.900	4593.750	4687.500
51	Spectrogram 1	1	52.687831419	52.688831419	2715.789	6352.900	4593.750	4687.500
52	Spectrogram 1	1	52.688831419	52.689831419	2715.789	6352.900	4593.750	4687.500
53	Spectrogram 1	1	52.689831419	52.690831419	2715.789	6352.900	4593.750	4687.500
54	Spectrogram 1	1	52.690831419	52.691831419	2715.789	6352.900	4218.750	4218.750
55	Spectrogram 1	1	52.691831419	52.692831419	2715.789	6352.900	4218.750	4218.750
56	Spectrogram 1	1	52.692831419	52.693831419	2715.789	6352.900	4218.750	4218.750
57	Spectrogram 1	1	52.693831419	52.694831419	2715.789	6352.900	4218.750	4218.750
58	Spectrogram 1	1	52.694831419	52.695831419	2715.789	6352.900	4218.750	4218.750
59	Spectrogram 1	1	52.695831419	52.696831419	2715.789	6352.900	4031.250	4031.250
60	Spectrogram 1	1	52.696831419	52.697831419	2715.789	6352.900	4031.250	4031.250
61	Spectrogram 1	1	52.697831419	52.698831419	2715.789	6352.900	4031.250	4031.250
62	Spectrogram 1	1	52.698831419	52.699831419	2715.789	6352.900	4031.250	4031.250
63	Spectrogram 1	1	52.699831419	52.700831419	2715.789	6352.900	4031.250	4031.250
64	Spectrogram 1	1	52.700831419	52.701831419	2715.789	6352.900	3843.750	3843.750
65	Spectrogram 1	1	52.701831419	52.702831419	2715.789	6352.900	3843.750	3843.750
66	Spectrogram 1	1	52.702831419	52.703831419	2715.789	6352.900	3843.750	3843.750
67	Spectrogram 1	1	52.703831419	52.704831419	2715.789	6352.900	3843.750	3843.750
68	Spectrogram 1	1	52.704831419	52.705831419	2715.789	6352.900	3843.750	3843.750
69	Spectrogram 1	1	52.705831419	52.706831419	2715.789	6352.900	3843.750	3843.750
70	Spectrogram 1	1	52.706831419	52.707831419	2715.789	6352.900	3750.000	3750.000
71	Spectrogram 1	1	52.707831419	52.708831419	2715.789	6352.900	3750.000	3750.000
72	Spectrogram 1	1	52.708831419	52.709831419	2715.789	6352.900	3750.000	3750.000
73	Spectrogram 1	1	52.709831419	52.710831419	2715.789	6352.900	3750.000	3750.000
74	Spectrogram 1	1	52.710831419	52.711831419	2715.789	6352.900	3750.000	3750.000
75	Spectrogram 1	1	52.711831419	52.712831419	2715.789	6352.900	3375.000	3375.000
76	Spectrogram 1	1	52.712831419	52.713831419	2715.789	6352.900	3375.000	3375.000
77	Spectrogram 1	1	52.713831419	52.714831419	2715.789	6352.900	3375.000	3375.000
78	Spectrogram 1	1	52.714831419	52.715831419	2715.789	6352.900	3375.000	3375.000
79	Spectrogram 1	1	52.715831419	52.716831419	2715.789	6352.900	3375.000	3375.000
80	Spectrogram 1	1	52.716831419	52.717831419	2715.789	6352.900	3750.000	3375.000
81	Spectrogram 1	1	52.717831419	52.718831419	2715.789	6352.900	3750.000	3375.000
82	Spectrogram 1	1	52.718831419	52.719831419	2715.789	6352.900	3750.000	3375.000
83	Spectrogram 1	1	52.719831419	52.720831419	2715.789	6352.900	3750.000	3375.000
84	Spectrogram 1	1	52.720831419	52.721831419	2715.789	6352.900	3750.000	3375.000
85	Spectrogram 1	1	52.721831419	52.722831419	2715.789	6352.900	3750.000	3375.000
86	Spectrogram 1	1	52.722831419	52.723831419	2715.789	6352.900	3375.000	3375.000
87	Spectrogram 1	1	52.723831419	52.724831419	2715.789	6352.900	3375.000	3375.000
88	Spectrogram 1	1	52.724831419	52.725831419	2715.789	6352.900	3375.000	3375.000
89	Spectrogram 1	1	52.725831419	52.726831419	2715.789	6352.900	3375.000	3375.000
90	Spectrogram 1	1	52.726831419	52.727831419	2715.789	6352.900	3375.000	3375.000
91	Spectrogram 1	1	52.727831419	52.728831419	2715.789	6352.900	3375.000	3375.000
92	Spectrogram 1	1	52.728831419	52.729831419	2715.789	6352.900	3375.000	3375.000
93	Spectrogram 1	1	52.729831419	52.730831419	2715.789	6352.900	3375.000	3375.000
94	Spectrogram 1	1	52.730831419	52.731831419	2715.789	6352.900	3375.000	3375.000
95	Spectrogram 1	1	52.731831419	52.732831419	2715.789	6352.900	3375.000	3375.000
96	Spectrogram 1	1	52.732831419	52.733831419	2715.789	6352.900	3375.000	3375.000
97	Spectrogram 1	1	52.733831419	52.734831419	2715.789	6352.900	3375.000	3375.000
98	Spectrogram 1	1	52.734831419	52.735831419	2715.789	6352.900	3375.000	3375.000
99	Spectrogram 1	1	52.735831419	52.736831419	2715.789	6352.900	3375.000	3375.000
100	Spectrogram 1	1	52.736831419	52.737831419	2715.789	6352.900	3375.000	3375.000
101	Spectrogram 1	1	52.737831419	52.738831419	2715.789	6352.900	3375.000	3375.000
102	Spectrogram 1	1	52.738831419	52.739831419	2715.789	6352.900	3375.000	3375.000
103	Spectrogram 1	1	52.739831419	52.740831419	2715.789	6352.900	3375.000	3375.000
104	Spectrogram 1	1	52.740831419	52.741831419	2715.789	6352.900	3375.000	3375.000
105	Spectrogram 1	1	52.741831419	52.742831419	2715.789	6352.900	3375.000	3375.000
106	Spectrogram 1	1	52.742831419	52.743831419	2715.789	6352.900	3375.000	3375.000
107	Spectrogram 1	1	52.743831419	52.744831419	2715.789	6352.900	3281.250	3281.250
108	Spectrogram 1	1	52.744831419	52.745831419	2715.789	6352.900	3281.250	3281.250
109	Spectrogram 1	1	52.745831419	52.746831419	2715.789	6352.900	3281.250	3281.250
110	Spectrogram 1	1	52.746831419	52.747831419	2715.789	6352.900	3281.250	3281.250
111	Spectrogram 1	1	52.747831419	52.748831419	2715.789	6352.900	3281.250	3281.250
112	Spectrogram 1	1	52.748831419	52.749831419	2715.789	6352.900	3187.500	3187.500
113	Spectrogram 1	1	52.749831419	52.750831419	2715.789	6352.900	3187.500	3187.500
114	Spectrogram 1	1	52.750831419	52.751831419	2715.789	6352.900	3187.500	3187.500
115	Spectrogram 1	1	52.751831419	52.752831419	2715.789	6352.900	3187.500	3187.500
116	Spectrogram 1	1	52.752831419	52.753831419	2715.789	6352.900	3187.500	3187.500
117	Spectrogram 1	1	52.753831419	52.754831419	2715.789	6352.900	3187.500	3187.500
118	Spectrogram 1	1	52.754831419	52.755831419	2715.789	6352.900	3093.750	3093.750
119	Spectrogram 1	1	52.755831419	52.756831419	2715.789	6352.900	3093.750	3093.750
120	Spectrogram 1	1	52.756831419	52.757831419	2715.789	6352.900	3093.750	3093.750
121	Spectrogram 1	1	52.757831419	52.758831419	2715.789	6352.900	3093.750	3093.750
122	Spectrogram 1	1	52.758831419	52.759831419	2715.789	6352.900	3093.750	3093.750
123	Spectrogram 1	1	52.759831419	52.760831419	2715.789	6352.900	3000.000	3000.000
124	Spectrogram 1	1	52.760831419	52.761831419	2715.789	6352.900	3000.000	3000.000
125	Spectrogram 1	1	52.761831419	52.762831419	2715.789	6352.900	3000.000	3000.000
126	Spectrogram 1	1	52.762831419	52.763831419	2715.789	6352.900	3000.000	3000.000
127	Spectrogram 1	1	52.763831419	52.764831419	2715.789	6352.900	3000.000	3000.000
128	Spectrogram 1	1	52.764831419	52.765831419	2715.789	6352.900	3750.000	2906.250
129	Spectrogram 1	1	52.765831419	52.766831419	2715.789	6352.900	3750.000	2906.250
130	Spectrogram 1	1	52.766831419	52.767831419	2715.789	6352.900	3750.000	2906.250
131	Spectrogram 1	1	52.767831419	52.768831419	2715.789	6352.900	3750.000	2906.250
132	Spectrogram 1	1	52.768831419	52.769831419	2715.789	6352.900	3750.000	2906.250
133	Spectrogram 1	1	52.769831419	52.770831419	2715.789	6352.900	3750.000	2906.250
134	Spectrogram 1	1	52.770831419	52.771831419	2715.789	6352.900	3843.750	3281.250
135	Spectrogram 1	1	52.771831419	52.772831419	2715.789	6352.900	3843.750	3281.250
136	Spectrogram 1	1	52.772831419	52.773831419	2715.789	6352.900	3843.750	3281.250
137	Spectrogram 1	1	52.773831419	52.774831419	2715.789	6352.900	3843.750	3281.250
138	Spectrogram 1	1	52.774831419	52.775831419	2715.789	6352.900	3843.750	3281.250
139	Spectrogram 1	1	52.775831419	52.776831419	2715.789	6352.900	4312.500	4312.500
140	Spectrogram 1	1	52.776831419	52.777831419	2715.789	6352.900	4312.500	4312.500
141	Spectrogram 1	1	52.777831419	52.778831419	2715.789	6352.900	4312.500	4312.500
142	Spectrogram 1	1	52.778831419	52.779831419	2715.789	6352.900	4312.500	4312.500
143	Spectrogram 1	1	52.779831419	52.780831419	2715.789	6352.900	4312.500	4312.500
144	Spectrogram 1	1	52.780831419	52.781831419	2715.789	6352.900	5250.000	5250.000
145	Spectrogram 1	1	52.781831419	52.782831419	2715.789	6352.900	5250.000	5250.000
146	Spectrogram 1	1	52.782831419	52.783831419	2715.789	6352.900	5250.000	5250.000
147	Spectrogram 1	1	52.783831419	52.784831419	2715.789	6352.900	5250.000	5250.000
148	Spectrogram 1	1	52.784831419	52.785831419	2715.789	6352.900	5250.000	5250.000
149	Spectrogram 1	1	52.785831419	52.786831419	2715.789	6352.900	5250.000	5250.000
150	Spectrogram 1	1	52.786831419	52.787831419	2715.789	6352.900	5250.000	5250.000
151	Spectrogram 1	1	52.787831419	52.788831419	2715.789	6352.900	5250.000	5250.000
152	Spectrogram 1	1	52.788831419	52.789831419	2715.789	6352.900	5250.000	5250.000
153	Spectrogram 1	1	52.789831419	52.790831419	2715.789	6352.900	5250.000	5250.000
154	Spectrogram 1	1	52.790831419	52.791831419	2715.789	6352.900	5250.000	5250.000
155	Spectrogram 1	1	52.791831419	52.792831419	2715.789	6352.900	4687.500	4687.500
156	Spectrogram 1	1	52.792831419	52.793831419	2715.789	6352.900	4687.500	4687.500
157	Spectrogram 1	1	52.793831419	52.794831419	2715.789	6352.900	4687.500	4687.500
158	Spectrogram 1	1	52.794831419	52.795831419	2715.789	6352.900	4687.500	4687.500
159	Spectrogram 1	1	52.795831419	52.796831419	2715.789	6352.900	4687.500	4687.500
160	Spectrogram 1	1	52.796831419	52.797831419	2715.789	6352.900	4312.500	4312.500
161	Spectrogram 1	1	52.797831419	52.798831419	2715.789	6352.900	4312.500	4312.500
162	Spectrogram 1	1	52.798831419	52.799831419	2715.789	6352.900	4312.500	4312.500
163	Spectrogram 1	1	52.799831419	52.800831419	2715.789	6352.900	4312.500	4312.500
164	Spectrogram 1	1	52.800831419	52.801831419	2715.789	6352.900	4312.500	4312.500
165	Spectrogram 1	1	52.801831419	52.802831419	2715.789	6352.900	4312.500	4312.500
166	Spectrogram 1	1	52.802831419	52.803831419	2715.789	6352.900	4312.500	4312.500
167	Spectrogram 1	1	52.803831419	52.804831419	2715.789	6352.900	4312.500	4312.500
168	Spectrogram 1	1	52.804831419	52.805831419	2715.789	6352.900	4312.500	4312.500
169	Spectrogram 1	1	52.805831419	52.806831419	2715.789	6352.900	4312.500	4312.500
170	Spectrogram 1	1	52.806831419	52.807831419	2715.789	6352.900	4312.500	4312.500
171	Spectrogram 1	1	52.807831419	52.808831419	2715.789	6352.900	4593.750	4593.750
172	Spectrogram 1	1	52.808831419	52.809831419	2715.789	6352.900	4593.750	4593.750
173	Spectrogram 1	1	52.809831419	52.810831419	2715.789	6352.900	4593.750	4593.750
174	Spectrogram 1	1	52.810831419	52.811831419	2715.789	6352.900	4593.750	4593.750
175	Spectrogram 1	1	52.811831419	52.812831419	2715.789	6352.900	4593.750	4593.750
176	Spectrogram 1	1	52.812831419	52.813831419	2715.789	6352.900	4687.500	4687.500
177	Spectrogram 1	1	52.813831419	52.814831419	2715.789	6352.900	4687.500	4687.500
178	Spectrogram 1	1	52.814831419	52.815831419	2715.789	6352.900	4687.500	4687.500
179	Spectrogram 1	1	52.815831419	52.816831419	2715.789	6352.900	4687.500	4687.500
180	Spectrogram 1	1	52.816831419	52.817831419	2715.789	6352.900	4687.500	4687.500
181	Spectrogram 1	1	52.817831419	52.818831419	2715.789	6352.900	4687.500	4687.500
182	Spectrogram 1	1	52.818831419	52.819831419	2715.789	6352.900	4687.500	4687.500
183	Spectrogram 1	1	52.819831419	52.820831419	2715.789	6352.900	4687.500	4687.500
184	Spectrogram 1	1	52.820831419	52.821831419	2715.789	6352.900	4687.500	4687.500
185	Spectrogram 1	1	52.821831419	52.822831419	2715.789	6352.900	4687.500	4687.500
186	Spectrogram 1	1	52.822831419	52.823831419	2715.789	6352.900	4687.500	4687.500
187	Spectrogram 1	1	52.823831419	52.824831419	2715.789	6352.900	4875.000	4875.000
188	Spectrogram 1	1	52.824831419	52.825831419	2715.789	6352.900	4875.000	4875.000
189	Spectrogram 1	1	52.825831419	52.826831419	2715.789	6352.900	4875.000	4875.000
190	Spectrogram 1	1	52.826831419	52.827831419	2715.789	6352.900	4875.000	4875.000
191	Spectrogram 1	1	52.827831419	52.828831419	2715.789	6352.900	4875.000	4875.000
192	Spectrogram 1	1	52.828831419	52.829831419	2715.789	6352.900	5156.250	5250.000
193	Spectrogram 1	1	52.829831419	52.830831419	2715.789	6352.900	5156.250	5250.000
194	Spectrogram 1	1	52.830831419	52.831831419	2715.789	6352.900	5156.250	5250.000
195	Spectrogram 1	1	52.831831419	52.832831419	2715.789	6352.900	5156.250	5250.000
196	Spectrogram 1	1	52.832831419	52.833831419	2715.789	6352.900	5156.250	5250.000
197	Spectrogram 1	1	52.833831419	52.834831419	2715.789	6352.900	5156.250	5250.000
198	Spectrogram 1	1	52.834831419	52.835831419	2715.789	6352.900	5437.500	5437.500
199	Spectrogram 1	1	52.835831419	52.836831419	2715.789	6352.900	5437.500	5437.500
200	Spectrogram 1	1	52.836831419	52.837831419	2715.789	6352.900	5437.500	5437.500
201	Spectrogram 1	1	52.837831419	52.838831419	2715.789	6352.900	5437.500	5437.500
202	Spectrogram 1	1	52.838831419	52.839831419	2715.789	6352.900	5437.500	5437.500
203	Spectrogram 1	1	52.839831419	52.840831419	2715.789	6352.900	5625.000	5531.250
204	Spectrogram 1	1	52.840831419	52.841831419	2715.789	6352.900	5625.000	5531.250
205	Spectrogram 1	1	52.841831419	52.842831419	2715.789	6352.900	5625.000	5531.250
206	Spectrogram 1	1	52.842831419	52.843831419	2715.789	6352.900	5625.000	5531.250
207	Spectrogram 1	1	52.843831419	52.844831419	2715.789	6352.900	5625.000	5531.250
208	Spectrogram 1	1	52.844831419	52.845831419	2715.789	6352.900	5812.500	5906.250
209	Spectrogram 1	1	52.845831419	52.846831419	2715.789	6352.900	5812.500	5906.250
210	Spectrogram 1	1	52.846831419	52.847831419	2715.789	6352.900	5812.500	5906.250
211	Spectrogram 1	1	52.847831419	52.848831419	2715.789	6352.900	5812.500	5906.250
212	Spectrogram 1	1	52.848831419	52.849831419	2715.789	6352.900	5812.500	5906.250
213	Spectrogram 1	1	52.849831419	52.850831419	2715.789	6352.900	5812.500	5906.250
214	Spectrogram 1	1	52.850831419	52.851831419	2715.789	6352.900	5906.250	5906.250
215	Spectrogram 1	1	52.851831419	52.852831419	2715.789	6352.900	5906.250	5906.250
216	Spectrogram 1	1	52.852831419	52.853831419	2715.789	6352.900	5906.250	5906.250
217	Spectrogram 1	1	52.853831419	52.854831419	2715.789	6352.900	5906.250	5906.250
218	Spectrogram 1	1	52.854831419	52.855831419	2715.789	6352.900	5906.250	5906.250
219	Spectrogram 1	1	52.855831419	52.856831419	2715.789	6352.900	5156.250	5250.000
220	Spectrogram 1	1	52.856831419	52.857831419	2715.789	6352.900	5156.250	5250.000
221	Spectrogram 1	1	52.857831419	52.858831419	2715.789	6352.900	5156.250	5250.000
222	Spectrogram 1	1	52.858831419	52.859831419	2715.789	6352.900	5156.250	5250.000
223	Spectrogram 1	1	52.859831419	52.860831419	2715.789	6352.900	5156.250	5250.000
224	Spectrogram 1	1	52.860831419	52.861831419	2715.789	6352.900	5156.250	5812.500
225	Spectrogram 1	1	52.861831419	52.862831419	2715.789	6352.900	5156.250	5812.500
226	Spectrogram 1	1	52.862831419	52.863831419	2715.789	6352.900	5156.250	5812.500
227	Spectrogram 1	1	52.863831419	52.864831419	2715.789	6352.900	5156.250	5812.500
228	Spectrogram 1	1	52.864831419	52.865831419	2715.789	6352.900	5156.250	5812.500
229	Spectrogram 1	1	52.865831419	52.866831419	2715.789	6352.900	5156.250	5812.500
230	Spectrogram 1	1	52.866831419	52.867831419	2715.789	6352.900	5437.500	5906.250
231	Spectrogram 1	1	52.867831419	52.868831419	2715.789	6352.900	5437.500	5906.250
232	Spectrogram 1	1	52.868831419	52.869831419	2715.789	6352.900	5437.500	5906.250
233	Spectrogram 1	1	52.869831419	52.870321173	2715.789	6352.900	5437.500	5906.250
