Selection	View	Channel	Begin Time (s)	End Time (s)	Low Freq (Hz)	High Freq (Hz)	Center Freq (Hz)	Peak Freq (Hz)
1	Spectrogram 1	1	9.865000000	9.866000000	3146.700	6560.000	5906.250	6281.250
2	Spectrogram 1	1	9.866000000	9.867000000	3146.700	6560.000	5906.250	6281.250
3	Spectrogram 1	1	9.867000000	9.868000000	3146.700	6560.000	5906.250	6281.250
4	Spectrogram 1	1	9.868000000	9.869000000	3146.700	6560.000	5906.250	6281.250
5	Spectrogram 1	1	9.869000000	9.870000000	3146.700	6560.000	6187.500	6187.500
6	Spectrogram 1	1	9.870000000	9.871000000	3146.700	6560.000	6187.500	6187.500
7	Spectrogram 1	1	9.871000000	9.872000000	3146.700	6560.000	6187.500	6187.500
8	Spectrogram 1	1	9.872000000	9.873000000	3146.700	6560.000	6187.500	6187.500
9	Spectrogram 1	1	9.873000000	9.874000000	3146.700	6560.000	6187.500	6187.500
10	Spectrogram 1	1	9.874000000	9.875000000	3146.700	6560.000	6187.500	6187.500
11	Spectrogram 1	1	9.875000000	9.876000000	3146.700	6560.000	6093.750	6093.750
12	Spectrogram 1	1	9.876000000	9.877000000	3146.700	6560.000	6093.750	6093.750
13	Spectrogram 1	1	9.877000000	9.878000000	3146.700	6560.000	6093.750	6093.750
14	Spectrogram 1	1	9.878000000	9.879000000	3146.700	6560.000	6093.750	6093.750
15	Spectrogram 1	1	9.879000000	9.880000000	3146.700	6560.000	6093.750	6093.750
16	Spectrogram 1	1	9.880000000	9.881000000	3146.700	6560.000	5250.000	5250.000
17	Spectrogram 1	1	9.881000000	9.882000000	3146.700	6560.000	5250.000	5250.000
18	Spectrogram 1	1	9.882000000	9.883000000	3146.700	6560.000	5250.000	5250.000
19	Spectrogram 1	1	9.883000000	9.884000000	3146.700	6560.000	5250.000	5250.000
20	Spectrogram 1	1	9.884000000	9.885000000	3146.700	6560.000	5250.000	5250.000
21	Spectrogram 1	1	9.885000000	9.886000000	3146.700	6560.000	4968.750	4875.000
22	Spectrogram 1	1	9.886000000	9.887000000	3146.700	6560.000	4968.750	4875.000
23	Spectrogram 1	1	9.887000000	9.888000000	3146.700	6560.000	4968.750	4875.000
24	Spectrogram 1	1	9.888000000	9.889000000	3146.700	6560.000	4968.750	4875.000
25	Spectrogram 1	1	9.889000000	9.890000000	3146.700	6560.000	4968.750	4875.000
26	Spectrogram 1	1	9.890000000	9.891000000	3146.700	6560.000	4968.750	4875.000
27	Spectrogram 1	1	9.891000000	9.892000000	3146.700	6560.000	5062.500	5062.500
28	Spectrogram 1	1	9.892000000	9.893000000	3146.700	6560.000	5062.500	5062.500
29	Spectrogram 1	1	9.893000000	9.894000000	3146.700	6560.000	5062.500	5062.500
30	Spectrogram 1	1	9.894000000	9.895000000	3146.700	6560.000	5062.500	5062.500
31	Spectrogram 1	1	9.895000000	9.896000000	3146.700	6560.000	5062.500	5062.500
32	Spectrogram 1	1	9.896000000	9.897000000	3146.700	6560.000	5250.000	5156.250
33	Spectrogram 1	1	9.897000000	9.898000000	3146.700	6560.000	5250.000	5156.250
34	Spectrogram 1	1	9.898000000	9.899000000	3146.700	6560.000	5250.000	5156.250
35	Spectrogram 1	1	9.899000000	9.900000000	3146.700	6560.000	5250.000	5156.250
36	Spectrogram 1	1	9.900000000	9.901000000	3146.700	6560.000	5250.000	5156.250
37	Spectrogram 1	1	9.901000000	9.902000000	3146.700	6560.000	6000.000	6000.000
38	Spectrogram 1	1	9.902000000	9.903000000	3146.700	6560.000	6000.000	6000.000
39	Spectrogram 1	1	9.903000000	9.904000000	3146.700	6560.000	6000.000	6000.000
40	Spectrogram 1	1	9.904000000	9.905000000	3146.700	6560.000	6000.000	6000.000
41	Spectrogram 1	1	9.905000000	9.906000000	3146.700	6560.000	6000.000	6000.000
42	Spectrogram 1	1	9.906000000	9.907000000	3146.700	6560.000	6000.000	6000.000
43	Spectrogram 1	1	9.907000000	9.908000000	3146.700	6560.000	6093.750	6093.750
44	Spectrogram 1	1	9.908000000	9.909000000	3146.700	6560.000	6093.750	6093.750
45	Spectrogram 1	1	9.909000000	9.910000000	3146.700	6560.000	6093.750	6093.750
46	Spectrogram 1	1	9.910000000	9.911000000	3146.700	6560.000	6093.750	6093.750
47	Spectrogram 1	1	9.911000000	9.912000000	3146.700	6560.000	6093.750	6093.750
48	Spectrogram 1	1	9.912000000	9.913000000	3146.700	6560.000	5531.250	5906.250
49	Spectrogram 1	1	9.913000000	9.914000000	3146.700	6560.000	5531.250	5906.250
50	Spectrogram 1	1	9.914000000	9.915000000	3146.700	6560.000	5531.250	5906.250
51	Spectrogram 1	1	9.915000000	9.916000000	3146.700	6560.000	5531.250	5906.250
52	Spectrogram 1	1	9.916000000	9.917000000	3146.700	6560.000	5531.250	5906.250
53	Spectrogram 1	1	9.917000000	9.918000000	3146.700	6560.000	5156.250	5156.250
54	Spectrogram 1	1	9.918000000	9.919000000	3146.700	6560.000	5156.250	5156.250
55	Spectrogram 1	1	9.919000000	9.920000000	3146.700	6560.000	5156.250	5156.250
56	Spectrogram 1	1	9.920000000	9.921000000	3146.700	6560.000	5156.250	5156.250
57	Spectrogram 1	1	9.921000000	9.922000000	3146.700	6560.000	5156.250	5156.250
58	Spectrogram 1	1	9.922000000	9.923000000	3146.700	6560.000	5156.250	5156.250
59	Spectrogram 1	1	9.923000000	9.924000000	3146.700	6560.000	4875.000	4875.000
60	Spectrogram 1	1	9.924000000	9.925000000	3146.700	6560.000	4875.000	4875.000
61	Spectrogram 1	1	9.925000000	9.926000000	3146.700	6560.000	4875.000	4875.000
62	Spectrogram 1	1	9.926000000	9.927000000	3146.700	6560.000	4875.000	4875.000
63	Spectrogram 1	1	9.927000000	9.928000000	3146.700	6560.000	4875.000	4875.000
64	Spectrogram 1	1	9.928000000	9.929000000	3146.700	6560.000	4406.250	4312.500
65	Spectrogram 1	1	9.929000000	9.930000000	3146.700	6560.000	4406.250	4312.500
66	Spectrogram 1	1	9.930000000	9.931000000	3146.700	6560.000	4406.250	4312.500
67	Spectrogram 1	1	9.931000000	9.932000000	3146.700	6560.000	4406.250	4312.500
68	Spectrogram 1	1	9.932000000	9.933000000	3146.700	6560.000	4406.250	4312.500
69	Spectrogram 1	1	9.933000000	9.934000000	3146.700	6560.000	4125.000	4125.000
70	Spectrogram 1	1	9.934000000	9.935000000	3146.700	6560.000	4125.000	4125.000
71	Spectrogram 1	1	9.935000000	9.936000000	3146.700	6560.000	4125.000	4125.000
72	Spectrogram 1	1	9.936000000	9.937000000	3146.700	6560.000	4125.000	4125.000
73	Spectrogram 1	1	9.937000000	9.938000000	3146.700	6560.000	4125.000	4125.000
74	Spectrogram 1	1	9.938000000	9.939000000	3146.700	6560.000	4125.000	4125.000
75	Spectrogram 1	1	9.939000000	9.940000000	3146.700	6560.000	4406.250	4312.500
76	Spectrogram 1	1	9.940000000	9.941000000	3146.700	6560.000	4406.250	4312.500
77	Spectrogram 1	1	9.941000000	9.942000000	3146.700	6560.000	4406.250	4312.500
78	Spectrogram 1	1	9.942000000	9.943000000	3146.700	6560.000	4406.250	4312.500
79	Spectrogram 1	1	9.943000000	9.944000000	3146.700	6560.000	4406.250	4312.500
80	Spectrogram 1	1	9.944000000	9.945000000	3146.700	6560.000	4593.750	3468.750
81	Spectrogram 1	1	9.945000000	9.946000000	3146.700	6560.000	4593.750	3468.750
82	Spectrogram 1	1	9.946000000	9.947000000	3146.700	6560.000	4593.750	3468.750
83	Spectrogram 1	1	9.947000000	9.948000000	3146.700	6560.000	4593.750	3468.750
84	Spectrogram 1	1	9.948000000	9.949000000	3146.700	6560.000	4593.750	3468.750
85	Spectrogram 1	1	9.949000000	9.950000000	3146.700	6560.000	4687.500	3468.750
86	Spectrogram 1	1	9.950000000	9.951000000	3146.700	6560.000	4687.500	3468.750
87	Spectrogram 1	1	9.951000000	9.952000000	3146.700	6560.000	4687.500	3468.750
88	Spectrogram 1	1	9.952000000	9.953000000	3146.700	6560.000	4687.500	3468.750
89	Spectrogram 1	1	9.953000000	9.954000000	3146.700	6560.000	4687.500	3468.750
90	Spectrogram 1	1	9.954000000	9.955000000	3146.700	6560.000	4687.500	3468.750
91	Spectrogram 1	1	9.955000000	9.956000000	3146.700	6560.000	4968.750	6000.000
92	Spectrogram 1	1	9.956000000	9.957000000	3146.700	6560.000	4968.750	6000.000
93	Spectrogram 1	1	9.957000000	9.958000000	3146.700	6560.000	4968.750	6000.000
94	Spectrogram 1	1	9.958000000	9.959000000	3146.700	6560.000	4968.750	6000.000
95	Spectrogram 1	1	9.959000000	9.960000000	3146.700	6560.000	4968.750	6000.000
96	Spectrogram 1	1	9.960000000	9.961000000	3146.700	6560.000	4125.000	3656.250
97	Spectrogram 1	1	9.961000000	9.962000000	3146.700	6560.000	4125.000	3656.250
98	Spectrogram 1	1	9.962000000	9.963000000	3146.700	6560.000	4125.000	3656.250
99	Spectrogram 1	1	9.963000000	9.964000000	3146.700	6560.000	4125.000	3656.250
100	Spectrogram 1	1	9.964000000	9.965000000	3146.700	6560.000	4125.000	3656.250
101	Spectrogram 1	1	9.965000000	9.966000000	3146.700	6560.000	4406.250	3750.000
102	Spectrogram 1	1	9.966000000	9.967000000	3146.700	6560.000	4406.250	3750.000
103	Spectrogram 1	1	9.967000000	9.968000000	3146.700	6560.000	4406.250	3750.000
104	Spectrogram 1	1	9.968000000	9.969000000	3146.700	6560.000	4406.250	3750.000
105	Spectrogram 1	1	9.969000000	9.970000000	3146.700	6560.000	4406.250	3750.000
106	Spectrogram 1	1	9.970000000	9.971000000	3146.700	6560.000	4406.250	3750.000
107	Spectrogram 1	1	9.971000000	9.972000000	3146.700	6560.000	3750.000	3750.000
108	Spectrogram 1	1	9.972000000	9.973000000	3146.700	6560.000	3750.000	3750.000
109	Spectrogram 1	1	9.973000000	9.974000000	3146.700	6560.000	3750.000	3750.000
110	Spectrogram 1	1	9.974000000	9.975000000	3146.700	6560.000	3750.000	3750.000
111	Spectrogram 1	1	9.975000000	9.976000000	3146.700	6560.000	3750.000	3750.000
112	Spectrogram 1	1	9.976000000	9.977000000	3146.700	6560.000	3656.250	3656.250
113	Spectrogram 1	1	9.977000000	9.978000000	3146.700	6560.000	3656.250	3656.250
114	Spectrogram 1	1	9.978000000	9.979000000	3146.700	6560.000	3656.250	3656.250
115	Spectrogram 1	1	9.979000000	9.980000000	3146.700	6560.000	3656.250	3656.250
116	Spectrogram 1	1	9.980000000	9.981000000	3146.700	6560.000	3656.250	3656.250
117	Spectrogram 1	1	9.981000000	9.982000000	3146.700	6560.000	3468.750	3468.750
118	Spectrogram 1	1	9.982000000	9.983000000	3146.700	6560.000	3468.750	3468.750
119	Spectrogram 1	1	9.983000000	9.984000000	3146.700	6560.000	3468.750	3468.750
120	Spectrogram 1	1	9.984000000	9.985000000	3146.700	6560.000	3468.750	3468.750
121	Spectrogram 1	1	9.985000000	9.986000000	3146.700	6560.000	3468.750	3468.750
122	Spectrogram 1	1	9.986000000	9.987000000	3146.700	6560.000	3468.750	3468.750
123	Spectrogram 1	1	9.987000000	9.988000000	3146.700	6560.000	3562.500	3375.000
124	Spectrogram 1	1	9.988000000	9.989000000	3146.700	6560.000	3562.500	3375.000
125	Spectrogram 1	1	9.989000000	9.990000000	3146.700	6560.000	3562.500	3375.000
126	Spectrogram 1	1	9.990000000	9.991000000	3146.700	6560.000	3562.500	3375.000
127	Spectrogram 1	1	9.991000000	9.992000000	3146.700	6560.000	3562.500	3375.000
128	Spectrogram 1	1	9.992000000	9.993000000	3146.700	6560.000	4968.750	5437.500
129	Spectrogram 1	1	9.993000000	9.994000000	3146.700	6560.000	4968.750	5437.500
130	Spectrogram 1	1	9.994000000	9.995000000	3146.700	6560.000	4968.750	5437.500
131	Spectrogram 1	1	9.995000000	9.996000000	3146.700	6560.000	4968.750	5437.500
132	Spectrogram 1	1	9.996000000	9.997000000	3146.700	6560.000	4968.750	5437.500
133	Spectrogram 1	1	9.997000000	9.998000000	3146.700	6560.000	4406.250	4406.250
134	Spectrogram 1	1	9.998000000	9.999000000	3146.700	6560.000	4406.250	4406.250
135	Spectrogram 1	1	9.999000000	10.000000000	3146.700	6560.000	4406.250	4406.250
136	Spectrogram 1	1	10.000000000	10.001000000	3146.700	6560.000	4406.250	4406.250
137	Spectrogram 1	1	10.001000000	10.002000000	3146.700	6560.000	4406.250	4406.250
138	Spectrogram 1	1	10.002000000	10.003000000	3146.700	6560.000	4406.250	4406.250
139	Spectrogram 1	1	10.003000000	10.004000000	3146.700	6560.000	5062.500	5062.500
140	Spectrogram 1	1	10.004000000	10.005000000	3146.700	6560.000	5062.500	5062.500
141	Spectrogram 1	1	10.005000000	10.006000000	3146.700	6560.000	5062.500	5062.500
142	Spectrogram 1	1	10.006000000	10.007000000	3146.700	6560.000	5062.500	5062.500
143	Spectrogram 1	1	10.007000000	10.008000000	3146.700	6560.000	5062.500	5062.500
144	Spectrogram 1	1	10.008000000	10.009000000	3146.700	6560.000	5437.500	5437.500
145	Spectrogram 1	1	10.009000000	10.010000000	3146.700	6560.000	5437.500	5437.500
146	Spectrogram 1	1	10.010000000	10.011000000	3146.700	6560.000	5437.500	5437.500
147	Spectrogram 1	1	10.011000000	10.012000000	3146.700	6560.000	5437.500	5437.500
148	Spectrogram 1	1	10.012000000	10.013000000	3146.700	6560.000	5437.500	5437.500
149	Spectrogram 1	1	10.013000000	10.014000000	3146.700	6560.000	5437.500	5437.500
150	Spectrogram 1	1	10.014000000	10.015000000	3146.700	6560.000	5437.500	5437.500
151	Spectrogram 1	1	10.015000000	10.016000000	3146.700	6560.000	5437.500	5437.500
152	Spectrogram 1	1	10.016000000	10.017000000	3146.700	6560.000	5437.500	5437.500
153	Spectrogram 1	1	10.017000000	10.018000000	3146.700	6560.000	5437.500	5437.500
154	Spectrogram 1	1	10.018000000	10.019000000	3146.700	6560.000	5437.500	5437.500
155	Spectrogram 1	1	10.019000000	10.020000000	3146.700	6560.000	5156.250	5156.250
156	Spectrogram 1	1	10.020000000	10.021000000	3146.700	6560.000	5156.250	5156.250
157	Spectrogram 1	1	10.021000000	10.022000000	3146.700	6560.000	5156.250	5156.250
158	Spectrogram 1	1	10.022000000	10.023000000	3146.700	6560.000	5156.250	5156.250
159	Spectrogram 1	1	10.023000000	10.024000000	3146.700	6560.000	5156.250	5156.250
160	Spectrogram 1	1	10.024000000	10.025000000	3146.700	6560.000	4875.000	4875.000
161	Spectrogram 1	1	10.025000000	10.026000000	3146.700	6560.000	4875.000	4875.000
162	Spectrogram 1	1	10.026000000	10.027000000	3146.700	6560.000	4875.000	4875.000
163	Spectrogram 1	1	10.027000000	10.028000000	3146.700	6560.000	4875.000	4875.000
164	Spectrogram 1	1	10.028000000	10.029000000	3146.700	6560.000	4875.000	4875.000
165	Spectrogram 1	1	10.029000000	10.030000000	3146.700	6560.000	4781.250	4687.500
166	Spectrogram 1	1	10.030000000	10.031000000	3146.700	6560.000	4781.250	4687.500
167	Spectrogram 1	1	10.031000000	10.032000000	3146.700	6560.000	4781.250	4687.500
168	Spectrogram 1	1	10.032000000	10.033000000	3146.700	6560.000	4781.250	4687.500
169	Spectrogram 1	1	10.033000000	10.034000000	3146.700	6560.000	4781.250	4687.500
170	Spectrogram 1	1	10.034000000	10.035000000	3146.700	6560.000	4781.250	4687.500
171	Spectrogram 1	1	10.035000000	10.036000000	3146.700	6560.000	5250.000	4781.250
172	Spectrogram 1	1	10.036000000	10.037000000	3146.700	6560.000	5250.000	4781.250
173	Spectrogram 1	1	10.037000000	10.038000000	3146.700	6560.000	5250.000	4781.250
174	Spectrogram 1	1	10.038000000	10.039000000	3146.700	6560.000	5250.000	4781.250
175	Spectrogram 1	1	10.039000000	10.040000000	3146.700	6560.000	5250.000	4781.250
176	Spectrogram 1	1	10.040000000	10.041000000	3146.700	6560.000	4687.500	4687.500
177	Spectrogram 1	1	10.041000000	10.042000000	3146.700	6560.000	4687.500	4687.500
178	Spectrogram 1	1	10.042000000	10.043000000	3146.700	6560.000	4687.500	4687.500
179	Spectrogram 1	1	10.043000000	10.044000000	3146.700	6560.000	4687.500	4687.500
180	Spectrogram 1	1	10.044000000	10.045000000	3146.700	6560.000	4687.500	4687.500
181	Spectrogram 1	1	10.045000000	10.046000000	3146.700	6560.000	4687.500	4687.500
182	Spectrogram 1	1	10.046000000	10.047000000	3146.700	6560.000	4687.500	4687.500
183	Spectrogram 1	1	10.047000000	10.048000000	3146.700	6560.000	4687.500	4687.500
184	Spectrogram 1	1	10.048000000	10.049000000	3146.700	6560.000	4687.500	4687.500
185	Spectrogram 1	1	10.049000000	10.050000000	3146.700	6560.000	4687.500	4687.500
186	Spectrogram 1	1	10.050000000	10.051000000	3146.700	6560.000	4687.500	4687.500
187	Spectrogram 1	1	10.051000000	10.052000000	3146.700	6560.000	4968.750	4968.750
188	Spectrogram 1	1	10.052000000	10.053000000	3146.700	6560.000	4968.750	4968.750
189	Spectrogram 1	1	10.053000000	10.054000000	3146.700	6560.000	4968.750	4968.750
190	Spectrogram 1	1	10.054000000	10.055000000	3146.700	6560.000	4968.750	4968.750
191	Spectrogram 1	1	10.055000000	10.056000000	3146.700	6560.000	4968.750	4968.750
192	Spectrogram 1	1	10.056000000	10.057000000	3146.700	6560.000	5250.000	5250.000
193	Spectrogram 1	1	10.057000000	10.058000000	3146.700	6560.000	5250.000	5250.000
194	Spectrogram 1	1	10.058000000	10.059000000	3146.700	6560.000	5250.000	5250.000
195	Spectrogram 1	1	10.059000000	10.060000000	3146.700	6560.000	5250.000	5250.000
196	Spectrogram 1	1	10.060000000	10.061000000	3146.700	6560.000	5250.000	5250.000
197	Spectrogram 1	1	10.061000000	10.062000000	3146.700	6560.000	5625.000	5625.000
198	Spectrogram 1	1	10.062000000	10.063000000	3146.700	6560.000	5625.000	5625.000
199	Spectrogram 1	1	10.063000000	10.064000000	3146.700	6560.000	5625.000	5625.000
200	Spectrogram 1	1	10.064000000	10.065000000	3146.700	6560.000	5625.000	5625.000
201	Spectrogram 1	1	10.065000000	10.066000000	3146.700	6560.000	5625.000	5625.000
202	Spectrogram 1	1	10.066000000	10.067000000	3146.700	6560.000	5625.000	5625.000
203	Spectrogram 1	1	10.067000000	10.068000000	3146.700	6560.000	6187.500	6187.500
204	Spectrogram 1	1	10.068000000	10.069000000	3146.700	6560.000	6187.500	6187.500
205	Spectrogram 1	1	10.069000000	10.070000000	3146.700	6560.000	6187.500	6187.500
206	Spectrogram 1	1	10.070000000	10.071000000	3146.700	6560.000	6187.500	6187.500
207	Spectrogram 1	1	10.071000000	10.072000000	3146.700	6560.000	6187.500	6187.500
208	Spectrogram 1	1	10.072000000	10.073000000	3146.700	6560.000	6281.250	6281.250
209	Spectrogram 1	1	10.073000000	10.074000000	3146.700	6560.000	6281.250	6281.250
210	Spectrogram 1	1	10.074000000	10.075000000	3146.700	6560.000	6281.250	6281.250
211	Spectrogram 1	1	10.075000000	10.076000000	3146.700	6560.000	6281.250	6281.250
212	Spectrogram 1	1	10.076000000	10.077000000	3146.700	6560.000	6281.250	6281.250
213	Spectrogram 1	1	10.077000000	10.078000000	3146.700	6560.000	5531.250	5531.250
214	Spectrogram 1	1	10.078000000	10.079000000	3146.700	6560.000	5531.250	5531.250
215	Spectrogram 1	1	10.079000000	10.080000000	3146.700	6560.000	5531.250	5531.250
216	Spectrogram 1	1	10.080000000	10.081000000	3146.700	6560.000	5531.250	5531.250
217	Spectrogram 1	1	10.081000000	10.082000000	3146.700	6560.000	5531.250	5531.250
218	Spectrogram 1	1	10.082000000	10.083000000	3146.700	6560.000	5531.250	5531.250
219	Spectrogram 1	1	10.083000000	10.084000000	3146.700	6560.000	5250.000	5156.250
220	Spectrogram 1	1	10.084000000	10.085000000	3146.700	6560.000	5250.000	5156.250
221	Spectrogram 1	1	10.085000000	10.086000000	3146.700	6560.000	5250.000	5156.250
222	Spectrogram 1	1	10.086000000	10.087000000	3146.700	6560.000	5250.000	5156.250
223	Spectrogram 1	1	10.087000000	10.088000000	3146.700	6560.000	5250.000	5156.250
224	Spectrogram 1	1	10.088000000	10.089000000	3146.700	6560.000	5718.750	6281.250
225	Spectrogram 1	1	10.089000000	10.090000000	3146.700	6560.000	5718.750	6281.250
226	Spectrogram 1	1	10.090000000	10.091000000	3146.700	6560.000	5718.750	6281.250
227	Spectrogram 1	1	10.091000000	10.092000000	3146.700	6560.000	5718.750	6281.250
228	Spectrogram 1	1	10.092000000	10.093000000	3146.700	6560.000	5718.750	6281.250
229	Spectrogram 1	1	10.093000000	10.094000000	3146.700	6560.000	5906.250	6000.000
230	Spectrogram 1	1	10.094000000	10.095000000	3146.700	6560.000	5906.250	6000.000
231	Spectrogram 1	1	10.095000000	10.096000000	3146.700	6560.000	5906.250	6000.000
232	Spectrogram 1	1	10.096000000	10.097000000	3146.700	6560.000	5906.250	6000.000
233	Spectrogram 1	1	10.097000000	10.098000000	3146.700	6560.000	5906.250	6000.000
234	Spectrogram 1	1	10.098000000	10.099000000	3146.700	6560.000	5906.250	6000.000
235	Spectrogram 1	1	10.099000000	10.100000000	3146.700	6560.000	6000.000	6000.000
236	Spectrogram 1	1	10.100000000	10.101000000	3146.700	6560.000	6000.000	6000.000
237	Spectrogram 1	1	10.101000000	10.101000000	3146.700	6560.000	6000.000	6000.000
