Selection	View	Channel	Begin Time (s)	End Time (s)	Low Freq (Hz)	High Freq (Hz)	Center Freq (Hz)	Peak Freq (Hz)
1	Spectrogram 1	1	45.540800000	45.541800000	3160.334	6407.253	5437.500	5437.500
2	Spectrogram 1	1	45.541800000	45.542800000	3160.334	6407.253	5437.500	5437.500
3	Spectrogram 1	1	45.542800000	45.543800000	3160.334	6407.253	5437.500	5437.500
4	Spectrogram 1	1	45.543800000	45.544800000	3160.334	6407.253	5062.500	5156.250
5	Spectrogram 1	1	45.544800000	45.545800000	3160.334	6407.253	5062.500	5156.250
6	Spectrogram 1	1	45.545800000	45.546800000	3160.334	6407.253	5062.500	5156.250
7	Spectrogram 1	1	45.546800000	45.547800000	3160.334	6407.253	5062.500	5156.250
8	Spectrogram 1	1	45.547800000	45.548800000	3160.334	6407.253	5062.500	5156.250
9	Spectrogram 1	1	45.548800000	45.549800000	3160.334	6407.253	5062.500	5156.250
10	Spectrogram 1	1	45.549800000	45.550800000	3160.334	6407.253	4593.750	4593.750
11	Spectrogram 1	1	45.550800000	45.551800000	3160.334	6407.253	4593.750	4593.750
12	Spectrogram 1	1	45.551800000	45.552800000	3160.334	6407.253	4593.750	4593.750
13	Spectrogram 1	1	45.552800000	45.553800000	3160.334	6407.253	4593.750	4593.750
14	Spectrogram 1	1	45.553800000	45.554800000	3160.334	6407.253	4593.750	4593.750
15	Spectrogram 1	1	45.554800000	45.555800000	3160.334	6407.253	5156.250	5250.000
16	Spectrogram 1	1	45.555800000	45.556800000	3160.334	6407.253	5156.250	5250.000
17	Spectrogram 1	1	45.556800000	45.557800000	3160.334	6407.253	5156.250	5250.000
18	Spectrogram 1	1	45.557800000	45.558800000	3160.334	6407.253	5156.250	5250.000
19	Spectrogram 1	1	45.558800000	45.559800000	3160.334	6407.253	5156.250	5250.000
20	Spectrogram 1	1	45.559800000	45.560800000	3160.334	6407.253	5437.500	5437.500
21	Spectrogram 1	1	45.560800000	45.561800000	3160.334	6407.253	5437.500	5437.500
22	Spectrogram 1	1	45.561800000	45.562800000	3160.334	6407.253	5437.500	5437.500
23	Spectrogram 1	1	45.562800000	45.563800000	3160.334	6407.253	5437.500	5437.500
24	Spectrogram 1	1	45.563800000	45.564800000	3160.334	6407.253	5437.500	5437.500
25	Spectrogram 1	1	45.564800000	45.565800000	3160.334	6407.253	5437.500	5437.500
26	Spectrogram 1	1	45.565800000	45.566800000	3160.334	6407.253	6000.000	6093.750
27	Spectrogram 1	1	45.566800000	45.567800000	3160.334	6407.253	6000.000	6093.750
28	Spectrogram 1	1	45.567800000	45.568800000	3160.334	6407.253	6000.000	6093.750
29	Spectrogram 1	1	45.568800000	45.569800000	3160.334	6407.253	6000.000	6093.750
30	Spectrogram 1	1	45.569800000	45.570800000	3160.334	6407.253	6000.000	6093.750
31	Spectrogram 1	1	45.570800000	45.571800000	3160.334	6407.253	5437.500	6093.750
32	Spectrogram 1	1	45.571800000	45.572800000	3160.334	6407.253	5437.500	6093.750
33	Spectrogram 1	1	45.572800000	45.573800000	3160.334	6407.253	5437.500	6093.750
34	Spectrogram 1	1	45.573800000	45.574800000	3160.334	6407.253	5437.500	6093.750
35	Spectrogram 1	1	45.574800000	45.575800000	3160.334	6407.253	5437.500	6093.750
36	Spectrogram 1	1	45.575800000	45.576800000	3160.334	6407.253	4687.500	4781.250
37	Spectrogram 1	1	45.576800000	45.577800000	3160.334	6407.253	4687.500	4781.250
38	Spectrogram 1	1	45.577800000	45.578800000	3160.334	6407.253	4687.500	4781.250
39	Spectrogram 1	1	45.578800000	45.579800000	3160.334	6407.253	4687.500	4781.250
40	Spectrogram 1	1	45.579800000	45.580800000	3160.334	6407.253	4687.500	4781.250
41	Spectrogram 1	1	45.580800000	45.581800000	3160.334	6407.253	4687.500	4781.250
42	Spectrogram 1	1	45.581800000	45.582800000	3160.334	6407.253	4312.500	4218.750
43	Spectrogram 1	1	45.582800000	45.583800000	3160.334	6407.253	4312.500	4218.750
44	Spectrogram 1	1	45.583800000	45.584800000	3160.334	6407.253	4312.500	4218.750
45	Spectrogram 1	1	45.584800000	45.585800000	3160.334	6407.253	4312.500	4218.750
46	Spectrogram 1	1	45.585800000	45.586800000	3160.334	6407.253	4312.500	4218.750
47	Spectrogram 1	1	45.586800000	45.587800000	3160.334	6407.253	4125.000	4031.250
48	Spectrogram 1	1	45.587800000	45.588800000	3160.334	6407.253	4125.000	4031.250
49	Spectrogram 1	1	45.588800000	45.589800000	3160.334	6407.253	4125.000	4031.250
50	Spectrogram 1	1	45.589800000	45.590800000	3160.334	6407.253	4125.000	4031.250
51	Spectrogram 1	1	45.590800000	45.591800000	3160.334	6407.253	4125.000	4031.250
52	Spectrogram 1	1	45.591800000	45.592800000	3160.334	6407.253	4500.000	3750.000
53	Spectrogram 1	1	45.592800000	45.593800000	3160.334	6407.253	4500.000	3750.000
54	Spectrogram 1	1	45.593800000	45.594800000	3160.334	6407.253	4500.000	3750.000
55	Spectrogram 1	1	45.594800000	45.595800000	3160.334	6407.253	4500.000	3750.000
56	Spectrogram 1	1	45.595800000	45.596800000	3160.334	6407.253	4500.000	3750.000
57	Spectrogram 1	1	45.596800000	45.597800000	3160.334	6407.253	4500.000	3750.000
58	Spectrogram 1	1	45.597800000	45.598800000	3160.334	6407.253	3750.000	3656.250
59	Spectrogram 1	1	45.598800000	45.599800000	3160.334	6407.253	3750.000	3656.250
60	Spectrogram 1	1	45.599800000	45.600800000	3160.334	6407.253	3750.000	3656.250
61	Spectrogram 1	1	45.600800000	45.601800000	3160.334	6407.253	3750.000	3656.250
62	Spectrogram 1	1	45.601800000	45.602800000	3160.334	6407.253	3750.000	3656.250
63	Spectrogram 1	1	45.602800000	45.603800000	3160.334	6407.253	4781.250	3562.500
64	Spectrogram 1	1	45.603800000	45.604800000	3160.334	6407.253	4781.250	3562.500
65	Spectrogram 1	1	45.604800000	45.605800000	3160.334	6407.253	4781.250	3562.500
66	Spectrogram 1	1	45.605800000	45.606800000	3160.334	6407.253	4781.250	3562.500
67	Spectrogram 1	1	45.606800000	45.607800000	3160.334	6407.253	4781.250	3562.500
68	Spectrogram 1	1	45.607800000	45.608800000	3160.334	6407.253	3656.250	3562.500
69	Spectrogram 1	1	45.608800000	45.609800000	3160.334	6407.253	3656.250	3562.500
70	Spectrogram 1	1	45.609800000	45.610800000	3160.334	6407.253	3656.250	3562.500
71	Spectrogram 1	1	45.610800000	45.611800000	3160.334	6407.253	3656.250	3562.500
72	Spectrogram 1	1	45.611800000	45.612800000	3160.334	6407.253	3656.250	3562.500
73	Spectrogram 1	1	45.612800000	45.613800000	3160.334	6407.253	3656.250	3562.500
74	Spectrogram 1	1	45.613800000	45.614800000	3160.334	6407.253	4406.250	4500.000
75	Spectrogram 1	1	45.614800000	45.615800000	3160.334	6407.253	4406.250	4500.000
76	Spectrogram 1	1	45.615800000	45.616800000	3160.334	6407.253	4406.250	4500.000
77	Spectrogram 1	1	45.616800000	45.617800000	3160.334	6407.253	4406.250	4500.000
78	Spectrogram 1	1	45.617800000	45.618800000	3160.334	6407.253	4406.250	4500.000
79	Spectrogram 1	1	45.618800000	45.619800000	3160.334	6407.253	4500.000	3562.500
80	Spectrogram 1	1	45.619800000	45.620800000	3160.334	6407.253	4500.000	3562.500
81	Spectrogram 1	1	45.620800000	45.621800000	3160.334	6407.253	4500.000	3562.500
82	Spectrogram 1	1	45.621800000	45.622800000	3160.334	6407.253	4500.000	3562.500
83	Spectrogram 1	1	45.622800000	45.623800000	3160.334	6407.253	4500.000	3562.500
84	Spectrogram 1	1	45.623800000	45.624800000	3160.334	6407.253	3750.000	3656.250
85	Spectrogram 1	1	45.624800000	45.625800000	3160.334	6407.253	3750.000	3656.250
86	Spectrogram 1	1	45.625800000	45.626800000	3160.334	6407.253	3750.000	3656.250
87	Spectrogram 1	1	45.626800000	45.627800000	3160.334	6407.253	3750.000	3656.250
88	Spectrogram 1	1	45.627800000	45.628800000	3160.334	6407.253	3750.000	3656.250
89	Spectrogram 1	1	45.628800000	45.629800000	3160.334	6407.253	3750.000	3656.250
90	Spectrogram 1	1	45.629800000	45.630800000	3160.334	6407.253	3562.500	3562.500
91	Spectrogram 1	1	45.630800000	45.631800000	3160.334	6407.253	3562.500	3562.500
92	Spectrogram 1	1	45.631800000	45.632800000	3160.334	6407.253	3562.500	3562.500
93	Spectrogram 1	1	45.632800000	45.633800000	3160.334	6407.253	3562.500	3562.500
94	Spectrogram 1	1	45.633800000	45.634800000	3160.334	6407.253	3562.500	3562.500
95	Spectrogram 1	1	45.634800000	45.635800000	3160.334	6407.253	3468.750	3375.000
96	Spectrogram 1	1	45.635800000	45.636800000	3160.334	6407.253	3468.750	3375.000
97	Spectrogram 1	1	45.636800000	45.637800000	3160.334	6407.253	3468.750	3375.000
98	Spectrogram 1	1	45.637800000	45.638800000	3160.334	6407.253	3468.750	3375.000
99	Spectrogram 1	1	45.638800000	45.639800000	3160.334	6407.253	3468.750	3375.000
100	Spectrogram 1	1	45.639800000	45.640800000	3160.334	6407.253	3468.750	3375.000
101	Spectrogram 1	1	45.640800000	45.641800000	3160.334	6407.253	3468.750	3375.000
102	Spectrogram 1	1	45.641800000	45.642800000	3160.334	6407.253	3468.750	3375.000
103	Spectrogram 1	1	45.642800000	45.643800000	3160.334	6407.253	3468.750	3375.000
104	Spectrogram 1	1	45.643800000	45.644800000	3160.334	6407.253	3468.750	3375.000
105	Spectrogram 1	1	45.644800000	45.645800000	3160.334	6407.253	3468.750	3375.000
106	Spectrogram 1	1	45.645800000	45.646800000	3160.334	6407.253	3562.500	3562.500
107	Spectrogram 1	1	45.646800000	45.647800000	3160.334	6407.253	3562.500	3562.500
108	Spectrogram 1	1	45.647800000	45.648800000	3160.334	6407.253	3562.500	3562.500
109	Spectrogram 1	1	45.648800000	45.649800000	3160.334	6407.253	3562.500	3562.500
110	Spectrogram 1	1	45.649800000	45.650800000	3160.334	6407.253	3562.500	3562.500
111	Spectrogram 1	1	45.650800000	45.651800000	3160.334	6407.253	3656.250	3562.500
112	Spectrogram 1	1	45.651800000	45.652800000	3160.334	6407.253	3656.250	3562.500
113	Spectrogram 1	1	45.652800000	45.653800000	3160.334	6407.253	3656.250	3562.500
114	Spectrogram 1	1	45.653800000	45.654800000	3160.334	6407.253	3656.250	3562.500
115	Spectrogram 1	1	45.654800000	45.655800000	3160.334	6407.253	3656.250	3562.500
116	Spectrogram 1	1	45.655800000	45.656800000	3160.334	6407.253	4593.750	5437.500
117	Spectrogram 1	1	45.656800000	45.657800000	3160.334	6407.253	4593.750	5437.500
118	Spectrogram 1	1	45.657800000	45.658800000	3160.334	6407.253	4593.750	5437.500
119	Spectrogram 1	1	45.658800000	45.659800000	3160.334	6407.253	4593.750	5437.500
120	Spectrogram 1	1	45.659800000	45.660800000	3160.334	6407.253	4593.750	5437.500
121	Spectrogram 1	1	45.660800000	45.661800000	3160.334	6407.253	4593.750	5437.500
122	Spectrogram 1	1	45.661800000	45.662800000	3160.334	6407.253	5062.500	5343.750
123	Spectrogram 1	1	45.662800000	45.663800000	3160.334	6407.253	5062.500	5343.750
124	Spectrogram 1	1	45.663800000	45.664800000	3160.334	6407.253	5062.500	5343.750
125	Spectrogram 1	1	45.664800000	45.665800000	3160.334	6407.253	5062.500	5343.750
126	Spectrogram 1	1	45.665800000	45.666800000	3160.334	6407.253	5062.500	5343.750
127	Spectrogram 1	1	45.666800000	45.667800000	3160.334	6407.253	5343.750	5531.250
128	Spectrogram 1	1	45.667800000	45.668800000	3160.334	6407.253	5343.750	5531.250
129	Spectrogram 1	1	45.668800000	45.669800000	3160.334	6407.253	5343.750	5531.250
130	Spectrogram 1	1	45.669800000	45.670800000	3160.334	6407.253	5343.750	5531.250
131	Spectrogram 1	1	45.670800000	45.671800000	3160.334	6407.253	5343.750	5531.250
132	Spectrogram 1	1	45.671800000	45.672800000	3160.334	6407.253	5531.250	5531.250
133	Spectrogram 1	1	45.672800000	45.673800000	3160.334	6407.253	5531.250	5531.250
134	Spectrogram 1	1	45.673800000	45.674800000	3160.334	6407.253	5531.250	5531.250
135	Spectrogram 1	1	45.674800000	45.675800000	3160.334	6407.253	5531.250	5531.250
136	Spectrogram 1	1	45.675800000	45.676800000	3160.334	6407.253	5531.250	5531.250
137	Spectrogram 1	1	45.676800000	45.677800000	3160.334	6407.253	5531.250	5531.250
138	Spectrogram 1	1	45.677800000	45.678800000	3160.334	6407.253	5343.750	5343.750
139	Spectrogram 1	1	45.678800000	45.679800000	3160.334	6407.253	5343.750	5343.750
140	Spectrogram 1	1	45.679800000	45.680800000	3160.334	6407.253	5343.750	5343.750
141	Spectrogram 1	1	45.680800000	45.681800000	3160.334	6407.253	5343.750	5343.750
142	Spectrogram 1	1	45.681800000	45.682800000	3160.334	6407.253	5343.750	5343.750
143	Spectrogram 1	1	45.682800000	45.683800000	3160.334	6407.253	5156.250	5156.250
144	Spectrogram 1	1	45.683800000	45.684800000	3160.334	6407.253	5156.250	5156.250
145	Spectrogram 1	1	45.684800000	45.685800000	3160.334	6407.253	5156.250	5156.250
146	Spectrogram 1	1	45.685800000	45.686800000	3160.334	6407.253	5156.250	5156.250
147	Spectrogram 1	1	45.686800000	45.687800000	3160.334	6407.253	5156.250	5156.250
148	Spectrogram 1	1	45.687800000	45.688800000	3160.334	6407.253	5343.750	5062.500
149	Spectrogram 1	1	45.688800000	45.689800000	3160.334	6407.253	5343.750	5062.500
150	Spectrogram 1	1	45.689800000	45.690800000	3160.334	6407.253	5343.750	5062.500
151	Spectrogram 1	1	45.690800000	45.691800000	3160.334	6407.253	5343.750	5062.500
152	Spectrogram 1	1	45.691800000	45.692800000	3160.334	6407.253	5343.750	5062.500
153	Spectrogram 1	1	45.692800000	45.693800000	3160.334	6407.253	5343.750	5062.500
154	Spectrogram 1	1	45.693800000	45.694800000	3160.334	6407.253	4875.000	4875.000
155	Spectrogram 1	1	45.694800000	45.695800000	3160.334	6407.253	4875.000	4875.000
156	Spectrogram 1	1	45.695800000	45.696800000	3160.334	6407.253	4875.000	4875.000
157	Spectrogram 1	1	45.696800000	45.697800000	3160.334	6407.253	4875.000	4875.000
158	Spectrogram 1	1	45.697800000	45.698800000	3160.334	6407.253	4875.000	4875.000
159	Spectrogram 1	1	45.698800000	45.699800000	3160.334	6407.253	4781.250	4781.250
160	Spectrogram 1	1	45.699800000	45.700800000	3160.334	6407.253	4781.250	4781.250
161	Spectrogram 1	1	45.700800000	45.701800000	3160.334	6407.253	4781.250	4781.250
162	Spectrogram 1	1	45.701800000	45.702800000	3160.334	6407.253	4781.250	4781.250
163	Spectrogram 1	1	45.702800000	45.703800000	3160.334	6407.253	4781.250	4781.250
164	Spectrogram 1	1	45.703800000	45.704800000	3160.334	6407.253	4875.000	4781.250
165	Spectrogram 1	1	45.704800000	45.705800000	3160.334	6407.253	4875.000	4781.250
166	Spectrogram 1	1	45.705800000	45.706800000	3160.334	6407.253	4875.000	4781.250
167	Spectrogram 1	1	45.706800000	45.707800000	3160.334	6407.253	4875.000	4781.250
168	Spectrogram 1	1	45.707800000	45.708800000	3160.334	6407.253	4875.000	4781.250
169	Spectrogram 1	1	45.708800000	45.709800000	3160.334	6407.253	4875.000	4781.250
170	Spectrogram 1	1	45.709800000	45.710800000	3160.334	6407.253	4875.000	4781.250
171	Spectrogram 1	1	45.710800000	45.711800000	3160.334	6407.253	4875.000	4781.250
172	Spectrogram 1	1	45.711800000	45.712800000	3160.334	6407.253	4875.000	4781.250
173	Spectrogram 1	1	45.712800000	45.713800000	3160.334	6407.253	4875.000	4781.250
174	Spectrogram 1	1	45.713800000	45.714800000	3160.334	6407.253	4875.000	4781.250
175	Spectrogram 1	1	45.714800000	45.715800000	3160.334	6407.253	4968.750	4875.000
176	Spectrogram 1	1	45.715800000	45.716800000	3160.334	6407.253	4968.750	4875.000
177	Spectrogram 1	1	45.716800000	45.717800000	3160.334	6407.253	4968.750	4875.000
178	Spectrogram 1	1	45.717800000	45.718800000	3160.334	6407.253	4968.750	4875.000
179	Spectrogram 1	1	45.718800000	45.719800000	3160.334	6407.253	4968.750	4875.000
180	Spectrogram 1	1	45.719800000	45.720800000	3160.334	6407.253	5343.750	5437.500
181	Spectrogram 1	1	45.720800000	45.721800000	3160.334	6407.253	5343.750	5437.500
182	Spectrogram 1	1	45.721800000	45.722800000	3160.334	6407.253	5343.750	5437.500
183	Spectrogram 1	1	45.722800000	45.723800000	3160.334	6407.253	5343.750	5437.500
184	Spectrogram 1	1	45.723800000	45.724800000	3160.334	6407.253	5343.750	5437.500
185	Spectrogram 1	1	45.724800000	45.725800000	3160.334	6407.253	5343.750	5437.500
186	Spectrogram 1	1	45.725800000	45.726800000	3160.334	6407.253	5531.250	5531.250
187	Spectrogram 1	1	45.726800000	45.727800000	3160.334	6407.253	5531.250	5531.250
188	Spectrogram 1	1	45.727800000	45.728800000	3160.334	6407.253	5531.250	5531.250
189	Spectrogram 1	1	45.728800000	45.729800000	3160.334	6407.253	5531.250	5531.250
190	Spectrogram 1	1	45.729800000	45.730800000	3160.334	6407.253	5531.250	5531.250
191	Spectrogram 1	1	45.730800000	45.731800000	3160.334	6407.253	5718.750	5531.250
192	Spectrogram 1	1	45.731800000	45.732800000	3160.334	6407.253	5718.750	5531.250
193	Spectrogram 1	1	45.732800000	45.733800000	3160.334	6407.253	5718.750	5531.250
194	Spectrogram 1	1	45.733800000	45.734800000	3160.334	6407.253	5718.750	5531.250
195	Spectrogram 1	1	45.734800000	45.735800000	3160.334	6407.253	5718.750	5531.250
196	Spectrogram 1	1	45.735800000	45.736800000	3160.334	6407.253	6093.750	6093.750
197	Spectrogram 1	1	45.736800000	45.737800000	3160.334	6407.253	6093.750	6093.750
198	Spectrogram 1	1	45.737800000	45.738800000	3160.334	6407.253	6093.750	6093.750
199	Spectrogram 1	1	45.738800000	45.739800000	3160.334	6407.253	6093.750	6093.750
200	Spectrogram 1	1	45.739800000	45.740800000	3160.334	6407.253	6093.750	6093.750
201	Spectrogram 1	1	45.740800000	45.741800000	3160.334	6407.253	6093.750	6093.750
202	Spectrogram 1	1	45.741800000	45.742800000	3160.334	6407.253	5812.500	5437.500
203	Spectrogram 1	1	45.742800000	45.743800000	3160.334	6407.253	5812.500	5437.500
204	Spectrogram 1	1	45.743800000	45.744800000	3160.334	6407.253	5812.500	5437.500
205	Spectrogram 1	1	45.744800000	45.745800000	3160.334	6407.253	5812.500	5437.500
206	Spectrogram 1	1	45.745800000	45.746800000	3160.334	6407.253	5812.500	5437.500
207	Spectrogram 1	1	45.746800000	45.747800000	3160.334	6407.253	5250.000	5156.250
208	Spectrogram 1	1	45.747800000	45.748800000	3160.334	6407.253	5250.000	5156.250
209	Spectrogram 1	1	45.748800000	45.749800000	3160.334	6407.253	5250.000	5156.250
210	Spectrogram 1	1	45.749800000	45.750800000	3160.334	6407.253	5250.000	5156.250
211	Spectrogram 1	1	45.750800000	45.751800000	3160.334	6407.253	5250.000	5156.250
212	Spectrogram 1	1	45.751800000	45.752800000	3160.334	6407.253	4687.500	4593.750
213	Spectrogram 1	1	45.752800000	45.753800000	3160.334	6407.253	4687.500	4593.750
214	Spectrogram 1	1	45.753800000	45.754800000	3160.334	6407.253	4687.500	4593.750
215	Spectrogram 1	1	45.754800000	45.755800000	3160.334	6407.253	4687.500	4593.750
216	Spectrogram 1	1	45.755800000	45.756800000	3160.334	6407.253	4687.500	4593.750
217	Spectrogram 1	1	45.756800000	45.757800000	3160.334	6407.253	4687.500	4593.750
218	Spectrogram 1	1	45.757800000	45.758800000	3160.334	6407.253	4500.000	4406.250
219	Spectrogram 1	1	45.758800000	45.759800000	3160.334	6407.253	4500.000	4406.250
220	Spectrogram 1	1	45.759800000	45.760800000	3160.334	6407.253	4500.000	4406.250
221	Spectrogram 1	1	45.760800000	45.761800000	3160.334	6407.253	4500.000	4406.250
222	Spectrogram 1	1	45.761800000	45.762800000	3160.334	6407.253	4500.000	4406.250
223	Spectrogram 1	1	45.762800000	45.763800000	3160.334	6407.253	4875.000	4500.000
224	Spectrogram 1	1	45.763800000	45.763840483	3160.334	6407.253	4875.000	4500.000
