Selection	View	Channel	Begin Time (s)	End Time (s)	Low Freq (Hz)	High Freq (Hz)	Center Freq (Hz)	Peak Freq (Hz)
1	Spectrogram 1	1	4.273446442	4.274446442	2926.800	6522.600	4687.500	3281.250
2	Spectrogram 1	1	4.274446442	4.275446442	2926.800	6522.600	4125.000	4218.750
3	Spectrogram 1	1	4.275446442	4.276446442	2926.800	6522.600	4125.000	4218.750
4	Spectrogram 1	1	4.276446442	4.277446442	2926.800	6522.600	4125.000	4218.750
5	Spectrogram 1	1	4.277446442	4.278446442	2926.800	6522.600	4125.000	4218.750
6	Spectrogram 1	1	4.278446442	4.279446442	2926.800	6522.600	4125.000	4218.750
7	Spectrogram 1	1	4.279446442	4.280446442	2926.800	6522.600	4125.000	4218.750
8	Spectrogram 1	1	4.280446442	4.281446442	2926.800	6522.600	4406.250	4406.250
9	Spectrogram 1	1	4.281446442	4.282446442	2926.800	6522.600	4406.250	4406.250
10	Spectrogram 1	1	4.282446442	4.283446442	2926.800	6522.600	4406.250	4406.250
11	Spectrogram 1	1	4.283446442	4.284446442	2926.800	6522.600	4406.250	4406.250
12	Spectrogram 1	1	4.284446442	4.285446442	2926.800	6522.600	4406.250	4406.250
13	Spectrogram 1	1	4.285446442	4.286446442	2926.800	6522.600	4593.750	4593.750
14	Spectrogram 1	1	4.286446442	4.287446442	2926.800	6522.600	4593.750	4593.750
15	Spectrogram 1	1	4.287446442	4.288446442	2926.800	6522.600	4593.750	4593.750
16	Spectrogram 1	1	4.288446442	4.289446442	2926.800	6522.600	4593.750	4593.750
17	Spectrogram 1	1	4.289446442	4.290446442	2926.800	6522.600	4593.750	4593.750
18	Spectrogram 1	1	4.290446442	4.291446442	2926.800	6522.600	4875.000	4875.000
19	Spectrogram 1	1	4.291446442	4.292446442	2926.800	6522.600	4875.000	4875.000
20	Spectrogram 1	1	4.292446442	4.293446442	2926.800	6522.600	4875.000	4875.000
21	Spectrogram 1	1	4.293446442	4.294446442	2926.800	6522.600	4875.000	4875.000
22	Spectrogram 1	1	4.294446442	4.295446442	2926.800	6522.600	4875.000	4875.000
23	Spectrogram 1	1	4.295446442	4.296446442	2926.800	6522.600	4875.000	4875.000
24	Spectrogram 1	1	4.296446442	4.297446442	2926.800	6522.600	6000.000	6000.000
25	Spectrogram 1	1	4.297446442	4.298446442	2926.800	6522.600	6000.000	6000.000
26	Spectrogram 1	1	4.298446442	4.299446442	2926.800	6522.600	6000.000	6000.000
27	Spectrogram 1	1	4.299446442	4.300446442	2926.800	6522.600	6000.000	6000.000
28	Spectrogram 1	1	4.300446442	4.301446442	2926.800	6522.600	6000.000	6000.000
29	Spectrogram 1	1	4.301446442	4.302446442	2926.800	6522.600	6093.750	6093.750
30	Spectrogram 1	1	4.302446442	4.303446442	2926.800	6522.600	6093.750	6093.750
31	Spectrogram 1	1	4.303446442	4.304446442	2926.800	6522.600	6093.750	6093.750
32	Spectrogram 1	1	4.304446442	4.305446442	2926.800	6522.600	6093.750	6093.750
33	Spectrogram 1	1	4.305446442	4.306446442	2926.800	6522.600	6093.750	6093.750
34	Spectrogram 1	1	4.306446442	4.307446442	2926.800	6522.600	6000.000	6000.000
35	Spectrogram 1	1	4.307446442	4.308446442	2926.800	6522.600	6000.000	6000.000
36	Spectrogram 1	1	4.308446442	4.309446442	2926.800	6522.600	6000.000	6000.000
37	Spectrogram 1	1	4.309446442	4.310446442	2926.800	6522.600	6000.000	6000.000
38	Spectrogram 1	1	4.310446442	4.311446442	2926.800	6522.600	6000.000	6000.000
39	Spectrogram 1	1	4.311446442	4.312446442	2926.800	6522.600	6000.000	6000.000
40	Spectrogram 1	1	4.312446442	4.313446442	2926.800	6522.600	5250.000	6093.750
41	Spectrogram 1	1	4.313446442	4.314446442	2926.800	6522.600	5250.000	6093.750
42	Spectrogram 1	1	4.314446442	4.315446442	2926.800	6522.600	5250.000	6093.750
43	Spectrogram 1	1	4.315446442	4.316446442	2926.800	6522.600	5250.000	6093.750
44	Spectrogram 1	1	4.316446442	4.317446442	2926.800	6522.600	5250.000	6093.750
45	Spectrogram 1	1	4.317446442	4.318446442	2926.800	6522.600	5812.500	6000.000
46	Spectrogram 1	1	4.318446442	4.319446442	2926.800	6522.600	5812.500	6000.000
47	Spectrogram 1	1	4.319446442	4.320446442	2926.800	6522.600	5812.500	6000.000
48	Spectrogram 1	1	4.320446442	4.321446442	2926.800	6522.600	5812.500	6000.000
49	Spectrogram 1	1	4.321446442	4.322446442	2926.800	6522.600	5812.500	6000.000
50	Spectrogram 1	1	4.322446442	4.323446442	2926.800	6522.600	4031.250	3750.000
51	Spectrogram 1	1	4.323446442	4.324446442	2926.800	6522.600	4031.250	3750.000
52	Spectrogram 1	1	4.324446442	4.325446442	2926.800	6522.600	4031.250	3750.000
53	Spectrogram 1	1	4.325446442	4.326446442	2926.800	6522.600	4031.250	3750.000
54	Spectrogram 1	1	4.326446442	4.327446442	2926.800	6522.600	4031.250	3750.000
55	Spectrogram 1	1	4.327446442	4.328446442	2926.800	6522.600	4031.250	3750.000
56	Spectrogram 1	1	4.328446442	4.329446442	2926.800	6522.600	4781.250	6093.750
57	Spectrogram 1	1	4.329446442	4.330446442	2926.800	6522.600	4781.250	6093.750
58	Spectrogram 1	1	4.330446442	4.331446442	2926.800	6522.600	4781.250	6093.750
59	Spectrogram 1	1	4.331446442	4.332446442	2926.800	6522.600	4781.250	6093.750
60	Spectrogram 1	1	4.332446442	4.333446442	2926.800	6522.600	4781.250	6093.750
61	Spectrogram 1	1	4.333446442	4.334446442	2926.800	6522.600	4687.500	6000.000
62	Spectrogram 1	1	4.334446442	4.335446442	2926.800	6522.600	4687.500	6000.000
63	Spectrogram 1	1	4.335446442	4.336446442	2926.800	6522.600	4687.500	6000.000
64	Spectrogram 1	1	4.336446442	4.337446442	2926.800	6522.600	4687.500	6000.000
65	Spectrogram 1	1	4.337446442	4.338446442	2926.800	6522.600	4687.500	6000.000
66	Spectrogram 1	1	4.338446442	4.339446442	2926.800	6522.600	3843.750	3281.250
67	Spectrogram 1	1	4.339446442	4.340446442	2926.800	6522.600	3843.750	3281.250
68	Spectrogram 1	1	4.340446442	4.341446442	2926.800	6522.600	3843.750	3281.250
69	Spectrogram 1	1	4.341446442	4.342446442	2926.800	6522.600	3843.750	3281.250
70	Spectrogram 1	1	4.342446442	4.343446442	2926.800	6522.600	3843.750	3281.250
71	Spectrogram 1	1	4.343446442	4.344446442	2926.800	6522.600	3843.750	3281.250
72	Spectrogram 1	1	4.344446442	4.345446442	2926.800	6522.600	4031.250	3281.250
73	Spectrogram 1	1	4.345446442	4.346446442	2926.800	6522.600	4031.250	3281.250
74	Spectrogram 1	1	4.346446442	4.347446442	2926.800	6522.600	4031.250	3281.250
75	Spectrogram 1	1	4.347446442	4.348446442	2926.800	6522.600	4031.250	3281.250
76	Spectrogram 1	1	4.348446442	4.349446442	2926.800	6522.600	4031.250	3281.250
77	Spectrogram 1	1	4.349446442	4.350446442	2926.800	6522.600	5625.000	6000.000
78	Spectrogram 1	1	4.350446442	4.351446442	2926.800	6522.600	5625.000	6000.000
79	Spectrogram 1	1	4.351446442	4.352446442	2926.800	6522.600	5625.000	6000.000
80	Spectrogram 1	1	4.352446442	4.353446442	2926.800	6522.600	5625.000	6000.000
81	Spectrogram 1	1	4.353446442	4.354446442	2926.800	6522.600	5625.000	6000.000
82	Spectrogram 1	1	4.354446442	4.355446442	2926.800	6522.600	4125.000	3375.000
83	Spectrogram 1	1	4.355446442	4.356446442	2926.800	6522.600	4125.000	3375.000
84	Spectrogram 1	1	4.356446442	4.357446442	2926.800	6522.600	4125.000	3375.000
85	Spectrogram 1	1	4.357446442	4.358446442	2926.800	6522.600	4125.000	3375.000
86	Spectrogram 1	1	4.358446442	4.359446442	2926.800	6522.600	4125.000	3375.000
87	Spectrogram 1	1	4.359446442	4.360446442	2926.800	6522.600	4125.000	3375.000
88	Spectrogram 1	1	4.360446442	4.361446442	2926.800	6522.600	4875.000	3281.250
89	Spectrogram 1	1	4.361446442	4.362446442	2926.800	6522.600	4875.000	3281.250
90	Spectrogram 1	1	4.362446442	4.363446442	2926.800	6522.600	4875.000	3281.250
91	Spectrogram 1	1	4.363446442	4.364446442	2926.800	6522.600	4875.000	3281.250
92	Spectrogram 1	1	4.364446442	4.365446442	2926.800	6522.600	4875.000	3281.250
93	Spectrogram 1	1	4.365446442	4.366446442	2926.800	6522.600	3937.500	3281.250
94	Spectrogram 1	1	4.366446442	4.367446442	2926.800	6522.600	3937.500	3281.250
95	Spectrogram 1	1	4.367446442	4.368446442	2926.800	6522.600	3937.500	3281.250
96	Spectrogram 1	1	4.368446442	4.369446442	2926.800	6522.600	3937.500	3281.250
97	Spectrogram 1	1	4.369446442	4.370446442	2926.800	6522.600	3937.500	3281.250
98	Spectrogram 1	1	4.370446442	4.371446442	2926.800	6522.600	4125.000	3187.500
99	Spectrogram 1	1	4.371446442	4.372446442	2926.800	6522.600	4125.000	3187.500
100	Spectrogram 1	1	4.372446442	4.373446442	2926.800	6522.600	4125.000	3187.500
101	Spectrogram 1	1	4.373446442	4.374446442	2926.800	6522.600	4125.000	3187.500
102	Spectrogram 1	1	4.374446442	4.375446442	2926.800	6522.600	4125.000	3187.500
103	Spectrogram 1	1	4.375446442	4.376446442	2926.800	6522.600	4125.000	3187.500
104	Spectrogram 1	1	4.376446442	4.377446442	2926.800	6522.600	3281.250	3093.750
105	Spectrogram 1	1	4.377446442	4.378446442	2926.800	6522.600	3281.250	3093.750
106	Spectrogram 1	1	4.378446442	4.379446442	2926.800	6522.600	3281.250	3093.750
107	Spectrogram 1	1	4.379446442	4.380446442	2926.800	6522.600	3281.250	3093.750
108	Spectrogram 1	1	4.380446442	4.381446442	2926.800	6522.600	3281.250	3093.750
109	Spectrogram 1	1	4.381446442	4.382446442	2926.800	6522.600	4968.750	5531.250
110	Spectrogram 1	1	4.382446442	4.383446442	2926.800	6522.600	4968.750	5531.250
111	Spectrogram 1	1	4.383446442	4.384446442	2926.800	6522.600	4968.750	5531.250
112	Spectrogram 1	1	4.384446442	4.385446442	2926.800	6522.600	4968.750	5531.250
113	Spectrogram 1	1	4.385446442	4.386446442	2926.800	6522.600	4968.750	5531.250
114	Spectrogram 1	1	4.386446442	4.387446442	2926.800	6522.600	4218.750	3187.500
115	Spectrogram 1	1	4.387446442	4.388446442	2926.800	6522.600	4218.750	3187.500
116	Spectrogram 1	1	4.388446442	4.389446442	2926.800	6522.600	4218.750	3187.500
117	Spectrogram 1	1	4.389446442	4.390446442	2926.800	6522.600	4218.750	3187.500
118	Spectrogram 1	1	4.390446442	4.391446442	2926.800	6522.600	4218.750	3187.500
119	Spectrogram 1	1	4.391446442	4.392446442	2926.800	6522.600	4218.750	3187.500
120	Spectrogram 1	1	4.392446442	4.393446442	2926.800	6522.600	5156.250	5062.500
121	Spectrogram 1	1	4.393446442	4.394446442	2926.800	6522.600	5156.250	5062.500
122	Spectrogram 1	1	4.394446442	4.395446442	2926.800	6522.600	5156.250	5062.500
123	Spectrogram 1	1	4.395446442	4.396446442	2926.800	6522.600	5156.250	5062.500
124	Spectrogram 1	1	4.396446442	4.397446442	2926.800	6522.600	5156.250	5062.500
125	Spectrogram 1	1	4.397446442	4.398446442	2926.800	6522.600	5250.000	5343.750
126	Spectrogram 1	1	4.398446442	4.399446442	2926.800	6522.600	5250.000	5343.750
127	Spectrogram 1	1	4.399446442	4.400446442	2926.800	6522.600	5250.000	5343.750
128	Spectrogram 1	1	4.400446442	4.401446442	2926.800	6522.600	5250.000	5343.750
129	Spectrogram 1	1	4.401446442	4.402446442	2926.800	6522.600	5250.000	5343.750
130	Spectrogram 1	1	4.402446442	4.403446442	2926.800	6522.600	5250.000	5250.000
131	Spectrogram 1	1	4.403446442	4.404446442	2926.800	6522.600	5250.000	5250.000
132	Spectrogram 1	1	4.404446442	4.405446442	2926.800	6522.600	5250.000	5250.000
133	Spectrogram 1	1	4.405446442	4.406446442	2926.800	6522.600	5250.000	5250.000
134	Spectrogram 1	1	4.406446442	4.407446442	2926.800	6522.600	5250.000	5250.000
135	Spectrogram 1	1	4.407446442	4.408446442	2926.800	6522.600	5250.000	5250.000
136	Spectrogram 1	1	4.408446442	4.409446442	2926.800	6522.600	4968.750	4968.750
137	Spectrogram 1	1	4.409446442	4.410446442	2926.800	6522.600	4968.750	4968.750
138	Spectrogram 1	1	4.410446442	4.411446442	2926.800	6522.600	4968.750	4968.750
139	Spectrogram 1	1	4.411446442	4.412446442	2926.800	6522.600	4968.750	4968.750
140	Spectrogram 1	1	4.412446442	4.413446442	2926.800	6522.600	4968.750	4968.750
141	Spectrogram 1	1	4.413446442	4.414446442	2926.800	6522.600	5156.250	5156.250
142	Spectrogram 1	1	4.414446442	4.415446442	2926.800	6522.600	5156.250	5156.250
143	Spectrogram 1	1	4.415446442	4.416446442	2926.800	6522.600	5156.250	5156.250
144	Spectrogram 1	1	4.416446442	4.417446442	2926.800	6522.600	5156.250	5156.250
145	Spectrogram 1	1	4.417446442	4.418446442	2926.800	6522.600	5156.250	5156.250
146	Spectrogram 1	1	4.418446442	4.419446442	2926.800	6522.600	4687.500	4687.500
147	Spectrogram 1	1	4.419446442	4.420446442	2926.800	6522.600	4687.500	4687.500
148	Spectrogram 1	1	4.420446442	4.421446442	2926.800	6522.600	4687.500	4687.500
149	Spectrogram 1	1	4.421446442	4.422446442	2926.800	6522.600	4687.500	4687.500
150	Spectrogram 1	1	4.422446442	4.423446442	2926.800	6522.600	4687.500	4687.500
151	Spectrogram 1	1	4.423446442	4.424446442	2926.800	6522.600	4687.500	4687.500
152	Spectrogram 1	1	4.424446442	4.425446442	2926.800	6522.600	4687.500	4593.750
153	Spectrogram 1	1	4.425446442	4.426446442	2926.800	6522.600	4687.500	4593.750
154	Spectrogram 1	1	4.426446442	4.427446442	2926.800	6522.600	4687.500	4593.750
155	Spectrogram 1	1	4.427446442	4.428446442	2926.800	6522.600	4687.500	4593.750
156	Spectrogram 1	1	4.428446442	4.429446442	2926.800	6522.600	4687.500	4593.750
157	Spectrogram 1	1	4.429446442	4.430446442	2926.800	6522.600	4781.250	4687.500
158	Spectrogram 1	1	4.430446442	4.431446442	2926.800	6522.600	4781.250	4687.500
159	Spectrogram 1	1	4.431446442	4.432446442	2926.800	6522.600	4781.250	4687.500
160	Spectrogram 1	1	4.432446442	4.433446442	2926.800	6522.600	4781.250	4687.500
161	Spectrogram 1	1	4.433446442	4.434446442	2926.800	6522.600	4781.250	4687.500
162	Spectrogram 1	1	4.434446442	4.435446442	2926.800	6522.600	4781.250	4781.250
163	Spectrogram 1	1	4.435446442	4.436446442	2926.800	6522.600	4781.250	4781.250
164	Spectrogram 1	1	4.436446442	4.437446442	2926.800	6522.600	4781.250	4781.250
165	Spectrogram 1	1	4.437446442	4.438446442	2926.800	6522.600	4781.250	4781.250
166	Spectrogram 1	1	4.438446442	4.439446442	2926.800	6522.600	4781.250	4781.250
167	Spectrogram 1	1	4.439446442	4.440446442	2926.800	6522.600	4781.250	4781.250
168	Spectrogram 1	1	4.440446442	4.441446442	2926.800	6522.600	4781.250	4781.250
169	Spectrogram 1	1	4.441446442	4.442446442	2926.800	6522.600	4781.250	4781.250
170	Spectrogram 1	1	4.442446442	4.443446442	2926.800	6522.600	4781.250	4781.250
171	Spectrogram 1	1	4.443446442	4.444446442	2926.800	6522.600	4781.250	4781.250
172	Spectrogram 1	1	4.444446442	4.445446442	2926.800	6522.600	4781.250	4781.250
173	Spectrogram 1	1	4.445446442	4.446446442	2926.800	6522.600	4875.000	4781.250
174	Spectrogram 1	1	4.446446442	4.447446442	2926.800	6522.600	4875.000	4781.250
175	Spectrogram 1	1	4.447446442	4.448446442	2926.800	6522.600	4875.000	4781.250
176	Spectrogram 1	1	4.448446442	4.449446442	2926.800	6522.600	4875.000	4781.250
177	Spectrogram 1	1	4.449446442	4.450446442	2926.800	6522.600	4875.000	4781.250
178	Spectrogram 1	1	4.450446442	4.451446442	2926.800	6522.600	5437.500	5718.750
179	Spectrogram 1	1	4.451446442	4.452446442	2926.800	6522.600	5437.500	5718.750
180	Spectrogram 1	1	4.452446442	4.453446442	2926.800	6522.600	5437.500	5718.750
181	Spectrogram 1	1	4.453446442	4.454446442	2926.800	6522.600	5437.500	5718.750
182	Spectrogram 1	1	4.454446442	4.455446442	2926.800	6522.600	5437.500	5718.750
183	Spectrogram 1	1	4.455446442	4.456446442	2926.800	6522.600	5437.500	5718.750
184	Spectrogram 1	1	4.456446442	4.457446442	2926.800	6522.600	5906.250	5906.250
185	Spectrogram 1	1	4.457446442	4.458446442	2926.800	6522.600	5906.250	5906.250
186	Spectrogram 1	1	4.458446442	4.459446442	2926.800	6522.600	5906.250	5906.250
187	Spectrogram 1	1	4.459446442	4.460446442	2926.800	6522.600	5906.250	5906.250
188	Spectrogram 1	1	4.460446442	4.461446442	2926.800	6522.600	5906.250	5906.250
189	Spectrogram 1	1	4.461446442	4.462446442	2926.800	6522.600	6093.750	6093.750
190	Spectrogram 1	1	4.462446442	4.463446442	2926.800	6522.600	6093.750	6093.750
191	Spectrogram 1	1	4.463446442	4.464446442	2926.800	6522.600	6093.750	6093.750
192	Spectrogram 1	1	4.464446442	4.465446442	2926.800	6522.600	6093.750	6093.750
193	Spectrogram 1	1	4.465446442	4.466446442	2926.800	6522.600	6093.750	6093.750
194	Spectrogram 1	1	4.466446442	4.467446442	2926.800	6522.600	6000.000	6093.750
195	Spectrogram 1	1	4.467446442	4.468446442	2926.800	6522.600	6000.000	6093.750
196	Spectrogram 1	1	4.468446442	4.469446442	2926.800	6522.600	6000.000	6093.750
197	Spectrogram 1	1	4.469446442	4.470446442	2926.800	6522.600	6000.000	6093.750
198	Spectrogram 1	1	4.470446442	4.471446442	2926.800	6522.600	6000.000	6093.750
199	Spectrogram 1	1	4.471446442	4.472446442	2926.800	6522.600	6000.000	6093.750
200	Spectrogram 1	1	4.472446442	4.473446442	2926.800	6522.600	5625.000	5906.250
201	Spectrogram 1	1	4.473446442	4.474446442	2926.800	6522.600	5625.000	5906.250
202	Spectrogram 1	1	4.474446442	4.475446442	2926.800	6522.600	5625.000	5906.250
203	Spectrogram 1	1	4.475446442	4.476446442	2926.800	6522.600	5625.000	5906.250
204	Spectrogram 1	1	4.476446442	4.477446442	2926.800	6522.600	5625.000	5906.250
205	Spectrogram 1	1	4.477446442	4.478446442	2926.800	6522.600	5156.250	4500.000
206	Spectrogram 1	1	4.478446442	4.479446442	2926.800	6522.600	5156.250	4500.000
207	Spectrogram 1	1	4.479446442	4.480446442	2926.800	6522.600	5156.250	4500.000
208	Spectrogram 1	1	4.480446442	4.481446442	2926.800	6522.600	5156.250	4500.000
209	Spectrogram 1	1	4.481446442	4.482446442	2926.800	6522.600	5156.250	4500.000
210	Spectrogram 1	1	4.482446442	4.483446442	2926.800	6522.600	5437.500	6000.000
211	Spectrogram 1	1	4.483446442	4.484446442	2926.800	6522.600	5437.500	6000.000
212	Spectrogram 1	1	4.484446442	4.485446442	2926.800	6522.600	5437.500	6000.000
213	Spectrogram 1	1	4.485446442	4.486446442	2926.800	6522.600	5437.500	6000.000
214	Spectrogram 1	1	4.486446442	4.487446442	2926.800	6522.600	5437.500	6000.000
215	Spectrogram 1	1	4.487446442	4.488446442	2926.800	6522.600	5437.500	6000.000
216	Spectrogram 1	1	4.488446442	4.489446442	2926.800	6522.600	6000.000	6093.750
217	Spectrogram 1	1	4.489446442	4.490446442	2926.800	6522.600	6000.000	6093.750
218	Spectrogram 1	1	4.490446442	4.491446442	2926.800	6522.600	6000.000	6093.750
219	Spectrogram 1	1	4.491446442	4.492446442	2926.800	6522.600	6000.000	6093.750
220	Spectrogram 1	1	4.492446442	4.493446442	2926.800	6522.600	6000.000	6093.750
221	Spectrogram 1	1	4.493446442	4.494446442	2926.800	6522.600	6000.000	6093.750
222	Spectrogram 1	1	4.494446442	4.495446442	2926.800	6522.600	6000.000	6093.750
223	Spectrogram 1	1	4.495446442	4.496446442	2926.800	6522.600	6000.000	6093.750
224	Spectrogram 1	1	4.496446442	4.496885754	2926.800	6522.600	6000.000	6093.750
