Selection	View	Channel	Begin Time (s)	End Time (s)	Low Freq (Hz)	High Freq (Hz)	Center Freq (Hz)	Peak Freq (Hz)
1	Spectrogram 1	1	63.621953362	63.622953362	3000.000	6278.347	3937.500	3937.500
2	Spectrogram 1	1	63.622953362	63.623953362	3000.000	6278.347	3937.500	3937.500
3	Spectrogram 1	1	63.623953362	63.624953362	3000.000	6278.347	4125.000	4125.000
4	Spectrogram 1	1	63.624953362	63.625953362	3000.000	6278.347	4125.000	4125.000
5	Spectrogram 1	1	63.625953362	63.626953362	3000.000	6278.347	4125.000	4125.000
6	Spectrogram 1	1	63.626953362	63.627953362	3000.000	6278.347	4125.000	4125.000
7	Spectrogram 1	1	63.627953362	63.628953362	3000.000	6278.347	4125.000	4125.000
8	Spectrogram 1	1	63.628953362	63.629953362	3000.000	6278.347	4312.500	4312.500
9	Spectrogram 1	1	63.629953362	63.630953362	3000.000	6278.347	4312.500	4312.500
10	Spectrogram 1	1	63.630953362	63.631953362	3000.000	6278.347	4312.500	4312.500
11	Spectrogram 1	1	63.631953362	63.632953362	3000.000	6278.347	4312.500	4312.500
12	Spectrogram 1	1	63.632953362	63.633953362	3000.000	6278.347	4312.500	4312.500
13	Spectrogram 1	1	63.633953362	63.634953362	3000.000	6278.347	4312.500	4312.500
14	Spectrogram 1	1	63.634953362	63.635953362	3000.000	6278.347	4500.000	4406.250
15	Spectrogram 1	1	63.635953362	63.636953362	3000.000	6278.347	4500.000	4406.250
16	Spectrogram 1	1	63.636953362	63.637953362	3000.000	6278.347	4500.000	4406.250
17	Spectrogram 1	1	63.637953362	63.638953362	3000.000	6278.347	4500.000	4406.250
18	Spectrogram 1	1	63.638953362	63.639953362	3000.000	6278.347	4500.000	4406.250
19	Spectrogram 1	1	63.639953362	63.640953362	3000.000	6278.347	4875.000	4875.000
20	Spectrogram 1	1	63.640953362	63.641953362	3000.000	6278.347	4875.000	4875.000
21	Spectrogram 1	1	63.641953362	63.642953362	3000.000	6278.347	4875.000	4875.000
22	Spectrogram 1	1	63.642953362	63.643953362	3000.000	6278.347	4875.000	4875.000
23	Spectrogram 1	1	63.643953362	63.644953362	3000.000	6278.347	4875.000	4875.000
24	Spectrogram 1	1	63.644953362	63.645953362	3000.000	6278.347	4968.750	4968.750
25	Spectrogram 1	1	63.645953362	63.646953362	3000.000	6278.347	4968.750	4968.750
26	Spectrogram 1	1	63.646953362	63.647953362	3000.000	6278.347	4968.750	4968.750
27	Spectrogram 1	1	63.647953362	63.648953362	3000.000	6278.347	4968.750	4968.750
28	Spectrogram 1	1	63.648953362	63.649953362	3000.000	6278.347	4968.750	4968.750
29	Spectrogram 1	1	63.649953362	63.650953362	3000.000	6278.347	4968.750	4968.750
30	Spectrogram 1	1	63.650953362	63.651953362	3000.000	6278.347	4406.250	4406.250
31	Spectrogram 1	1	63.651953362	63.652953362	3000.000	6278.347	4406.250	4406.250
32	Spectrogram 1	1	63.652953362	63.653953362	3000.000	6278.347	4406.250	4406.250
33	Spectrogram 1	1	63.653953362	63.654953362	3000.000	6278.347	4406.250	4406.250
34	Spectrogram 1	1	63.654953362	63.655953362	3000.000	6278.347	4406.250	4406.250
35	Spectrogram 1	1	63.655953362	63.656953362	3000.000	6278.347	4125.000	4125.000
36	Spectrogram 1	1	63.656953362	63.657953362	3000.000	6278.347	4125.000	4125.000
37	Spectrogram 1	1	63.657953362	63.658953362	3000.000	6278.347	4125.000	4125.000
38	Spectrogram 1	1	63.658953362	63.659953362	3000.000	6278.347	4125.000	4125.000
39	Spectrogram 1	1	63.659953362	63.660953362	3000.000	6278.347	4125.000	4125.000
40	Spectrogram 1	1	63.660953362	63.661953362	3000.000	6278.347	3937.500	3937.500
41	Spectrogram 1	1	63.661953362	63.662953362	3000.000	6278.347	3937.500	3937.500
42	Spectrogram 1	1	63.662953362	63.663953362	3000.000	6278.347	3937.500	3937.500
43	Spectrogram 1	1	63.663953362	63.664953362	3000.000	6278.347	3937.500	3937.500
44	Spectrogram 1	1	63.664953362	63.665953362	3000.000	6278.347	3937.500	3937.500
45	Spectrogram 1	1	63.665953362	63.666953362	3000.000	6278.347	3937.500	3937.500
46	Spectrogram 1	1	63.666953362	63.667953362	3000.000	6278.347	3750.000	3656.250
47	Spectrogram 1	1	63.667953362	63.668953362	3000.000	6278.347	3750.000	3656.250
48	Spectrogram 1	1	63.668953362	63.669953362	3000.000	6278.347	3750.000	3656.250
49	Spectrogram 1	1	63.669953362	63.670953362	3000.000	6278.347	3750.000	3656.250
50	Spectrogram 1	1	63.670953362	63.671953362	3000.000	6278.347	3750.000	3656.250
51	Spectrogram 1	1	63.671953362	63.672953362	3000.000	6278.347	3562.500	3562.500
52	Spectrogram 1	1	63.672953362	63.673953362	3000.000	6278.347	3562.500	3562.500
53	Spectrogram 1	1	63.673953362	63.674953362	3000.000	6278.347	3562.500	3562.500
54	Spectrogram 1	1	63.674953362	63.675953362	3000.000	6278.347	3562.500	3562.500
55	Spectrogram 1	1	63.675953362	63.676953362	3000.000	6278.347	3562.500	3562.500
56	Spectrogram 1	1	63.676953362	63.677953362	3000.000	6278.347	3468.750	3375.000
57	Spectrogram 1	1	63.677953362	63.678953362	3000.000	6278.347	3468.750	3375.000
58	Spectrogram 1	1	63.678953362	63.679953362	3000.000	6278.347	3468.750	3375.000
59	Spectrogram 1	1	63.679953362	63.680953362	3000.000	6278.347	3468.750	3375.000
60	Spectrogram 1	1	63.680953362	63.681953362	3000.000	6278.347	3468.750	3375.000
61	Spectrogram 1	1	63.681953362	63.682953362	3000.000	6278.347	3468.750	3375.000
62	Spectrogram 1	1	63.682953362	63.683953362	3000.000	6278.347	3375.000	3375.000
63	Spectrogram 1	1	63.683953362	63.684953362	3000.000	6278.347	3375.000	3375.000
64	Spectrogram 1	1	63.684953362	63.685953362	3000.000	6278.347	3375.000	3375.000
65	Spectrogram 1	1	63.685953362	63.686953362	3000.000	6278.347	3375.000	3375.000
66	Spectrogram 1	1	63.686953362	63.687953362	3000.000	6278.347	3375.000	3375.000
67	Spectrogram 1	1	63.687953362	63.688953362	3000.000	6278.347	3468.750	3375.000
68	Spectrogram 1	1	63.688953362	63.689953362	3000.000	6278.347	3468.750	3375.000
69	Spectrogram 1	1	63.689953362	63.690953362	3000.000	6278.347	3468.750	3375.000
70	Spectrogram 1	1	63.690953362	63.691953362	3000.000	6278.347	3468.750	3375.000
71	Spectrogram 1	1	63.691953362	63.692953362	3000.000	6278.347	3468.750	3375.000
72	Spectrogram 1	1	63.692953362	63.693953362	3000.000	6278.347	3562.500	3562.500
73	Spectrogram 1	1	63.693953362	63.694953362	3000.000	6278.347	3562.500	3562.500
74	Spectrogram 1	1	63.694953362	63.695953362	3000.000	6278.347	3562.500	3562.500
75	Spectrogram 1	1	63.695953362	63.696953362	3000.000	6278.347	3562.500	3562.500
76	Spectrogram 1	1	63.696953362	63.697953362	3000.000	6278.347	3562.500	3562.500
77	Spectrogram 1	1	63.697953362	63.698953362	3000.000	6278.347	3562.500	3562.500
78	Spectrogram 1	1	63.698953362	63.699953362	3000.000	6278.347	3562.500	3562.500
79	Spectrogram 1	1	63.699953362	63.700953362	3000.000	6278.347	3562.500	3562.500
80	Spectrogram 1	1	63.700953362	63.701953362	3000.000	6278.347	3562.500	3562.500
81	Spectrogram 1	1	63.701953362	63.702953362	3000.000	6278.347	3562.500	3562.500
82	Spectrogram 1	1	63.702953362	63.703953362	3000.000	6278.347	3562.500	3562.500
83	Spectrogram 1	1	63.703953362	63.704953362	3000.000	6278.347	3468.750	3468.750
84	Spectrogram 1	1	63.704953362	63.705953362	3000.000	6278.347	3468.750	3468.750
85	Spectrogram 1	1	63.705953362	63.706953362	3000.000	6278.347	3468.750	3468.750
86	Spectrogram 1	1	63.706953362	63.707953362	3000.000	6278.347	3468.750	3468.750
87	Spectrogram 1	1	63.707953362	63.708953362	3000.000	6278.347	3468.750	3468.750
88	Spectrogram 1	1	63.708953362	63.709953362	3000.000	6278.347	3375.000	3375.000
89	Spectrogram 1	1	63.709953362	63.710953362	3000.000	6278.347	3375.000	3375.000
90	Spectrogram 1	1	63.710953362	63.711953362	3000.000	6278.347	3375.000	3375.000
91	Spectrogram 1	1	63.711953362	63.712953362	3000.000	6278.347	3375.000	3375.000
92	Spectrogram 1	1	63.712953362	63.713953362	3000.000	6278.347	3375.000	3375.000
93	Spectrogram 1	1	63.713953362	63.714953362	3000.000	6278.347	3375.000	3375.000
94	Spectrogram 1	1	63.714953362	63.715953362	3000.000	6278.347	3281.250	3187.500
95	Spectrogram 1	1	63.715953362	63.716953362	3000.000	6278.347	3281.250	3187.500
96	Spectrogram 1	1	63.716953362	63.717953362	3000.000	6278.347	3281.250	3187.500
97	Spectrogram 1	1	63.717953362	63.718953362	3000.000	6278.347	3281.250	3187.500
98	Spectrogram 1	1	63.718953362	63.719953362	3000.000	6278.347	3281.250	3187.500
99	Spectrogram 1	1	63.719953362	63.720953362	3000.000	6278.347	3281.250	3187.500
100	Spectrogram 1	1	63.720953362	63.721953362	3000.000	6278.347	3281.250	3187.500
101	Spectrogram 1	1	63.721953362	63.722953362	3000.000	6278.347	3281.250	3187.500
102	Spectrogram 1	1	63.722953362	63.723953362	3000.000	6278.347	3281.250	3187.500
103	Spectrogram 1	1	63.723953362	63.724953362	3000.000	6278.347	3281.250	3187.500
104	Spectrogram 1	1	63.724953362	63.725953362	3000.000	6278.347	3187.500	3187.500
105	Spectrogram 1	1	63.725953362	63.726953362	3000.000	6278.347	3187.500	3187.500
106	Spectrogram 1	1	63.726953362	63.727953362	3000.000	6278.347	3187.500	3187.500
107	Spectrogram 1	1	63.727953362	63.728953362	3000.000	6278.347	3187.500	3187.500
108	Spectrogram 1	1	63.728953362	63.729953362	3000.000	6278.347	3187.500	3187.500
109	Spectrogram 1	1	63.729953362	63.730953362	3000.000	6278.347	3187.500	3187.500
110	Spectrogram 1	1	63.730953362	63.731953362	3000.000	6278.347	3375.000	3375.000
111	Spectrogram 1	1	63.731953362	63.732953362	3000.000	6278.347	3375.000	3375.000
112	Spectrogram 1	1	63.732953362	63.733953362	3000.000	6278.347	3375.000	3375.000
113	Spectrogram 1	1	63.733953362	63.734953362	3000.000	6278.347	3375.000	3375.000
114	Spectrogram 1	1	63.734953362	63.735953362	3000.000	6278.347	3375.000	3375.000
115	Spectrogram 1	1	63.735953362	63.736953362	3000.000	6278.347	4312.500	4500.000
116	Spectrogram 1	1	63.736953362	63.737953362	3000.000	6278.347	4312.500	4500.000
117	Spectrogram 1	1	63.737953362	63.738953362	3000.000	6278.347	4312.500	4500.000
118	Spectrogram 1	1	63.738953362	63.739953362	3000.000	6278.347	4312.500	4500.000
119	Spectrogram 1	1	63.739953362	63.740953362	3000.000	6278.347	4312.500	4500.000
120	Spectrogram 1	1	63.740953362	63.741953362	3000.000	6278.347	4687.500	4781.250
121	Spectrogram 1	1	63.741953362	63.742953362	3000.000	6278.347	4687.500	4781.250
122	Spectrogram 1	1	63.742953362	63.743953362	3000.000	6278.347	4687.500	4781.250
123	Spectrogram 1	1	63.743953362	63.744953362	3000.000	6278.347	4687.500	4781.250
124	Spectrogram 1	1	63.744953362	63.745953362	3000.000	6278.347	4687.500	4781.250
125	Spectrogram 1	1	63.745953362	63.746953362	3000.000	6278.347	4687.500	4781.250
126	Spectrogram 1	1	63.746953362	63.747953362	3000.000	6278.347	4968.750	4968.750
127	Spectrogram 1	1	63.747953362	63.748953362	3000.000	6278.347	4968.750	4968.750
128	Spectrogram 1	1	63.748953362	63.749953362	3000.000	6278.347	4968.750	4968.750
129	Spectrogram 1	1	63.749953362	63.750953362	3000.000	6278.347	4968.750	4968.750
130	Spectrogram 1	1	63.750953362	63.751953362	3000.000	6278.347	4968.750	4968.750
131	Spectrogram 1	1	63.751953362	63.752953362	3000.000	6278.347	4875.000	4875.000
132	Spectrogram 1	1	63.752953362	63.753953362	3000.000	6278.347	4875.000	4875.000
133	Spectrogram 1	1	63.753953362	63.754953362	3000.000	6278.347	4875.000	4875.000
134	Spectrogram 1	1	63.754953362	63.755953362	3000.000	6278.347	4875.000	4875.000
135	Spectrogram 1	1	63.755953362	63.756953362	3000.000	6278.347	4875.000	4875.000
136	Spectrogram 1	1	63.756953362	63.757953362	3000.000	6278.347	4781.250	4781.250
137	Spectrogram 1	1	63.757953362	63.758953362	3000.000	6278.347	4781.250	4781.250
138	Spectrogram 1	1	63.758953362	63.759953362	3000.000	6278.347	4781.250	4781.250
139	Spectrogram 1	1	63.759953362	63.760953362	3000.000	6278.347	4781.250	4781.250
140	Spectrogram 1	1	63.760953362	63.761953362	3000.000	6278.347	4781.250	4781.250
141	Spectrogram 1	1	63.761953362	63.762953362	3000.000	6278.347	4781.250	4781.250
142	Spectrogram 1	1	63.762953362	63.763953362	3000.000	6278.347	4406.250	4406.250
143	Spectrogram 1	1	63.763953362	63.764953362	3000.000	6278.347	4406.250	4406.250
144	Spectrogram 1	1	63.764953362	63.765953362	3000.000	6278.347	4406.250	4406.250
145	Spectrogram 1	1	63.765953362	63.766953362	3000.000	6278.347	4406.250	4406.250
146	Spectrogram 1	1	63.766953362	63.767953362	3000.000	6278.347	4406.250	4406.250
147	Spectrogram 1	1	63.767953362	63.768953362	3000.000	6278.347	4406.250	4406.250
148	Spectrogram 1	1	63.768953362	63.769953362	3000.000	6278.347	4406.250	4406.250
149	Spectrogram 1	1	63.769953362	63.770953362	3000.000	6278.347	4406.250	4406.250
150	Spectrogram 1	1	63.770953362	63.771953362	3000.000	6278.347	4406.250	4406.250
151	Spectrogram 1	1	63.771953362	63.772953362	3000.000	6278.347	4406.250	4406.250
152	Spectrogram 1	1	63.772953362	63.773953362	3000.000	6278.347	4312.500	4312.500
153	Spectrogram 1	1	63.773953362	63.774953362	3000.000	6278.347	4312.500	4312.500
154	Spectrogram 1	1	63.774953362	63.775953362	3000.000	6278.347	4312.500	4312.500
155	Spectrogram 1	1	63.775953362	63.776953362	3000.000	6278.347	4312.500	4312.500
156	Spectrogram 1	1	63.776953362	63.777953362	3000.000	6278.347	4312.500	4312.500
157	Spectrogram 1	1	63.777953362	63.778953362	3000.000	6278.347	4312.500	4312.500
158	Spectrogram 1	1	63.778953362	63.779953362	3000.000	6278.347	4406.250	4406.250
159	Spectrogram 1	1	63.779953362	63.780953362	3000.000	6278.347	4406.250	4406.250
160	Spectrogram 1	1	63.780953362	63.781953362	3000.000	6278.347	4406.250	4406.250
161	Spectrogram 1	1	63.781953362	63.782953362	3000.000	6278.347	4406.250	4406.250
162	Spectrogram 1	1	63.782953362	63.783953362	3000.000	6278.347	4406.250	4406.250
163	Spectrogram 1	1	63.783953362	63.784953362	3000.000	6278.347	4593.750	4500.000
164	Spectrogram 1	1	63.784953362	63.785953362	3000.000	6278.347	4593.750	4500.000
165	Spectrogram 1	1	63.785953362	63.786953362	3000.000	6278.347	4593.750	4500.000
166	Spectrogram 1	1	63.786953362	63.787953362	3000.000	6278.347	4593.750	4500.000
167	Spectrogram 1	1	63.787953362	63.788953362	3000.000	6278.347	4593.750	4500.000
168	Spectrogram 1	1	63.788953362	63.789953362	3000.000	6278.347	4593.750	4593.750
169	Spectrogram 1	1	63.789953362	63.790953362	3000.000	6278.347	4593.750	4593.750
170	Spectrogram 1	1	63.790953362	63.791953362	3000.000	6278.347	4593.750	4593.750
171	Spectrogram 1	1	63.791953362	63.792953362	3000.000	6278.347	4593.750	4593.750
172	Spectrogram 1	1	63.792953362	63.793953362	3000.000	6278.347	4593.750	4593.750
173	Spectrogram 1	1	63.793953362	63.794953362	3000.000	6278.347	4593.750	4593.750
174	Spectrogram 1	1	63.794953362	63.795953362	3000.000	6278.347	4781.250	4875.000
175	Spectrogram 1	1	63.795953362	63.796953362	3000.000	6278.347	4781.250	4875.000
176	Spectrogram 1	1	63.796953362	63.797953362	3000.000	6278.347	4781.250	4875.000
177	Spectrogram 1	1	63.797953362	63.798953362	3000.000	6278.347	4781.250	4875.000
178	Spectrogram 1	1	63.798953362	63.799953362	3000.000	6278.347	4781.250	4875.000
179	Spectrogram 1	1	63.799953362	63.800953362	3000.000	6278.347	4875.000	5343.750
180	Spectrogram 1	1	63.800953362	63.801953362	3000.000	6278.347	4875.000	5343.750
181	Spectrogram 1	1	63.801953362	63.802953362	3000.000	6278.347	4875.000	5343.750
182	Spectrogram 1	1	63.802953362	63.803953362	3000.000	6278.347	4875.000	5343.750
183	Spectrogram 1	1	63.803953362	63.804953362	3000.000	6278.347	4875.000	5343.750
184	Spectrogram 1	1	63.804953362	63.805953362	3000.000	6278.347	4593.750	4500.000
185	Spectrogram 1	1	63.805953362	63.806953362	3000.000	6278.347	4593.750	4500.000
186	Spectrogram 1	1	63.806953362	63.807953362	3000.000	6278.347	4593.750	4500.000
187	Spectrogram 1	1	63.807953362	63.808953362	3000.000	6278.347	4593.750	4500.000
188	Spectrogram 1	1	63.808953362	63.809953362	3000.000	6278.347	4593.750	4500.000
189	Spectrogram 1	1	63.809953362	63.810953362	3000.000	6278.347	4593.750	4500.000
190	Spectrogram 1	1	63.810953362	63.811953362	3000.000	6278.347	5343.750	4781.250
191	Spectrogram 1	1	63.811953362	63.812953362	3000.000	6278.347	5343.750	4781.250
192	Spectrogram 1	1	63.812953362	63.813953362	3000.000	6278.347	5343.750	4781.250
193	Spectrogram 1	1	63.813953362	63.814953362	3000.000	6278.347	5343.750	4781.250
194	Spectrogram 1	1	63.814953362	63.815953362	3000.000	6278.347	5343.750	4781.250
195	Spectrogram 1	1	63.815953362	63.816953362	3000.000	6278.347	6000.000	6093.750
196	Spectrogram 1	1	63.816953362	63.817953362	3000.000	6278.347	6000.000	6093.750
197	Spectrogram 1	1	63.817953362	63.818953362	3000.000	6278.347	6000.000	6093.750
198	Spectrogram 1	1	63.818953362	63.819953362	3000.000	6278.347	6000.000	6093.750
199	Spectrogram 1	1	63.819953362	63.820953362	3000.000	6278.347	6000.000	6093.750
200	Spectrogram 1	1	63.820953362	63.821953362	3000.000	6278.347	6000.000	6000.000
201	Spectrogram 1	1	63.821953362	63.822953362	3000.000	6278.347	6000.000	6000.000
202	Spectrogram 1	1	63.822953362	63.823953362	3000.000	6278.347	6000.000	6000.000
203	Spectrogram 1	1	63.823953362	63.824953362	3000.000	6278.347	6000.000	6000.000
204	Spectrogram 1	1	63.824953362	63.825953362	3000.000	6278.347	6000.000	6000.000
205	Spectrogram 1	1	63.825953362	63.826953362	3000.000	6278.347	6000.000	6000.000
206	Spectrogram 1	1	63.826953362	63.827953362	3000.000	6278.347	5062.500	4875.000
207	Spectrogram 1	1	63.827953362	63.828953362	3000.000	6278.347	5062.500	4875.000
208	Spectrogram 1	1	63.828953362	63.829953362	3000.000	6278.347	5062.500	4875.000
209	Spectrogram 1	1	63.829953362	63.830953362	3000.000	6278.347	5062.500	4875.000
210	Spectrogram 1	1	63.830953362	63.831953362	3000.000	6278.347	5062.500	4875.000
211	Spectrogram 1	1	63.831953362	63.832953362	3000.000	6278.347	4687.500	4406.250
212	Spectrogram 1	1	63.832953362	63.833953362	3000.000	6278.347	4687.500	4406.250
213	Spectrogram 1	1	63.833953362	63.834953362	3000.000	6278.347	4687.500	4406.250
214	Spectrogram 1	1	63.834953362	63.835953362	3000.000	6278.347	4687.500	4406.250
215	Spectrogram 1	1	63.835953362	63.836953362	3000.000	6278.347	4687.500	4406.250
216	Spectrogram 1	1	63.836953362	63.837953362	3000.000	6278.347	5062.500	6093.750
217	Spectrogram 1	1	63.837953362	63.838953362	3000.000	6278.347	5062.500	6093.750
218	Spectrogram 1	1	63.838953362	63.839953362	3000.000	6278.347	5062.500	6093.750
219	Spectrogram 1	1	63.839953362	63.840953362	3000.000	6278.347	5062.500	6093.750
220	Spectrogram 1	1	63.840953362	63.841953362	3000.000	6278.347	5062.500	6093.750
221	Spectrogram 1	1	63.841953362	63.842953362	3000.000	6278.347	5062.500	6093.750
222	Spectrogram 1	1	63.842953362	63.843953362	3000.000	6278.347	5156.250	5062.500
223	Spectrogram 1	1	63.843953362	63.844615529	3000.000	6278.347	5156.250	5062.500
