Selection	View	Channel	Begin Time (s)	End Time (s)	Low Freq (Hz)	High Freq (Hz)	Center Freq (Hz)	Peak Freq (Hz)
1	Spectrogram 1	1	30.653500000	30.654500000	2886.076	6303.797	4500.000	4500.000
2	Spectrogram 1	1	30.654500000	30.655500000	2886.076	6303.797	4500.000	4500.000
3	Spectrogram 1	1	30.655500000	30.656500000	2886.076	6303.797	4500.000	4500.000
4	Spectrogram 1	1	30.656500000	30.657500000	2886.076	6303.797	4500.000	4500.000
5	Spectrogram 1	1	30.657500000	30.658500000	2886.076	6303.797	4500.000	4500.000
6	Spectrogram 1	1	30.658500000	30.659500000	2886.076	6303.797	4968.750	4968.750
7	Spectrogram 1	1	30.659500000	30.660500000	2886.076	6303.797	4968.750	4968.750
8	Spectrogram 1	1	30.660500000	30.661500000	2886.076	6303.797	4968.750	4968.750
9	Spectrogram 1	1	30.661500000	30.662500000	2886.076	6303.797	4968.750	4968.750
10	Spectrogram 1	1	30.662500000	30.663500000	2886.076	6303.797	4968.750	4968.750
11	Spectrogram 1	1	30.663500000	30.664500000	2886.076	6303.797	5343.750	5343.750
12	Spectrogram 1	1	30.664500000	30.665500000	2886.076	6303.797	5343.750	5343.750
13	Spectrogram 1	1	30.665500000	30.666500000	2886.076	6303.797	5343.750	5343.750
14	Spectrogram 1	1	30.666500000	30.667500000	2886.076	6303.797	5343.750	5343.750
15	Spectrogram 1	1	30.667500000	30.668500000	2886.076	6303.797	5343.750	5343.750
16	Spectrogram 1	1	30.668500000	30.669500000	2886.076	6303.797	5343.750	5343.750
17	Spectrogram 1	1	30.669500000	30.670500000	2886.076	6303.797	5156.250	5250.000
18	Spectrogram 1	1	30.670500000	30.671500000	2886.076	6303.797	5156.250	5250.000
19	Spectrogram 1	1	30.671500000	30.672500000	2886.076	6303.797	5156.250	5250.000
20	Spectrogram 1	1	30.672500000	30.673500000	2886.076	6303.797	5156.250	5250.000
21	Spectrogram 1	1	30.673500000	30.674500000	2886.076	6303.797	5156.250	5250.000
22	Spectrogram 1	1	30.674500000	30.675500000	2886.076	6303.797	4687.500	4593.750
23	Spectrogram 1	1	30.675500000	30.676500000	2886.076	6303.797	4687.500	4593.750
24	Spectrogram 1	1	30.676500000	30.677500000	2886.076	6303.797	4687.500	4593.750
25	Spectrogram 1	1	30.677500000	30.678500000	2886.076	6303.797	4687.500	4593.750
26	Spectrogram 1	1	30.678500000	30.679500000	2886.076	6303.797	4687.500	4593.750
27	Spectrogram 1	1	30.679500000	30.680500000	2886.076	6303.797	4406.250	4406.250
28	Spectrogram 1	1	30.680500000	30.681500000	2886.076	6303.797	4406.250	4406.250
29	Spectrogram 1	1	30.681500000	30.682500000	2886.076	6303.797	4406.250	4406.250
30	Spectrogram 1	1	30.682500000	30.683500000	2886.076	6303.797	4406.250	4406.250
31	Spectrogram 1	1	30.683500000	30.684500000	2886.076	6303.797	4406.250	4406.250
32	Spectrogram 1	1	30.684500000	30.685500000	2886.076	6303.797	4406.250	4406.250
33	Spectrogram 1	1	30.685500000	30.686500000	2886.076	6303.797	4218.750	4218.750
34	Spectrogram 1	1	30.686500000	30.687500000	2886.076	6303.797	4218.750	4218.750
35	Spectrogram 1	1	30.687500000	30.688500000	2886.076	6303.797	4218.750	4218.750
36	Spectrogram 1	1	30.688500000	30.689500000	2886.076	6303.797	4218.750	4218.750
37	Spectrogram 1	1	30.689500000	30.690500000	2886.076	6303.797	4218.750	4218.750
38	Spectrogram 1	1	30.690500000	30.691500000	2886.076	6303.797	3937.500	3937.500
39	Spectrogram 1	1	30.691500000	30.692500000	2886.076	6303.797	3937.500	3937.500
40	Spectrogram 1	1	30.692500000	30.693500000	2886.076	6303.797	3937.500	3937.500
41	Spectrogram 1	1	30.693500000	30.694500000	2886.076	6303.797	3937.500	3937.500
42	Spectrogram 1	1	30.694500000	30.695500000	2886.076	6303.797	3937.500	3937.500
43	Spectrogram 1	1	30.695500000	30.696500000	2886.076	6303.797	3656.250	3656.250
44	Spectrogram 1	1	30.696500000	30.697500000	2886.076	6303.797	3656.250	3656.250
45	Spectrogram 1	1	30.697500000	30.698500000	2886.076	6303.797	3656.250	3656.250
46	Spectrogram 1	1	30.698500000	30.699500000	2886.076	6303.797	3656.250	3656.250
47	Spectrogram 1	1	30.699500000	30.700500000	2886.076	6303.797	3656.250	3656.250
48	Spectrogram 1	1	30.700500000	30.701500000	2886.076	6303.797	3656.250	3656.250
49	Spectrogram 1	1	30.701500000	30.702500000	2886.076	6303.797	3468.750	3468.750
50	Spectrogram 1	1	30.702500000	30.703500000	2886.076	6303.797	3468.750	3468.750
51	Spectrogram 1	1	30.703500000	30.704500000	2886.076	6303.797	3468.750	3468.750
52	Spectrogram 1	1	30.704500000	30.705500000	2886.076	6303.797	3468.750	3468.750
53	Spectrogram 1	1	30.705500000	30.706500000	2886.076	6303.797	3468.750	3468.750
54	Spectrogram 1	1	30.706500000	30.707500000	2886.076	6303.797	3375.000	3281.250
55	Spectrogram 1	1	30.707500000	30.708500000	2886.076	6303.797	3375.000	3281.250
56	Spectrogram 1	1	30.708500000	30.709500000	2886.076	6303.797	3375.000	3281.250
57	Spectrogram 1	1	30.709500000	30.710500000	2886.076	6303.797	3375.000	3281.250
58	Spectrogram 1	1	30.710500000	30.711500000	2886.076	6303.797	3375.000	3281.250
59	Spectrogram 1	1	30.711500000	30.712500000	2886.076	6303.797	3281.250	3187.500
60	Spectrogram 1	1	30.712500000	30.713500000	2886.076	6303.797	3281.250	3187.500
61	Spectrogram 1	1	30.713500000	30.714500000	2886.076	6303.797	3281.250	3187.500
62	Spectrogram 1	1	30.714500000	30.715500000	2886.076	6303.797	3281.250	3187.500
63	Spectrogram 1	1	30.715500000	30.716500000	2886.076	6303.797	3281.250	3187.500
64	Spectrogram 1	1	30.716500000	30.717500000	2886.076	6303.797	3281.250	3187.500
65	Spectrogram 1	1	30.717500000	30.718500000	2886.076	6303.797	3187.500	3093.750
66	Spectrogram 1	1	30.718500000	30.719500000	2886.076	6303.797	3187.500	3093.750
67	Spectrogram 1	1	30.719500000	30.720500000	2886.076	6303.797	3187.500	3093.750
68	Spectrogram 1	1	30.720500000	30.721500000	2886.076	6303.797	3187.500	3093.750
69	Spectrogram 1	1	30.721500000	30.722500000	2886.076	6303.797	3187.500	3093.750
70	Spectrogram 1	1	30.722500000	30.723500000	2886.076	6303.797	3187.500	3187.500
71	Spectrogram 1	1	30.723500000	30.724500000	2886.076	6303.797	3187.500	3187.500
72	Spectrogram 1	1	30.724500000	30.725500000	2886.076	6303.797	3187.500	3187.500
73	Spectrogram 1	1	30.725500000	30.726500000	2886.076	6303.797	3187.500	3187.500
74	Spectrogram 1	1	30.726500000	30.727500000	2886.076	6303.797	3187.500	3187.500
75	Spectrogram 1	1	30.727500000	30.728500000	2886.076	6303.797	3937.500	3093.750
76	Spectrogram 1	1	30.728500000	30.729500000	2886.076	6303.797	3937.500	3093.750
77	Spectrogram 1	1	30.729500000	30.730500000	2886.076	6303.797	3937.500	3093.750
78	Spectrogram 1	1	30.730500000	30.731500000	2886.076	6303.797	3937.500	3093.750
79	Spectrogram 1	1	30.731500000	30.732500000	2886.076	6303.797	3937.500	3093.750
80	Spectrogram 1	1	30.732500000	30.733500000	2886.076	6303.797	3937.500	3093.750
81	Spectrogram 1	1	30.733500000	30.734500000	2886.076	6303.797	3843.750	3281.250
82	Spectrogram 1	1	30.734500000	30.735500000	2886.076	6303.797	3843.750	3281.250
83	Spectrogram 1	1	30.735500000	30.736500000	2886.076	6303.797	3843.750	3281.250
84	Spectrogram 1	1	30.736500000	30.737500000	2886.076	6303.797	3843.750	3281.250
85	Spectrogram 1	1	30.737500000	30.738500000	2886.076	6303.797	3843.750	3281.250
86	Spectrogram 1	1	30.738500000	30.739500000	2886.076	6303.797	3281.250	3281.250
87	Spectrogram 1	1	30.739500000	30.740500000	2886.076	6303.797	3281.250	3281.250
88	Spectrogram 1	1	30.740500000	30.741500000	2886.076	6303.797	3281.250	3281.250
89	Spectrogram 1	1	30.741500000	30.742500000	2886.076	6303.797	3281.250	3281.250
90	Spectrogram 1	1	30.742500000	30.743500000	2886.076	6303.797	3281.250	3281.250
91	Spectrogram 1	1	30.743500000	30.744500000	2886.076	6303.797	3187.500	3187.500
92	Spectrogram 1	1	30.744500000	30.745500000	2886.076	6303.797	3187.500	3187.500
93	Spectrogram 1	1	30.745500000	30.746500000	2886.076	6303.797	3187.500	3187.500
94	Spectrogram 1	1	30.746500000	30.747500000	2886.076	6303.797	3187.500	3187.500
95	Spectrogram 1	1	30.747500000	30.748500000	2886.076	6303.797	3187.500	3187.500
96	Spectrogram 1	1	30.748500000	30.749500000	2886.076	6303.797	3187.500	3187.500
97	Spectrogram 1	1	30.749500000	30.750500000	2886.076	6303.797	3187.500	3187.500
98	Spectrogram 1	1	30.750500000	30.751500000	2886.076	6303.797	3187.500	3187.500
99	Spectrogram 1	1	30.751500000	30.752500000	2886.076	6303.797	3187.500	3187.500
100	Spectrogram 1	1	30.752500000	30.753500000	2886.076	6303.797	3187.500	3187.500
101	Spectrogram 1	1	30.753500000	30.754500000	2886.076	6303.797	3187.500	3187.500
102	Spectrogram 1	1	30.754500000	30.755500000	2886.076	6303.797	3187.500	3187.500
103	Spectrogram 1	1	30.755500000	30.756500000	2886.076	6303.797	3187.500	3187.500
104	Spectrogram 1	1	30.756500000	30.757500000	2886.076	6303.797	3187.500	3187.500
105	Spectrogram 1	1	30.757500000	30.758500000	2886.076	6303.797	3187.500	3187.500
106	Spectrogram 1	1	30.758500000	30.759500000	2886.076	6303.797	3187.500	3187.500
107	Spectrogram 1	1	30.759500000	30.760500000	2886.076	6303.797	4031.250	3093.750
108	Spectrogram 1	1	30.760500000	30.761500000	2886.076	6303.797	4031.250	3093.750
109	Spectrogram 1	1	30.761500000	30.762500000	2886.076	6303.797	4031.250	3093.750
110	Spectrogram 1	1	30.762500000	30.763500000	2886.076	6303.797	4031.250	3093.750
111	Spectrogram 1	1	30.763500000	30.764500000	2886.076	6303.797	4031.250	3093.750
112	Spectrogram 1	1	30.764500000	30.765500000	2886.076	6303.797	4031.250	3093.750
113	Spectrogram 1	1	30.765500000	30.766500000	2886.076	6303.797	3656.250	3093.750
114	Spectrogram 1	1	30.766500000	30.767500000	2886.076	6303.797	3656.250	3093.750
115	Spectrogram 1	1	30.767500000	30.768500000	2886.076	6303.797	3656.250	3093.750
116	Spectrogram 1	1	30.768500000	30.769500000	2886.076	6303.797	3656.250	3093.750
117	Spectrogram 1	1	30.769500000	30.770500000	2886.076	6303.797	3656.250	3093.750
118	Spectrogram 1	1	30.770500000	30.771500000	2886.076	6303.797	4031.250	3093.750
119	Spectrogram 1	1	30.771500000	30.772500000	2886.076	6303.797	4031.250	3093.750
120	Spectrogram 1	1	30.772500000	30.773500000	2886.076	6303.797	4031.250	3093.750
121	Spectrogram 1	1	30.773500000	30.774500000	2886.076	6303.797	4031.250	3093.750
122	Spectrogram 1	1	30.774500000	30.775500000	2886.076	6303.797	4031.250	3093.750
123	Spectrogram 1	1	30.775500000	30.776500000	2886.076	6303.797	3843.750	3187.500
124	Spectrogram 1	1	30.776500000	30.777500000	2886.076	6303.797	3843.750	3187.500
125	Spectrogram 1	1	30.777500000	30.778500000	2886.076	6303.797	3843.750	3187.500
126	Spectrogram 1	1	30.778500000	30.779500000	2886.076	6303.797	3843.750	3187.500
127	Spectrogram 1	1	30.779500000	30.780500000	2886.076	6303.797	3843.750	3187.500
128	Spectrogram 1	1	30.780500000	30.781500000	2886.076	6303.797	3843.750	3187.500
129	Spectrogram 1	1	30.781500000	30.782500000	2886.076	6303.797	4406.250	5343.750
130	Spectrogram 1	1	30.782500000	30.783500000	2886.076	6303.797	4406.250	5343.750
131	Spectrogram 1	1	30.783500000	30.784500000	2886.076	6303.797	4406.250	5343.750
132	Spectrogram 1	1	30.784500000	30.785500000	2886.076	6303.797	4406.250	5343.750
133	Spectrogram 1	1	30.785500000	30.786500000	2886.076	6303.797	4406.250	5343.750
134	Spectrogram 1	1	30.786500000	30.787500000	2886.076	6303.797	5062.500	5062.500
135	Spectrogram 1	1	30.787500000	30.788500000	2886.076	6303.797	5062.500	5062.500
136	Spectrogram 1	1	30.788500000	30.789500000	2886.076	6303.797	5062.500	5062.500
137	Spectrogram 1	1	30.789500000	30.790500000	2886.076	6303.797	5062.500	5062.500
138	Spectrogram 1	1	30.790500000	30.791500000	2886.076	6303.797	5062.500	5062.500
139	Spectrogram 1	1	30.791500000	30.792500000	2886.076	6303.797	5062.500	5062.500
140	Spectrogram 1	1	30.792500000	30.793500000	2886.076	6303.797	5062.500	5062.500
141	Spectrogram 1	1	30.793500000	30.794500000	2886.076	6303.797	5062.500	5062.500
142	Spectrogram 1	1	30.794500000	30.795500000	2886.076	6303.797	5062.500	5062.500
143	Spectrogram 1	1	30.795500000	30.796500000	2886.076	6303.797	5062.500	5062.500
144	Spectrogram 1	1	30.796500000	30.797500000	2886.076	6303.797	5062.500	5062.500
145	Spectrogram 1	1	30.797500000	30.798500000	2886.076	6303.797	4875.000	4875.000
146	Spectrogram 1	1	30.798500000	30.799500000	2886.076	6303.797	4875.000	4875.000
147	Spectrogram 1	1	30.799500000	30.800500000	2886.076	6303.797	4875.000	4875.000
148	Spectrogram 1	1	30.800500000	30.801500000	2886.076	6303.797	4875.000	4875.000
149	Spectrogram 1	1	30.801500000	30.802500000	2886.076	6303.797	4875.000	4875.000
150	Spectrogram 1	1	30.802500000	30.803500000	2886.076	6303.797	4687.500	4687.500
151	Spectrogram 1	1	30.803500000	30.804500000	2886.076	6303.797	4687.500	4687.500
152	Spectrogram 1	1	30.804500000	30.805500000	2886.076	6303.797	4687.500	4687.500
153	Spectrogram 1	1	30.805500000	30.806500000	2886.076	6303.797	4687.500	4687.500
154	Spectrogram 1	1	30.806500000	30.807500000	2886.076	6303.797	4687.500	4687.500
155	Spectrogram 1	1	30.807500000	30.808500000	2886.076	6303.797	4593.750	4593.750
156	Spectrogram 1	1	30.808500000	30.809500000	2886.076	6303.797	4593.750	4593.750
157	Spectrogram 1	1	30.809500000	30.810500000	2886.076	6303.797	4593.750	4593.750
158	Spectrogram 1	1	30.810500000	30.811500000	2886.076	6303.797	4593.750	4593.750
159	Spectrogram 1	1	30.811500000	30.812500000	2886.076	6303.797	4593.750	4593.750
160	Spectrogram 1	1	30.812500000	30.813500000	2886.076	6303.797	4593.750	4593.750
161	Spectrogram 1	1	30.813500000	30.814500000	2886.076	6303.797	4500.000	4500.000
162	Spectrogram 1	1	30.814500000	30.815500000	2886.076	6303.797	4500.000	4500.000
163	Spectrogram 1	1	30.815500000	30.816500000	2886.076	6303.797	4500.000	4500.000
164	Spectrogram 1	1	30.816500000	30.817500000	2886.076	6303.797	4500.000	4500.000
165	Spectrogram 1	1	30.817500000	30.818500000	2886.076	6303.797	4500.000	4500.000
166	Spectrogram 1	1	30.818500000	30.819500000	2886.076	6303.797	4406.250	4406.250
167	Spectrogram 1	1	30.819500000	30.820500000	2886.076	6303.797	4406.250	4406.250
168	Spectrogram 1	1	30.820500000	30.821500000	2886.076	6303.797	4406.250	4406.250
169	Spectrogram 1	1	30.821500000	30.822500000	2886.076	6303.797	4406.250	4406.250
170	Spectrogram 1	1	30.822500000	30.823500000	2886.076	6303.797	4406.250	4406.250
171	Spectrogram 1	1	30.823500000	30.824500000	2886.076	6303.797	4406.250	4406.250
172	Spectrogram 1	1	30.824500000	30.825500000	2886.076	6303.797	4406.250	4406.250
173	Spectrogram 1	1	30.825500000	30.826500000	2886.076	6303.797	4406.250	4406.250
174	Spectrogram 1	1	30.826500000	30.827500000	2886.076	6303.797	4406.250	4406.250
175	Spectrogram 1	1	30.827500000	30.828500000	2886.076	6303.797	4406.250	4406.250
176	Spectrogram 1	1	30.828500000	30.829500000	2886.076	6303.797	4406.250	4406.250
177	Spectrogram 1	1	30.829500000	30.830500000	2886.076	6303.797	4500.000	4500.000
178	Spectrogram 1	1	30.830500000	30.831500000	2886.076	6303.797	4500.000	4500.000
179	Spectrogram 1	1	30.831500000	30.832500000	2886.076	6303.797	4500.000	4500.000
180	Spectrogram 1	1	30.832500000	30.833500000	2886.076	6303.797	4500.000	4500.000
181	Spectrogram 1	1	30.833500000	30.834500000	2886.076	6303.797	4500.000	4500.000
182	Spectrogram 1	1	30.834500000	30.835500000	2886.076	6303.797	4687.500	4687.500
183	Spectrogram 1	1	30.835500000	30.836500000	2886.076	6303.797	4687.500	4687.500
184	Spectrogram 1	1	30.836500000	30.837500000	2886.076	6303.797	4687.500	4687.500
185	Spectrogram 1	1	30.837500000	30.838500000	2886.076	6303.797	4687.500	4687.500
186	Spectrogram 1	1	30.838500000	30.839500000	2886.076	6303.797	4687.500	4687.500
187	Spectrogram 1	1	30.839500000	30.840500000	2886.076	6303.797	4968.750	4968.750
188	Spectrogram 1	1	30.840500000	30.841500000	2886.076	6303.797	4968.750	4968.750
189	Spectrogram 1	1	30.841500000	30.842500000	2886.076	6303.797	4968.750	4968.750
190	Spectrogram 1	1	30.842500000	30.843500000	2886.076	6303.797	4968.750	4968.750
191	Spectrogram 1	1	30.843500000	30.844500000	2886.076	6303.797	4968.750	4968.750
192	Spectrogram 1	1	30.844500000	30.845500000	2886.076	6303.797	4968.750	4968.750
193	Spectrogram 1	1	30.845500000	30.846500000	2886.076	6303.797	4593.750	4500.000
194	Spectrogram 1	1	30.846500000	30.847500000	2886.076	6303.797	4593.750	4500.000
195	Spectrogram 1	1	30.847500000	30.848500000	2886.076	6303.797	4593.750	4500.000
196	Spectrogram 1	1	30.848500000	30.849500000	2886.076	6303.797	4593.750	4500.000
197	Spectrogram 1	1	30.849500000	30.850500000	2886.076	6303.797	4593.750	4500.000
198	Spectrogram 1	1	30.850500000	30.851500000	2886.076	6303.797	4781.250	4687.500
199	Spectrogram 1	1	30.851500000	30.852500000	2886.076	6303.797	4781.250	4687.500
200	Spectrogram 1	1	30.852500000	30.853500000	2886.076	6303.797	4781.250	4687.500
201	Spectrogram 1	1	30.853500000	30.854500000	2886.076	6303.797	4781.250	4687.500
202	Spectrogram 1	1	30.854500000	30.855500000	2886.076	6303.797	4781.250	4687.500
203	Spectrogram 1	1	30.855500000	30.856500000	2886.076	6303.797	5625.000	5625.000
204	Spectrogram 1	1	30.856500000	30.857500000	2886.076	6303.797	5625.000	5625.000
205	Spectrogram 1	1	30.857500000	30.858500000	2886.076	6303.797	5625.000	5625.000
206	Spectrogram 1	1	30.858500000	30.859500000	2886.076	6303.797	5625.000	5625.000
207	Spectrogram 1	1	30.859500000	30.860500000	2886.076	6303.797	5625.000	5625.000
208	Spectrogram 1	1	30.860500000	30.861500000	2886.076	6303.797	5625.000	5625.000
209	Spectrogram 1	1	30.861500000	30.862500000	2886.076	6303.797	5812.500	5812.500
210	Spectrogram 1	1	30.862500000	30.863500000	2886.076	6303.797	5812.500	5812.500
211	Spectrogram 1	1	30.863500000	30.864500000	2886.076	6303.797	5812.500	5812.500
212	Spectrogram 1	1	30.864500000	30.865500000	2886.076	6303.797	5812.500	5812.500
213	Spectrogram 1	1	30.865500000	30.866500000	2886.076	6303.797	5812.500	5812.500
214	Spectrogram 1	1	30.866500000	30.867500000	2886.076	6303.797	5906.250	5906.250
215	Spectrogram 1	1	30.867500000	30.868500000	2886.076	6303.797	5906.250	5906.250
216	Spectrogram 1	1	30.868500000	30.869500000	2886.076	6303.797	5906.250	5906.250
217	Spectrogram 1	1	30.869500000	30.870500000	2886.076	6303.797	5906.250	5906.250
218	Spectrogram 1	1	30.870500000	30.871500000	2886.076	6303.797	5906.250	5906.250
219	Spectrogram 1	1	30.871500000	30.872500000	2886.076	6303.797	5437.500	5718.750
220	Spectrogram 1	1	30.872500000	30.873500000	2886.076	6303.797	5437.500	5718.750
221	Spectrogram 1	1	30.873500000	30.874500000	2886.076	6303.797	5437.500	5718.750
222	Spectrogram 1	1	30.874500000	30.875500000	2886.076	6303.797	5437.500	5718.750
223	Spectrogram 1	1	30.875500000	30.876500000	2886.076	6303.797	5437.500	5718.750
224	Spectrogram 1	1	30.876500000	30.877500000	2886.076	6303.797	5437.500	5718.750
225	Spectrogram 1	1	30.877500000	30.878500000	2886.076	6303.797	4781.250	4875.000
226	Spectrogram 1	1	30.878500000	30.879500000	2886.076	6303.797	4781.250	4875.000
227	Spectrogram 1	1	30.879500000	30.880500000	2886.076	6303.797	4781.250	4875.000
228	Spectrogram 1	1	30.880500000	30.881500000	2886.076	6303.797	4781.250	4875.000
229	Spectrogram 1	1	30.881500000	30.882500000	2886.076	6303.797	4781.250	4875.000
230	Spectrogram 1	1	30.882500000	30.883500000	2886.076	6303.797	4312.500	4312.500
231	Spectrogram 1	1	30.883500000	30.884500000	2886.076	6303.797	4312.500	4312.500
232	Spectrogram 1	1	30.884500000	30.885500000	2886.076	6303.797	4312.500	4312.500
233	Spectrogram 1	1	30.885500000	30.886500000	2886.076	6303.797	4312.500	4312.500
234	Spectrogram 1	1	30.886500000	30.887500000	2886.076	6303.797	4312.500	4312.500
235	Spectrogram 1	1	30.887500000	30.888500000	2886.076	6303.797	4593.750	5718.750
236	Spectrogram 1	1	30.888500000	30.889500000	2886.076	6303.797	4593.750	5718.750
237	Spectrogram 1	1	30.889500000	30.890500000	2886.076	6303.797	4593.750	5718.750
238	Spectrogram 1	1	30.890500000	30.891500000	2886.076	6303.797	4593.750	5718.750
239	Spectrogram 1	1	30.891500000	30.892500000	2886.076	6303.797	4593.750	5718.750
240	Spectrogram 1	1	30.892500000	30.893500000	2886.076	6303.797	4593.750	5718.750
241	Spectrogram 1	1	30.893500000	30.894500000	2886.076	6303.797	4593.750	4593.750
242	Spectrogram 1	1	30.894500000	30.895000000	2886.076	6303.797	4593.750	4593.750
