Selection	View	Channel	Begin Time (s)	End Time (s)	Low Freq (Hz)	High Freq (Hz)	Center Freq (Hz)	Peak Freq (Hz)
1	Spectrogram 1	1	37.464562283	37.465562283	2805.800	6302.200	4406.250	4406.250
2	Spectrogram 1	1	37.465562283	37.466562283	2805.800	6302.200	4406.250	4406.250
3	Spectrogram 1	1	37.466562283	37.467562283	2805.800	6302.200	4406.250	4406.250
4	Spectrogram 1	1	37.467562283	37.468562283	2805.800	6302.200	4406.250	4406.250
5	Spectrogram 1	1	37.468562283	37.469562283	2805.800	6302.200	4406.250	4406.250
6	Spectrogram 1	1	37.469562283	37.470562283	2805.800	6302.200	4687.500	4593.750
7	Spectrogram 1	1	37.470562283	37.471562283	2805.800	6302.200	4687.500	4593.750
8	Spectrogram 1	1	37.471562283	37.472562283	2805.800	6302.200	4687.500	4593.750
9	Spectrogram 1	1	37.472562283	37.473562283	2805.800	6302.200	4687.500	4593.750
10	Spectrogram 1	1	37.473562283	37.474562283	2805.800	6302.200	4687.500	4593.750
11	Spectrogram 1	1	37.474562283	37.475562283	2805.800	6302.200	5156.250	5156.250
12	Spectrogram 1	1	37.475562283	37.476562283	2805.800	6302.200	5156.250	5156.250
13	Spectrogram 1	1	37.476562283	37.477562283	2805.800	6302.200	5156.250	5156.250
14	Spectrogram 1	1	37.477562283	37.478562283	2805.800	6302.200	5156.250	5156.250
15	Spectrogram 1	1	37.478562283	37.479562283	2805.800	6302.200	5156.250	5156.250
16	Spectrogram 1	1	37.479562283	37.480562283	2805.800	6302.200	5343.750	5343.750
17	Spectrogram 1	1	37.480562283	37.481562283	2805.800	6302.200	5343.750	5343.750
18	Spectrogram 1	1	37.481562283	37.482562283	2805.800	6302.200	5343.750	5343.750
19	Spectrogram 1	1	37.482562283	37.483562283	2805.800	6302.200	5343.750	5343.750
20	Spectrogram 1	1	37.483562283	37.484562283	2805.800	6302.200	5343.750	5343.750
21	Spectrogram 1	1	37.484562283	37.485562283	2805.800	6302.200	5343.750	5343.750
22	Spectrogram 1	1	37.485562283	37.486562283	2805.800	6302.200	4875.000	4875.000
23	Spectrogram 1	1	37.486562283	37.487562283	2805.800	6302.200	4875.000	4875.000
24	Spectrogram 1	1	37.487562283	37.488562283	2805.800	6302.200	4875.000	4875.000
25	Spectrogram 1	1	37.488562283	37.489562283	2805.800	6302.200	4875.000	4875.000
26	Spectrogram 1	1	37.489562283	37.490562283	2805.800	6302.200	4875.000	4875.000
27	Spectrogram 1	1	37.490562283	37.491562283	2805.800	6302.200	4500.000	4500.000
28	Spectrogram 1	1	37.491562283	37.492562283	2805.800	6302.200	4500.000	4500.000
29	Spectrogram 1	1	37.492562283	37.493562283	2805.800	6302.200	4500.000	4500.000
30	Spectrogram 1	1	37.493562283	37.494562283	2805.800	6302.200	4500.000	4500.000
31	Spectrogram 1	1	37.494562283	37.495562283	2805.800	6302.200	4500.000	4500.000
32	Spectrogram 1	1	37.495562283	37.496562283	2805.800	6302.200	4218.750	4218.750
33	Spectrogram 1	1	37.496562283	37.497562283	2805.800	6302.200	4218.750	4218.750
34	Spectrogram 1	1	37.497562283	37.498562283	2805.800	6302.200	4218.750	4218.750
35	Spectrogram 1	1	37.498562283	37.499562283	2805.800	6302.200	4218.750	4218.750
36	Spectrogram 1	1	37.499562283	37.500562283	2805.800	6302.200	4218.750	4218.750
37	Spectrogram 1	1	37.500562283	37.501562283	2805.800	6302.200	4218.750	4218.750
38	Spectrogram 1	1	37.501562283	37.502562283	2805.800	6302.200	4031.250	4031.250
39	Spectrogram 1	1	37.502562283	37.503562283	2805.800	6302.200	4031.250	4031.250
40	Spectrogram 1	1	37.503562283	37.504562283	2805.800	6302.200	4031.250	4031.250
41	Spectrogram 1	1	37.504562283	37.505562283	2805.800	6302.200	4031.250	4031.250
42	Spectrogram 1	1	37.505562283	37.506562283	2805.800	6302.200	4031.250	4031.250
43	Spectrogram 1	1	37.506562283	37.507562283	2805.800	6302.200	3843.750	3843.750
44	Spectrogram 1	1	37.507562283	37.508562283	2805.800	6302.200	3843.750	3843.750
45	Spectrogram 1	1	37.508562283	37.509562283	2805.800	6302.200	3843.750	3843.750
46	Spectrogram 1	1	37.509562283	37.510562283	2805.800	6302.200	3843.750	3843.750
47	Spectrogram 1	1	37.510562283	37.511562283	2805.800	6302.200	3843.750	3843.750
48	Spectrogram 1	1	37.511562283	37.512562283	2805.800	6302.200	3562.500	3562.500
49	Spectrogram 1	1	37.512562283	37.513562283	2805.800	6302.200	3562.500	3562.500
50	Spectrogram 1	1	37.513562283	37.514562283	2805.800	6302.200	3562.500	3562.500
51	Spectrogram 1	1	37.514562283	37.515562283	2805.800	6302.200	3562.500	3562.500
52	Spectrogram 1	1	37.515562283	37.516562283	2805.800	6302.200	3562.500	3562.500
53	Spectrogram 1	1	37.516562283	37.517562283	2805.800	6302.200	3562.500	3562.500
54	Spectrogram 1	1	37.517562283	37.518562283	2805.800	6302.200	3375.000	3375.000
55	Spectrogram 1	1	37.518562283	37.519562283	2805.800	6302.200	3375.000	3375.000
56	Spectrogram 1	1	37.519562283	37.520562283	2805.800	6302.200	3375.000	3375.000
57	Spectrogram 1	1	37.520562283	37.521562283	2805.800	6302.200	3375.000	3375.000
58	Spectrogram 1	1	37.521562283	37.522562283	2805.800	6302.200	3375.000	3375.000
59	Spectrogram 1	1	37.522562283	37.523562283	2805.800	6302.200	3281.250	3281.250
60	Spectrogram 1	1	37.523562283	37.524562283	2805.800	6302.200	3281.250	3281.250
61	Spectrogram 1	1	37.524562283	37.525562283	2805.800	6302.200	3281.250	3281.250
62	Spectrogram 1	1	37.525562283	37.526562283	2805.800	6302.200	3281.250	3281.250
63	Spectrogram 1	1	37.526562283	37.527562283	2805.800	6302.200	3281.250	3281.250
64	Spectrogram 1	1	37.527562283	37.528562283	2805.800	6302.200	3281.250	3187.500
65	Spectrogram 1	1	37.528562283	37.529562283	2805.800	6302.200	3281.250	3187.500
66	Spectrogram 1	1	37.529562283	37.530562283	2805.800	6302.200	3281.250	3187.500
67	Spectrogram 1	1	37.530562283	37.531562283	2805.800	6302.200	3281.250	3187.500
68	Spectrogram 1	1	37.531562283	37.532562283	2805.800	6302.200	3281.250	3187.500
69	Spectrogram 1	1	37.532562283	37.533562283	2805.800	6302.200	3281.250	3187.500
70	Spectrogram 1	1	37.533562283	37.534562283	2805.800	6302.200	3281.250	3281.250
71	Spectrogram 1	1	37.534562283	37.535562283	2805.800	6302.200	3281.250	3281.250
72	Spectrogram 1	1	37.535562283	37.536562283	2805.800	6302.200	3281.250	3281.250
73	Spectrogram 1	1	37.536562283	37.537562283	2805.800	6302.200	3281.250	3281.250
74	Spectrogram 1	1	37.537562283	37.538562283	2805.800	6302.200	3281.250	3281.250
75	Spectrogram 1	1	37.538562283	37.539562283	2805.800	6302.200	3468.750	3375.000
76	Spectrogram 1	1	37.539562283	37.540562283	2805.800	6302.200	3468.750	3375.000
77	Spectrogram 1	1	37.540562283	37.541562283	2805.800	6302.200	3468.750	3375.000
78	Spectrogram 1	1	37.541562283	37.542562283	2805.800	6302.200	3468.750	3375.000
79	Spectrogram 1	1	37.542562283	37.543562283	2805.800	6302.200	3468.750	3375.000
80	Spectrogram 1	1	37.543562283	37.544562283	2805.800	6302.200	3375.000	3281.250
81	Spectrogram 1	1	37.544562283	37.545562283	2805.800	6302.200	3375.000	3281.250
82	Spectrogram 1	1	37.545562283	37.546562283	2805.800	6302.200	3375.000	3281.250
83	Spectrogram 1	1	37.546562283	37.547562283	2805.800	6302.200	3375.000	3281.250
84	Spectrogram 1	1	37.547562283	37.548562283	2805.800	6302.200	3375.000	3281.250
85	Spectrogram 1	1	37.548562283	37.549562283	2805.800	6302.200	3375.000	3281.250
86	Spectrogram 1	1	37.549562283	37.550562283	2805.800	6302.200	3281.250	3281.250
87	Spectrogram 1	1	37.550562283	37.551562283	2805.800	6302.200	3281.250	3281.250
88	Spectrogram 1	1	37.551562283	37.552562283	2805.800	6302.200	3281.250	3281.250
89	Spectrogram 1	1	37.552562283	37.553562283	2805.800	6302.200	3281.250	3281.250
90	Spectrogram 1	1	37.553562283	37.554562283	2805.800	6302.200	3281.250	3281.250
91	Spectrogram 1	1	37.554562283	37.555562283	2805.800	6302.200	3281.250	3281.250
92	Spectrogram 1	1	37.555562283	37.556562283	2805.800	6302.200	3281.250	3281.250
93	Spectrogram 1	1	37.556562283	37.557562283	2805.800	6302.200	3281.250	3281.250
94	Spectrogram 1	1	37.557562283	37.558562283	2805.800	6302.200	3281.250	3281.250
95	Spectrogram 1	1	37.558562283	37.559562283	2805.800	6302.200	3281.250	3281.250
96	Spectrogram 1	1	37.559562283	37.560562283	2805.800	6302.200	3187.500	3187.500
97	Spectrogram 1	1	37.560562283	37.561562283	2805.800	6302.200	3187.500	3187.500
98	Spectrogram 1	1	37.561562283	37.562562283	2805.800	6302.200	3187.500	3187.500
99	Spectrogram 1	1	37.562562283	37.563562283	2805.800	6302.200	3187.500	3187.500
100	Spectrogram 1	1	37.563562283	37.564562283	2805.800	6302.200	3187.500	3187.500
101	Spectrogram 1	1	37.564562283	37.565562283	2805.800	6302.200	3187.500	3187.500
102	Spectrogram 1	1	37.565562283	37.566562283	2805.800	6302.200	3187.500	3187.500
103	Spectrogram 1	1	37.566562283	37.567562283	2805.800	6302.200	3187.500	3187.500
104	Spectrogram 1	1	37.567562283	37.568562283	2805.800	6302.200	3187.500	3187.500
105	Spectrogram 1	1	37.568562283	37.569562283	2805.800	6302.200	3187.500	3187.500
106	Spectrogram 1	1	37.569562283	37.570562283	2805.800	6302.200	3187.500	3187.500
107	Spectrogram 1	1	37.570562283	37.571562283	2805.800	6302.200	3187.500	3187.500
108	Spectrogram 1	1	37.571562283	37.572562283	2805.800	6302.200	3187.500	3187.500
109	Spectrogram 1	1	37.572562283	37.573562283	2805.800	6302.200	3187.500	3187.500
110	Spectrogram 1	1	37.573562283	37.574562283	2805.800	6302.200	3187.500	3187.500
111	Spectrogram 1	1	37.574562283	37.575562283	2805.800	6302.200	3187.500	3187.500
112	Spectrogram 1	1	37.575562283	37.576562283	2805.800	6302.200	3093.750	3093.750
113	Spectrogram 1	1	37.576562283	37.577562283	2805.800	6302.200	3093.750	3093.750
114	Spectrogram 1	1	37.577562283	37.578562283	2805.800	6302.200	3093.750	3093.750
115	Spectrogram 1	1	37.578562283	37.579562283	2805.800	6302.200	3093.750	3093.750
116	Spectrogram 1	1	37.579562283	37.580562283	2805.800	6302.200	3093.750	3093.750
117	Spectrogram 1	1	37.580562283	37.581562283	2805.800	6302.200	3093.750	3093.750
118	Spectrogram 1	1	37.581562283	37.582562283	2805.800	6302.200	3093.750	3093.750
119	Spectrogram 1	1	37.582562283	37.583562283	2805.800	6302.200	3093.750	3093.750
120	Spectrogram 1	1	37.583562283	37.584562283	2805.800	6302.200	3093.750	3093.750
121	Spectrogram 1	1	37.584562283	37.585562283	2805.800	6302.200	3093.750	3093.750
122	Spectrogram 1	1	37.585562283	37.586562283	2805.800	6302.200	3093.750	3093.750
123	Spectrogram 1	1	37.586562283	37.587562283	2805.800	6302.200	3375.000	3281.250
124	Spectrogram 1	1	37.587562283	37.588562283	2805.800	6302.200	3375.000	3281.250
125	Spectrogram 1	1	37.588562283	37.589562283	2805.800	6302.200	3375.000	3281.250
126	Spectrogram 1	1	37.589562283	37.590562283	2805.800	6302.200	3375.000	3281.250
127	Spectrogram 1	1	37.590562283	37.591562283	2805.800	6302.200	3375.000	3281.250
128	Spectrogram 1	1	37.591562283	37.592562283	2805.800	6302.200	4500.000	4593.750
129	Spectrogram 1	1	37.592562283	37.593562283	2805.800	6302.200	4500.000	4593.750
130	Spectrogram 1	1	37.593562283	37.594562283	2805.800	6302.200	4500.000	4593.750
131	Spectrogram 1	1	37.594562283	37.595562283	2805.800	6302.200	4500.000	4593.750
132	Spectrogram 1	1	37.595562283	37.596562283	2805.800	6302.200	4500.000	4593.750
133	Spectrogram 1	1	37.596562283	37.597562283	2805.800	6302.200	4500.000	4593.750
134	Spectrogram 1	1	37.597562283	37.598562283	2805.800	6302.200	5062.500	5062.500
135	Spectrogram 1	1	37.598562283	37.599562283	2805.800	6302.200	5062.500	5062.500
136	Spectrogram 1	1	37.599562283	37.600562283	2805.800	6302.200	5062.500	5062.500
137	Spectrogram 1	1	37.600562283	37.601562283	2805.800	6302.200	5062.500	5062.500
138	Spectrogram 1	1	37.601562283	37.602562283	2805.800	6302.200	5062.500	5062.500
139	Spectrogram 1	1	37.602562283	37.603562283	2805.800	6302.200	5156.250	5156.250
140	Spectrogram 1	1	37.603562283	37.604562283	2805.800	6302.200	5156.250	5156.250
141	Spectrogram 1	1	37.604562283	37.605562283	2805.800	6302.200	5156.250	5156.250
142	Spectrogram 1	1	37.605562283	37.606562283	2805.800	6302.200	5156.250	5156.250
143	Spectrogram 1	1	37.606562283	37.607562283	2805.800	6302.200	5156.250	5156.250
144	Spectrogram 1	1	37.607562283	37.608562283	2805.800	6302.200	4968.750	4968.750
145	Spectrogram 1	1	37.608562283	37.609562283	2805.800	6302.200	4968.750	4968.750
146	Spectrogram 1	1	37.609562283	37.610562283	2805.800	6302.200	4968.750	4968.750
147	Spectrogram 1	1	37.610562283	37.611562283	2805.800	6302.200	4968.750	4968.750
148	Spectrogram 1	1	37.611562283	37.612562283	2805.800	6302.200	4968.750	4968.750
149	Spectrogram 1	1	37.612562283	37.613562283	2805.800	6302.200	4968.750	4968.750
150	Spectrogram 1	1	37.613562283	37.614562283	2805.800	6302.200	4781.250	4781.250
151	Spectrogram 1	1	37.614562283	37.615562283	2805.800	6302.200	4781.250	4781.250
152	Spectrogram 1	1	37.615562283	37.616562283	2805.800	6302.200	4781.250	4781.250
153	Spectrogram 1	1	37.616562283	37.617562283	2805.800	6302.200	4781.250	4781.250
154	Spectrogram 1	1	37.617562283	37.618562283	2805.800	6302.200	4781.250	4781.250
155	Spectrogram 1	1	37.618562283	37.619562283	2805.800	6302.200	4687.500	4593.750
156	Spectrogram 1	1	37.619562283	37.620562283	2805.800	6302.200	4687.500	4593.750
157	Spectrogram 1	1	37.620562283	37.621562283	2805.800	6302.200	4687.500	4593.750
158	Spectrogram 1	1	37.621562283	37.622562283	2805.800	6302.200	4687.500	4593.750
159	Spectrogram 1	1	37.622562283	37.623562283	2805.800	6302.200	4687.500	4593.750
160	Spectrogram 1	1	37.623562283	37.624562283	2805.800	6302.200	4500.000	4500.000
161	Spectrogram 1	1	37.624562283	37.625562283	2805.800	6302.200	4500.000	4500.000
162	Spectrogram 1	1	37.625562283	37.626562283	2805.800	6302.200	4500.000	4500.000
163	Spectrogram 1	1	37.626562283	37.627562283	2805.800	6302.200	4500.000	4500.000
164	Spectrogram 1	1	37.627562283	37.628562283	2805.800	6302.200	4500.000	4500.000
165	Spectrogram 1	1	37.628562283	37.629562283	2805.800	6302.200	4500.000	4500.000
166	Spectrogram 1	1	37.629562283	37.630562283	2805.800	6302.200	4500.000	4500.000
167	Spectrogram 1	1	37.630562283	37.631562283	2805.800	6302.200	4500.000	4500.000
168	Spectrogram 1	1	37.631562283	37.632562283	2805.800	6302.200	4500.000	4500.000
169	Spectrogram 1	1	37.632562283	37.633562283	2805.800	6302.200	4500.000	4500.000
170	Spectrogram 1	1	37.633562283	37.634562283	2805.800	6302.200	4500.000	4500.000
171	Spectrogram 1	1	37.634562283	37.635562283	2805.800	6302.200	4500.000	4500.000
172	Spectrogram 1	1	37.635562283	37.636562283	2805.800	6302.200	4500.000	4500.000
173	Spectrogram 1	1	37.636562283	37.637562283	2805.800	6302.200	4500.000	4500.000
174	Spectrogram 1	1	37.637562283	37.638562283	2805.800	6302.200	4500.000	4500.000
175	Spectrogram 1	1	37.638562283	37.639562283	2805.800	6302.200	4500.000	4500.000
176	Spectrogram 1	1	37.639562283	37.640562283	2805.800	6302.200	4593.750	4593.750
177	Spectrogram 1	1	37.640562283	37.641562283	2805.800	6302.200	4593.750	4593.750
178	Spectrogram 1	1	37.641562283	37.642562283	2805.800	6302.200	4593.750	4593.750
179	Spectrogram 1	1	37.642562283	37.643562283	2805.800	6302.200	4593.750	4593.750
180	Spectrogram 1	1	37.643562283	37.644562283	2805.800	6302.200	4593.750	4593.750
181	Spectrogram 1	1	37.644562283	37.645562283	2805.800	6302.200	4593.750	4593.750
182	Spectrogram 1	1	37.645562283	37.646562283	2805.800	6302.200	4687.500	4687.500
183	Spectrogram 1	1	37.646562283	37.647562283	2805.800	6302.200	4687.500	4687.500
184	Spectrogram 1	1	37.647562283	37.648562283	2805.800	6302.200	4687.500	4687.500
185	Spectrogram 1	1	37.648562283	37.649562283	2805.800	6302.200	4687.500	4687.500
186	Spectrogram 1	1	37.649562283	37.650562283	2805.800	6302.200	4687.500	4687.500
187	Spectrogram 1	1	37.650562283	37.651562283	2805.800	6302.200	4875.000	4968.750
188	Spectrogram 1	1	37.651562283	37.652562283	2805.800	6302.200	4875.000	4968.750
189	Spectrogram 1	1	37.652562283	37.653562283	2805.800	6302.200	4875.000	4968.750
190	Spectrogram 1	1	37.653562283	37.654562283	2805.800	6302.200	4875.000	4968.750
191	Spectrogram 1	1	37.654562283	37.655562283	2805.800	6302.200	4875.000	4968.750
192	Spectrogram 1	1	37.655562283	37.656562283	2805.800	6302.200	4593.750	4500.000
193	Spectrogram 1	1	37.656562283	37.657562283	2805.800	6302.200	4593.750	4500.000
194	Spectrogram 1	1	37.657562283	37.658562283	2805.800	6302.200	4593.750	4500.000
195	Spectrogram 1	1	37.658562283	37.659562283	2805.800	6302.200	4593.750	4500.000
196	Spectrogram 1	1	37.659562283	37.660562283	2805.800	6302.200	4593.750	4500.000
197	Spectrogram 1	1	37.660562283	37.661562283	2805.800	6302.200	4593.750	4500.000
198	Spectrogram 1	1	37.661562283	37.662562283	2805.800	6302.200	5343.750	5437.500
199	Spectrogram 1	1	37.662562283	37.663562283	2805.800	6302.200	5343.750	5437.500
200	Spectrogram 1	1	37.663562283	37.664562283	2805.800	6302.200	5343.750	5437.500
201	Spectrogram 1	1	37.664562283	37.665562283	2805.800	6302.200	5343.750	5437.500
202	Spectrogram 1	1	37.665562283	37.666562283	2805.800	6302.200	5343.750	5437.500
203	Spectrogram 1	1	37.666562283	37.667562283	2805.800	6302.200	5625.000	5625.000
204	Spectrogram 1	1	37.667562283	37.668562283	2805.800	6302.200	5625.000	5625.000
205	Spectrogram 1	1	37.668562283	37.669562283	2805.800	6302.200	5625.000	5625.000
206	Spectrogram 1	1	37.669562283	37.670562283	2805.800	6302.200	5625.000	5625.000
207	Spectrogram 1	1	37.670562283	37.671562283	2805.800	6302.200	5625.000	5625.000
208	Spectrogram 1	1	37.671562283	37.672562283	2805.800	6302.200	5906.250	5906.250
209	Spectrogram 1	1	37.672562283	37.673562283	2805.800	6302.200	5906.250	5906.250
210	Spectrogram 1	1	37.673562283	37.674562283	2805.800	6302.200	5906.250	5906.250
211	Spectrogram 1	1	37.674562283	37.675562283	2805.800	6302.200	5906.250	5906.250
212	Spectrogram 1	1	37.675562283	37.676562283	2805.800	6302.200	5906.250	5906.250
213	Spectrogram 1	1	37.676562283	37.677562283	2805.800	6302.200	5906.250	5906.250
214	Spectrogram 1	1	37.677562283	37.678562283	2805.800	6302.200	6000.000	6000.000
215	Spectrogram 1	1	37.678562283	37.679562283	2805.800	6302.200	6000.000	6000.000
216	Spectrogram 1	1	37.679562283	37.680562283	2805.800	6302.200	6000.000	6000.000
217	Spectrogram 1	1	37.680562283	37.681562283	2805.800	6302.200	6000.000	6000.000
218	Spectrogram 1	1	37.681562283	37.682562283	2805.800	6302.200	6000.000	6000.000
219	Spectrogram 1	1	37.682562283	37.683562283	2805.800	6302.200	5437.500	5343.750
220	Spectrogram 1	1	37.683562283	37.684562283	2805.800	6302.200	5437.500	5343.750
221	Spectrogram 1	1	37.684562283	37.685562283	2805.800	6302.200	5437.500	5343.750
222	Spectrogram 1	1	37.685562283	37.686562283	2805.800	6302.200	5437.500	5343.750
223	Spectrogram 1	1	37.686562283	37.687562283	2805.800	6302.200	5437.500	5343.750
224	Spectrogram 1	1	37.687562283	37.688562283	2805.800	6302.200	4875.000	4875.000
225	Spectrogram 1	1	37.688562283	37.689562283	2805.800	6302.200	4875.000	4875.000
226	Spectrogram 1	1	37.689562283	37.690562283	2805.800	6302.200	4875.000	4875.000
227	Spectrogram 1	1	37.690562283	37.691562283	2805.800	6302.200	4875.000	4875.000
228	Spectrogram 1	1	37.691562283	37.692562283	2805.800	6302.200	4875.000	4875.000
229	Spectrogram 1	1	37.692562283	37.693562283	2805.800	6302.200	4875.000	4875.000
230	Spectrogram 1	1	37.693562283	37.694562283	2805.800	6302.200	4406.250	4500.000
231	Spectrogram 1	1	37.694562283	37.695562283	2805.800	6302.200	4406.250	4500.000
232	Spectrogram 1	1	37.695562283	37.696562283	2805.800	6302.200	4406.250	4500.000
233	Spectrogram 1	1	37.696562283	37.697562283	2805.800	6302.200	4406.250	4500.000
234	Spectrogram 1	1	37.697562283	37.698562283	2805.800	6302.200	4406.250	4500.000
235	Spectrogram 1	1	37.698562283	37.699562283	2805.800	6302.200	4031.250	3843.750
236	Spectrogram 1	1	37.699562283	37.700562283	2805.800	6302.200	4031.250	3843.750
237	Spectrogram 1	1	37.700562283	37.701562283	2805.800	6302.200	4031.250	3843.750
238	Spectrogram 1	1	37.701562283	37.702562283	2805.800	6302.200	4031.250	3843.750
239	Spectrogram 1	1	37.702562283	37.703308123	2805.800	6302.200	4031.250	3843.750
