Selection	View	Channel	Begin Time (s)	End Time (s)	Low Freq (Hz)	High Freq (Hz)	Center Freq (Hz)	Peak Freq (Hz)
1	Spectrogram 1	1	2.383298469	2.384298469	3408.100	6186.200	4312.500	3937.500
2	Spectrogram 1	1	2.384298469	2.385298469	3408.100	6186.200	4312.500	3937.500
3	Spectrogram 1	1	2.385298469	2.386298469	3408.100	6186.200	4312.500	3937.500
4	Spectrogram 1	1	2.386298469	2.387298469	3408.100	6186.200	4500.000	4312.500
5	Spectrogram 1	1	2.387298469	2.388298469	3408.100	6186.200	4500.000	4312.500
6	Spectrogram 1	1	2.388298469	2.389298469	3408.100	6186.200	4500.000	4312.500
7	Spectrogram 1	1	2.389298469	2.390298469	3408.100	6186.200	4500.000	4312.500
8	Spectrogram 1	1	2.390298469	2.391298469	3408.100	6186.200	4500.000	4312.500
9	Spectrogram 1	1	2.391298469	2.392298469	3408.100	6186.200	4500.000	4312.500
10	Spectrogram 1	1	2.392298469	2.393298469	3408.100	6186.200	4593.750	4593.750
11	Spectrogram 1	1	2.393298469	2.394298469	3408.100	6186.200	4593.750	4593.750
12	Spectrogram 1	1	2.394298469	2.395298469	3408.100	6186.200	4593.750	4593.750
13	Spectrogram 1	1	2.395298469	2.396298469	3408.100	6186.200	4593.750	4593.750
14	Spectrogram 1	1	2.396298469	2.397298469	3408.100	6186.200	4593.750	4593.750
15	Spectrogram 1	1	2.397298469	2.398298469	3408.100	6186.200	4875.000	4875.000
16	Spectrogram 1	1	2.398298469	2.399298469	3408.100	6186.200	4875.000	4875.000
17	Spectrogram 1	1	2.399298469	2.400298469	3408.100	6186.200	4875.000	4875.000
18	Spectrogram 1	1	2.400298469	2.401298469	3408.100	6186.200	4875.000	4875.000
19	Spectrogram 1	1	2.401298469	2.402298469	3408.100	6186.200	4875.000	4875.000
20	Spectrogram 1	1	2.402298469	2.403298469	3408.100	6186.200	5250.000	5250.000
21	Spectrogram 1	1	2.403298469	2.404298469	3408.100	6186.200	5250.000	5250.000
22	Spectrogram 1	1	2.404298469	2.405298469	3408.100	6186.200	5250.000	5250.000
23	Spectrogram 1	1	2.405298469	2.406298469	3408.100	6186.200	5250.000	5250.000
24	Spectrogram 1	1	2.406298469	2.407298469	3408.100	6186.200	5250.000	5250.000
25	Spectrogram 1	1	2.407298469	2.408298469	3408.100	6186.200	5250.000	5250.000
26	Spectrogram 1	1	2.408298469	2.409298469	3408.100	6186.200	5437.500	5437.500
27	Spectrogram 1	1	2.409298469	2.410298469	3408.100	6186.200	5437.500	5437.500
28	Spectrogram 1	1	2.410298469	2.411298469	3408.100	6186.200	5437.500	5437.500
29	Spectrogram 1	1	2.411298469	2.412298469	3408.100	6186.200	5437.500	5437.500
30	Spectrogram 1	1	2.412298469	2.413298469	3408.100	6186.200	5437.500	5437.500
31	Spectrogram 1	1	2.413298469	2.414298469	3408.100	6186.200	5250.000	5343.750
32	Spectrogram 1	1	2.414298469	2.415298469	3408.100	6186.200	5250.000	5343.750
33	Spectrogram 1	1	2.415298469	2.416298469	3408.100	6186.200	5250.000	5343.750
34	Spectrogram 1	1	2.416298469	2.417298469	3408.100	6186.200	5250.000	5343.750
35	Spectrogram 1	1	2.417298469	2.418298469	3408.100	6186.200	5250.000	5343.750
36	Spectrogram 1	1	2.418298469	2.419298469	3408.100	6186.200	4687.500	4593.750
37	Spectrogram 1	1	2.419298469	2.420298469	3408.100	6186.200	4687.500	4593.750
38	Spectrogram 1	1	2.420298469	2.421298469	3408.100	6186.200	4687.500	4593.750
39	Spectrogram 1	1	2.421298469	2.422298469	3408.100	6186.200	4687.500	4593.750
40	Spectrogram 1	1	2.422298469	2.423298469	3408.100	6186.200	4687.500	4593.750
41	Spectrogram 1	1	2.423298469	2.424298469	3408.100	6186.200	4687.500	4593.750
42	Spectrogram 1	1	2.424298469	2.425298469	3408.100	6186.200	4312.500	4218.750
43	Spectrogram 1	1	2.425298469	2.426298469	3408.100	6186.200	4312.500	4218.750
44	Spectrogram 1	1	2.426298469	2.427298469	3408.100	6186.200	4312.500	4218.750
45	Spectrogram 1	1	2.427298469	2.428298469	3408.100	6186.200	4312.500	4218.750
46	Spectrogram 1	1	2.428298469	2.429298469	3408.100	6186.200	4312.500	4218.750
47	Spectrogram 1	1	2.429298469	2.430298469	3408.100	6186.200	4312.500	4031.250
48	Spectrogram 1	1	2.430298469	2.431298469	3408.100	6186.200	4312.500	4031.250
49	Spectrogram 1	1	2.431298469	2.432298469	3408.100	6186.200	4312.500	4031.250
50	Spectrogram 1	1	2.432298469	2.433298469	3408.100	6186.200	4312.500	4031.250
51	Spectrogram 1	1	2.433298469	2.434298469	3408.100	6186.200	4312.500	4031.250
52	Spectrogram 1	1	2.434298469	2.435298469	3408.100	6186.200	3937.500	3937.500
53	Spectrogram 1	1	2.435298469	2.436298469	3408.100	6186.200	3937.500	3937.500
54	Spectrogram 1	1	2.436298469	2.437298469	3408.100	6186.200	3937.500	3937.500
55	Spectrogram 1	1	2.437298469	2.438298469	3408.100	6186.200	3937.500	3937.500
56	Spectrogram 1	1	2.438298469	2.439298469	3408.100	6186.200	3937.500	3937.500
57	Spectrogram 1	1	2.439298469	2.440298469	3408.100	6186.200	3937.500	3937.500
58	Spectrogram 1	1	2.440298469	2.441298469	3408.100	6186.200	3937.500	4031.250
59	Spectrogram 1	1	2.441298469	2.442298469	3408.100	6186.200	3937.500	4031.250
60	Spectrogram 1	1	2.442298469	2.443298469	3408.100	6186.200	3937.500	4031.250
61	Spectrogram 1	1	2.443298469	2.444298469	3408.100	6186.200	3937.500	4031.250
62	Spectrogram 1	1	2.444298469	2.445298469	3408.100	6186.200	3937.500	4031.250
63	Spectrogram 1	1	2.445298469	2.446298469	3408.100	6186.200	3937.500	3937.500
64	Spectrogram 1	1	2.446298469	2.447298469	3408.100	6186.200	3937.500	3937.500
65	Spectrogram 1	1	2.447298469	2.448298469	3408.100	6186.200	3937.500	3937.500
66	Spectrogram 1	1	2.448298469	2.449298469	3408.100	6186.200	3937.500	3937.500
67	Spectrogram 1	1	2.449298469	2.450298469	3408.100	6186.200	3937.500	3937.500
68	Spectrogram 1	1	2.450298469	2.451298469	3408.100	6186.200	4031.250	4031.250
69	Spectrogram 1	1	2.451298469	2.452298469	3408.100	6186.200	4031.250	4031.250
70	Spectrogram 1	1	2.452298469	2.453298469	3408.100	6186.200	4031.250	4031.250
71	Spectrogram 1	1	2.453298469	2.454298469	3408.100	6186.200	4031.250	4031.250
72	Spectrogram 1	1	2.454298469	2.455298469	3408.100	6186.200	4031.250	4031.250
73	Spectrogram 1	1	2.455298469	2.456298469	3408.100	6186.200	4031.250	4031.250
74	Spectrogram 1	1	2.456298469	2.457298469	3408.100	6186.200	4031.250	4031.250
75	Spectrogram 1	1	2.457298469	2.458298469	3408.100	6186.200	4031.250	4031.250
76	Spectrogram 1	1	2.458298469	2.459298469	3408.100	6186.200	4031.250	4031.250
77	Spectrogram 1	1	2.459298469	2.460298469	3408.100	6186.200	4031.250	4031.250
78	Spectrogram 1	1	2.460298469	2.461298469	3408.100	6186.200	4031.250	4031.250
79	Spectrogram 1	1	2.461298469	2.462298469	3408.100	6186.200	4593.750	4781.250
80	Spectrogram 1	1	2.462298469	2.463298469	3408.100	6186.200	4593.750	4781.250
81	Spectrogram 1	1	2.463298469	2.464298469	3408.100	6186.200	4593.750	4781.250
82	Spectrogram 1	1	2.464298469	2.465298469	3408.100	6186.200	4593.750	4781.250
83	Spectrogram 1	1	2.465298469	2.466298469	3408.100	6186.200	4593.750	4781.250
84	Spectrogram 1	1	2.466298469	2.467298469	3408.100	6186.200	4687.500	4875.000
85	Spectrogram 1	1	2.467298469	2.468298469	3408.100	6186.200	4687.500	4875.000
86	Spectrogram 1	1	2.468298469	2.469298469	3408.100	6186.200	4687.500	4875.000
87	Spectrogram 1	1	2.469298469	2.470298469	3408.100	6186.200	4687.500	4875.000
88	Spectrogram 1	1	2.470298469	2.471298469	3408.100	6186.200	4687.500	4875.000
89	Spectrogram 1	1	2.471298469	2.472298469	3408.100	6186.200	4687.500	4875.000
90	Spectrogram 1	1	2.472298469	2.473298469	3408.100	6186.200	4031.250	3937.500
91	Spectrogram 1	1	2.473298469	2.474298469	3408.100	6186.200	4031.250	3937.500
92	Spectrogram 1	1	2.474298469	2.475298469	3408.100	6186.200	4031.250	3937.500
93	Spectrogram 1	1	2.475298469	2.476298469	3408.100	6186.200	4031.250	3937.500
94	Spectrogram 1	1	2.476298469	2.477298469	3408.100	6186.200	4031.250	3937.500
95	Spectrogram 1	1	2.477298469	2.478298469	3408.100	6186.200	4031.250	3468.750
96	Spectrogram 1	1	2.478298469	2.479298469	3408.100	6186.200	4031.250	3468.750
97	Spectrogram 1	1	2.479298469	2.480298469	3408.100	6186.200	4031.250	3468.750
98	Spectrogram 1	1	2.480298469	2.481298469	3408.100	6186.200	4031.250	3468.750
99	Spectrogram 1	1	2.481298469	2.482298469	3408.100	6186.200	4031.250	3468.750
100	Spectrogram 1	1	2.482298469	2.483298469	3408.100	6186.200	4125.000	3468.750
101	Spectrogram 1	1	2.483298469	2.484298469	3408.100	6186.200	4125.000	3468.750
102	Spectrogram 1	1	2.484298469	2.485298469	3408.100	6186.200	4125.000	3468.750
103	Spectrogram 1	1	2.485298469	2.486298469	3408.100	6186.200	4125.000	3468.750
104	Spectrogram 1	1	2.486298469	2.487298469	3408.100	6186.200	4125.000	3468.750
105	Spectrogram 1	1	2.487298469	2.488298469	3408.100	6186.200	4125.000	3468.750
106	Spectrogram 1	1	2.488298469	2.489298469	3408.100	6186.200	4500.000	5250.000
107	Spectrogram 1	1	2.489298469	2.490298469	3408.100	6186.200	4500.000	5250.000
108	Spectrogram 1	1	2.490298469	2.491298469	3408.100	6186.200	4500.000	5250.000
109	Spectrogram 1	1	2.491298469	2.492298469	3408.100	6186.200	4500.000	5250.000
110	Spectrogram 1	1	2.492298469	2.493298469	3408.100	6186.200	4500.000	5250.000
111	Spectrogram 1	1	2.493298469	2.494298469	3408.100	6186.200	3937.500	3937.500
112	Spectrogram 1	1	2.494298469	2.495298469	3408.100	6186.200	3937.500	3937.500
113	Spectrogram 1	1	2.495298469	2.496298469	3408.100	6186.200	3937.500	3937.500
114	Spectrogram 1	1	2.496298469	2.497298469	3408.100	6186.200	3937.500	3937.500
115	Spectrogram 1	1	2.497298469	2.498298469	3408.100	6186.200	3937.500	3937.500
116	Spectrogram 1	1	2.498298469	2.499298469	3408.100	6186.200	4125.000	3937.500
117	Spectrogram 1	1	2.499298469	2.500298469	3408.100	6186.200	4125.000	3937.500
118	Spectrogram 1	1	2.500298469	2.501298469	3408.100	6186.200	4125.000	3937.500
119	Spectrogram 1	1	2.501298469	2.502298469	3408.100	6186.200	4125.000	3937.500
120	Spectrogram 1	1	2.502298469	2.503298469	3408.100	6186.200	4125.000	3937.500
121	Spectrogram 1	1	2.503298469	2.504298469	3408.100	6186.200	4125.000	3937.500
122	Spectrogram 1	1	2.504298469	2.505298469	3408.100	6186.200	4875.000	4875.000
123	Spectrogram 1	1	2.505298469	2.506298469	3408.100	6186.200	4875.000	4875.000
124	Spectrogram 1	1	2.506298469	2.507298469	3408.100	6186.200	4875.000	4875.000
125	Spectrogram 1	1	2.507298469	2.508298469	3408.100	6186.200	4875.000	4875.000
126	Spectrogram 1	1	2.508298469	2.509298469	3408.100	6186.200	4875.000	4875.000
127	Spectrogram 1	1	2.509298469	2.510298469	3408.100	6186.200	5156.250	5156.250
128	Spectrogram 1	1	2.510298469	2.511298469	3408.100	6186.200	5156.250	5156.250
129	Spectrogram 1	1	2.511298469	2.512298469	3408.100	6186.200	5156.250	5156.250
130	Spectrogram 1	1	2.512298469	2.513298469	3408.100	6186.200	5156.250	5156.250
131	Spectrogram 1	1	2.513298469	2.514298469	3408.100	6186.200	5156.250	5156.250
132	Spectrogram 1	1	2.514298469	2.515298469	3408.100	6186.200	5062.500	5062.500
133	Spectrogram 1	1	2.515298469	2.516298469	3408.100	6186.200	5062.500	5062.500
134	Spectrogram 1	1	2.516298469	2.517298469	3408.100	6186.200	5062.500	5062.500
135	Spectrogram 1	1	2.517298469	2.518298469	3408.100	6186.200	5062.500	5062.500
136	Spectrogram 1	1	2.518298469	2.519298469	3408.100	6186.200	5062.500	5062.500
137	Spectrogram 1	1	2.519298469	2.520298469	3408.100	6186.200	5062.500	5062.500
138	Spectrogram 1	1	2.520298469	2.521298469	3408.100	6186.200	4875.000	4875.000
139	Spectrogram 1	1	2.521298469	2.522298469	3408.100	6186.200	4875.000	4875.000
140	Spectrogram 1	1	2.522298469	2.523298469	3408.100	6186.200	4875.000	4875.000
141	Spectrogram 1	1	2.523298469	2.524298469	3408.100	6186.200	4875.000	4875.000
142	Spectrogram 1	1	2.524298469	2.525298469	3408.100	6186.200	4875.000	4875.000
143	Spectrogram 1	1	2.525298469	2.526298469	3408.100	6186.200	4687.500	4687.500
144	Spectrogram 1	1	2.526298469	2.527298469	3408.100	6186.200	4687.500	4687.500
145	Spectrogram 1	1	2.527298469	2.528298469	3408.100	6186.200	4687.500	4687.500
146	Spectrogram 1	1	2.528298469	2.529298469	3408.100	6186.200	4687.500	4687.500
147	Spectrogram 1	1	2.529298469	2.530298469	3408.100	6186.200	4687.500	4687.500
148	Spectrogram 1	1	2.530298469	2.531298469	3408.100	6186.200	4593.750	4593.750
149	Spectrogram 1	1	2.531298469	2.532298469	3408.100	6186.200	4593.750	4593.750
150	Spectrogram 1	1	2.532298469	2.533298469	3408.100	6186.200	4593.750	4593.750
151	Spectrogram 1	1	2.533298469	2.534298469	3408.100	6186.200	4593.750	4593.750
152	Spectrogram 1	1	2.534298469	2.535298469	3408.100	6186.200	4593.750	4593.750
153	Spectrogram 1	1	2.535298469	2.536298469	3408.100	6186.200	4593.750	4593.750
154	Spectrogram 1	1	2.536298469	2.537298469	3408.100	6186.200	4500.000	4500.000
155	Spectrogram 1	1	2.537298469	2.538298469	3408.100	6186.200	4500.000	4500.000
156	Spectrogram 1	1	2.538298469	2.539298469	3408.100	6186.200	4500.000	4500.000
157	Spectrogram 1	1	2.539298469	2.540298469	3408.100	6186.200	4500.000	4500.000
158	Spectrogram 1	1	2.540298469	2.541298469	3408.100	6186.200	4500.000	4500.000
159	Spectrogram 1	1	2.541298469	2.542298469	3408.100	6186.200	4593.750	4593.750
160	Spectrogram 1	1	2.542298469	2.543298469	3408.100	6186.200	4593.750	4593.750
161	Spectrogram 1	1	2.543298469	2.544298469	3408.100	6186.200	4593.750	4593.750
162	Spectrogram 1	1	2.544298469	2.545298469	3408.100	6186.200	4593.750	4593.750
163	Spectrogram 1	1	2.545298469	2.546298469	3408.100	6186.200	4593.750	4593.750
164	Spectrogram 1	1	2.546298469	2.547298469	3408.100	6186.200	4781.250	4781.250
165	Spectrogram 1	1	2.547298469	2.548298469	3408.100	6186.200	4781.250	4781.250
166	Spectrogram 1	1	2.548298469	2.549298469	3408.100	6186.200	4781.250	4781.250
167	Spectrogram 1	1	2.549298469	2.550298469	3408.100	6186.200	4781.250	4781.250
168	Spectrogram 1	1	2.550298469	2.551298469	3408.100	6186.200	4781.250	4781.250
169	Spectrogram 1	1	2.551298469	2.552298469	3408.100	6186.200	4781.250	4781.250
170	Spectrogram 1	1	2.552298469	2.553298469	3408.100	6186.200	5062.500	5062.500
171	Spectrogram 1	1	2.553298469	2.554298469	3408.100	6186.200	5062.500	5062.500
172	Spectrogram 1	1	2.554298469	2.555298469	3408.100	6186.200	5062.500	5062.500
173	Spectrogram 1	1	2.555298469	2.556298469	3408.100	6186.200	5062.500	5062.500
174	Spectrogram 1	1	2.556298469	2.557298469	3408.100	6186.200	5062.500	5062.500
175	Spectrogram 1	1	2.557298469	2.558298469	3408.100	6186.200	5250.000	5250.000
176	Spectrogram 1	1	2.558298469	2.559298469	3408.100	6186.200	5250.000	5250.000
177	Spectrogram 1	1	2.559298469	2.560298469	3408.100	6186.200	5250.000	5250.000
178	Spectrogram 1	1	2.560298469	2.561298469	3408.100	6186.200	5250.000	5250.000
179	Spectrogram 1	1	2.561298469	2.562298469	3408.100	6186.200	5250.000	5250.000
180	Spectrogram 1	1	2.562298469	2.563298469	3408.100	6186.200	5437.500	5437.500
181	Spectrogram 1	1	2.563298469	2.564298469	3408.100	6186.200	5437.500	5437.500
182	Spectrogram 1	1	2.564298469	2.565298469	3408.100	6186.200	5437.500	5437.500
183	Spectrogram 1	1	2.565298469	2.566298469	3408.100	6186.200	5437.500	5437.500
184	Spectrogram 1	1	2.566298469	2.567298469	3408.100	6186.200	5437.500	5437.500
185	Spectrogram 1	1	2.567298469	2.568298469	3408.100	6186.200	5437.500	5437.500
186	Spectrogram 1	1	2.568298469	2.569298469	3408.100	6186.200	5718.750	5718.750
187	Spectrogram 1	1	2.569298469	2.570298469	3408.100	6186.200	5718.750	5718.750
188	Spectrogram 1	1	2.570298469	2.571298469	3408.100	6186.200	5718.750	5718.750
189	Spectrogram 1	1	2.571298469	2.572298469	3408.100	6186.200	5718.750	5718.750
190	Spectrogram 1	1	2.572298469	2.573298469	3408.100	6186.200	5718.750	5718.750
191	Spectrogram 1	1	2.573298469	2.574298469	3408.100	6186.200	5812.500	5812.500
192	Spectrogram 1	1	2.574298469	2.575298469	3408.100	6186.200	5812.500	5812.500
193	Spectrogram 1	1	2.575298469	2.576298469	3408.100	6186.200	5812.500	5812.500
194	Spectrogram 1	1	2.576298469	2.577298469	3408.100	6186.200	5812.500	5812.500
195	Spectrogram 1	1	2.577298469	2.578298469	3408.100	6186.200	5812.500	5812.500
196	Spectrogram 1	1	2.578298469	2.579298469	3408.100	6186.200	5906.250	5906.250
197	Spectrogram 1	1	2.579298469	2.580298469	3408.100	6186.200	5906.250	5906.250
198	Spectrogram 1	1	2.580298469	2.581298469	3408.100	6186.200	5906.250	5906.250
199	Spectrogram 1	1	2.581298469	2.582298469	3408.100	6186.200	5906.250	5906.250
200	Spectrogram 1	1	2.582298469	2.583298469	3408.100	6186.200	5906.250	5906.250
201	Spectrogram 1	1	2.583298469	2.584298469	3408.100	6186.200	5906.250	5906.250
202	Spectrogram 1	1	2.584298469	2.585298469	3408.100	6186.200	5718.750	5906.250
203	Spectrogram 1	1	2.585298469	2.586298469	3408.100	6186.200	5718.750	5906.250
204	Spectrogram 1	1	2.586298469	2.587298469	3408.100	6186.200	5718.750	5906.250
205	Spectrogram 1	1	2.587298469	2.588298469	3408.100	6186.200	5718.750	5906.250
206	Spectrogram 1	1	2.588298469	2.589298469	3408.100	6186.200	5718.750	5906.250
207	Spectrogram 1	1	2.589298469	2.590298469	3408.100	6186.200	5531.250	5718.750
208	Spectrogram 1	1	2.590298469	2.591298469	3408.100	6186.200	5531.250	5718.750
209	Spectrogram 1	1	2.591298469	2.592298469	3408.100	6186.200	5531.250	5718.750
210	Spectrogram 1	1	2.592298469	2.593298469	3408.100	6186.200	5531.250	5718.750
211	Spectrogram 1	1	2.593298469	2.594298469	3408.100	6186.200	5531.250	5718.750
212	Spectrogram 1	1	2.594298469	2.595298469	3408.100	6186.200	4593.750	4593.750
213	Spectrogram 1	1	2.595298469	2.596298469	3408.100	6186.200	4593.750	4593.750
214	Spectrogram 1	1	2.596298469	2.597298469	3408.100	6186.200	4593.750	4593.750
215	Spectrogram 1	1	2.597298469	2.598298469	3408.100	6186.200	4593.750	4593.750
216	Spectrogram 1	1	2.598298469	2.599298469	3408.100	6186.200	4593.750	4593.750
217	Spectrogram 1	1	2.599298469	2.600298469	3408.100	6186.200	4593.750	4593.750
218	Spectrogram 1	1	2.600298469	2.601298469	3408.100	6186.200	5625.000	5718.750
219	Spectrogram 1	1	2.601298469	2.602298469	3408.100	6186.200	5625.000	5718.750
220	Spectrogram 1	1	2.602298469	2.603298469	3408.100	6186.200	5625.000	5718.750
221	Spectrogram 1	1	2.603298469	2.604298469	3408.100	6186.200	5625.000	5718.750
222	Spectrogram 1	1	2.604298469	2.605216779	3408.100	6186.200	5625.000	5718.750
