Selection	View	Channel	Begin Time (s)	End Time (s)	Low Freq (Hz)	High Freq (Hz)	Center Freq (Hz)	Peak Freq (Hz)
1	Spectrogram 1	1	10.013092456	10.014092456	2839.400	6185.900	4031.250	4031.250
2	Spectrogram 1	1	10.014092456	10.015092456	2839.400	6185.900	4031.250	4031.250
3	Spectrogram 1	1	10.015092456	10.016092456	2839.400	6185.900	4031.250	4031.250
4	Spectrogram 1	1	10.016092456	10.017092456	2839.400	6185.900	4031.250	4031.250
5	Spectrogram 1	1	10.017092456	10.018092456	2839.400	6185.900	4031.250	4031.250
6	Spectrogram 1	1	10.018092456	10.019092456	2839.400	6185.900	4031.250	4031.250
7	Spectrogram 1	1	10.019092456	10.020092456	2839.400	6185.900	4312.500	4312.500
8	Spectrogram 1	1	10.020092456	10.021092456	2839.400	6185.900	4312.500	4312.500
9	Spectrogram 1	1	10.021092456	10.022092456	2839.400	6185.900	4312.500	4312.500
10	Spectrogram 1	1	10.022092456	10.023092456	2839.400	6185.900	4312.500	4312.500
11	Spectrogram 1	1	10.023092456	10.024092456	2839.400	6185.900	4312.500	4312.500
12	Spectrogram 1	1	10.024092456	10.025092456	2839.400	6185.900	4968.750	4968.750
13	Spectrogram 1	1	10.025092456	10.026092456	2839.400	6185.900	4968.750	4968.750
14	Spectrogram 1	1	10.026092456	10.027092456	2839.400	6185.900	4968.750	4968.750
15	Spectrogram 1	1	10.027092456	10.028092456	2839.400	6185.900	4968.750	4968.750
16	Spectrogram 1	1	10.028092456	10.029092456	2839.400	6185.900	4968.750	4968.750
17	Spectrogram 1	1	10.029092456	10.030092456	2839.400	6185.900	5437.500	5437.500
18	Spectrogram 1	1	10.030092456	10.031092456	2839.400	6185.900	5437.500	5437.500
19	Spectrogram 1	1	10.031092456	10.032092456	2839.400	6185.900	5437.500	5437.500
20	Spectrogram 1	1	10.032092456	10.033092456	2839.400	6185.900	5437.500	5437.500
21	Spectrogram 1	1	10.033092456	10.034092456	2839.400	6185.900	5437.500	5437.500
22	Spectrogram 1	1	10.034092456	10.035092456	2839.400	6185.900	5437.500	5437.500
23	Spectrogram 1	1	10.035092456	10.036092456	2839.400	6185.900	5531.250	5531.250
24	Spectrogram 1	1	10.036092456	10.037092456	2839.400	6185.900	5531.250	5531.250
25	Spectrogram 1	1	10.037092456	10.038092456	2839.400	6185.900	5531.250	5531.250
26	Spectrogram 1	1	10.038092456	10.039092456	2839.400	6185.900	5531.250	5531.250
27	Spectrogram 1	1	10.039092456	10.040092456	2839.400	6185.900	5531.250	5531.250
28	Spectrogram 1	1	10.040092456	10.041092456	2839.400	6185.900	4875.000	4968.750
29	Spectrogram 1	1	10.041092456	10.042092456	2839.400	6185.900	4875.000	4968.750
30	Spectrogram 1	1	10.042092456	10.043092456	2839.400	6185.900	4875.000	4968.750
31	Spectrogram 1	1	10.043092456	10.044092456	2839.400	6185.900	4875.000	4968.750
32	Spectrogram 1	1	10.044092456	10.045092456	2839.400	6185.900	4875.000	4968.750
33	Spectrogram 1	1	10.045092456	10.046092456	2839.400	6185.900	4218.750	4218.750
34	Spectrogram 1	1	10.046092456	10.047092456	2839.400	6185.900	4218.750	4218.750
35	Spectrogram 1	1	10.047092456	10.048092456	2839.400	6185.900	4218.750	4218.750
36	Spectrogram 1	1	10.048092456	10.049092456	2839.400	6185.900	4218.750	4218.750
37	Spectrogram 1	1	10.049092456	10.050092456	2839.400	6185.900	4218.750	4218.750
38	Spectrogram 1	1	10.050092456	10.051092456	2839.400	6185.900	4218.750	4218.750
39	Spectrogram 1	1	10.051092456	10.052092456	2839.400	6185.900	4031.250	3937.500
40	Spectrogram 1	1	10.052092456	10.053092456	2839.400	6185.900	4031.250	3937.500
41	Spectrogram 1	1	10.053092456	10.054092456	2839.400	6185.900	4031.250	3937.500
42	Spectrogram 1	1	10.054092456	10.055092456	2839.400	6185.900	4031.250	3937.500
43	Spectrogram 1	1	10.055092456	10.056092456	2839.400	6185.900	4031.250	3937.500
44	Spectrogram 1	1	10.056092456	10.057092456	2839.400	6185.900	3843.750	3750.000
45	Spectrogram 1	1	10.057092456	10.058092456	2839.400	6185.900	3843.750	3750.000
46	Spectrogram 1	1	10.058092456	10.059092456	2839.400	6185.900	3843.750	3750.000
47	Spectrogram 1	1	10.059092456	10.060092456	2839.400	6185.900	3843.750	3750.000
48	Spectrogram 1	1	10.060092456	10.061092456	2839.400	6185.900	3843.750	3750.000
49	Spectrogram 1	1	10.061092456	10.062092456	2839.400	6185.900	3750.000	3562.500
50	Spectrogram 1	1	10.062092456	10.063092456	2839.400	6185.900	3750.000	3562.500
51	Spectrogram 1	1	10.063092456	10.064092456	2839.400	6185.900	3750.000	3562.500
52	Spectrogram 1	1	10.064092456	10.065092456	2839.400	6185.900	3750.000	3562.500
53	Spectrogram 1	1	10.065092456	10.066092456	2839.400	6185.900	3750.000	3562.500
54	Spectrogram 1	1	10.066092456	10.067092456	2839.400	6185.900	3750.000	3562.500
55	Spectrogram 1	1	10.067092456	10.068092456	2839.400	6185.900	4125.000	3375.000
56	Spectrogram 1	1	10.068092456	10.069092456	2839.400	6185.900	4125.000	3375.000
57	Spectrogram 1	1	10.069092456	10.070092456	2839.400	6185.900	4125.000	3375.000
58	Spectrogram 1	1	10.070092456	10.071092456	2839.400	6185.900	4125.000	3375.000
59	Spectrogram 1	1	10.071092456	10.072092456	2839.400	6185.900	4125.000	3375.000
60	Spectrogram 1	1	10.072092456	10.073092456	2839.400	6185.900	4875.000	5531.250
61	Spectrogram 1	1	10.073092456	10.074092456	2839.400	6185.900	4875.000	5531.250
62	Spectrogram 1	1	10.074092456	10.075092456	2839.400	6185.900	4875.000	5531.250
63	Spectrogram 1	1	10.075092456	10.076092456	2839.400	6185.900	4875.000	5531.250
64	Spectrogram 1	1	10.076092456	10.077092456	2839.400	6185.900	4875.000	5531.250
65	Spectrogram 1	1	10.077092456	10.078092456	2839.400	6185.900	4500.000	5531.250
66	Spectrogram 1	1	10.078092456	10.079092456	2839.400	6185.900	4500.000	5531.250
67	Spectrogram 1	1	10.079092456	10.080092456	2839.400	6185.900	4500.000	5531.250
68	Spectrogram 1	1	10.080092456	10.081092456	2839.400	6185.900	4500.000	5531.250
69	Spectrogram 1	1	10.081092456	10.082092456	2839.400	6185.900	4500.000	5531.250
70	Spectrogram 1	1	10.082092456	10.083092456	2839.400	6185.900	4500.000	5531.250
71	Spectrogram 1	1	10.083092456	10.084092456	2839.400	6185.900	4875.000	3375.000
72	Spectrogram 1	1	10.084092456	10.085092456	2839.400	6185.900	4875.000	3375.000
73	Spectrogram 1	1	10.085092456	10.086092456	2839.400	6185.900	4875.000	3375.000
74	Spectrogram 1	1	10.086092456	10.087092456	2839.400	6185.900	4875.000	3375.000
75	Spectrogram 1	1	10.087092456	10.088092456	2839.400	6185.900	4875.000	3375.000
76	Spectrogram 1	1	10.088092456	10.089092456	2839.400	6185.900	3468.750	3375.000
77	Spectrogram 1	1	10.089092456	10.090092456	2839.400	6185.900	3468.750	3375.000
78	Spectrogram 1	1	10.090092456	10.091092456	2839.400	6185.900	3468.750	3375.000
79	Spectrogram 1	1	10.091092456	10.092092456	2839.400	6185.900	3468.750	3375.000
80	Spectrogram 1	1	10.092092456	10.093092456	2839.400	6185.900	3468.750	3375.000
81	Spectrogram 1	1	10.093092456	10.094092456	2839.400	6185.900	4031.250	4125.000
82	Spectrogram 1	1	10.094092456	10.095092456	2839.400	6185.900	4031.250	4125.000
83	Spectrogram 1	1	10.095092456	10.096092456	2839.400	6185.900	4031.250	4125.000
84	Spectrogram 1	1	10.096092456	10.097092456	2839.400	6185.900	4031.250	4125.000
85	Spectrogram 1	1	10.097092456	10.098092456	2839.400	6185.900	4031.250	4125.000
86	Spectrogram 1	1	10.098092456	10.099092456	2839.400	6185.900	4031.250	4125.000
87	Spectrogram 1	1	10.099092456	10.100092456	2839.400	6185.900	3843.750	3093.750
88	Spectrogram 1	1	10.100092456	10.101092456	2839.400	6185.900	3843.750	3093.750
89	Spectrogram 1	1	10.101092456	10.102092456	2839.400	6185.900	3843.750	3093.750
90	Spectrogram 1	1	10.102092456	10.103092456	2839.400	6185.900	3843.750	3093.750
91	Spectrogram 1	1	10.103092456	10.104092456	2839.400	6185.900	3843.750	3093.750
92	Spectrogram 1	1	10.104092456	10.105092456	2839.400	6185.900	4218.750	4968.750
93	Spectrogram 1	1	10.105092456	10.106092456	2839.400	6185.900	4218.750	4968.750
94	Spectrogram 1	1	10.106092456	10.107092456	2839.400	6185.900	4218.750	4968.750
95	Spectrogram 1	1	10.107092456	10.108092456	2839.400	6185.900	4218.750	4968.750
96	Spectrogram 1	1	10.108092456	10.109092456	2839.400	6185.900	4218.750	4968.750
97	Spectrogram 1	1	10.109092456	10.110092456	2839.400	6185.900	3750.000	3093.750
98	Spectrogram 1	1	10.110092456	10.111092456	2839.400	6185.900	3750.000	3093.750
99	Spectrogram 1	1	10.111092456	10.112092456	2839.400	6185.900	3750.000	3093.750
100	Spectrogram 1	1	10.112092456	10.113092456	2839.400	6185.900	3750.000	3093.750
101	Spectrogram 1	1	10.113092456	10.114092456	2839.400	6185.900	3750.000	3093.750
102	Spectrogram 1	1	10.114092456	10.115092456	2839.400	6185.900	3750.000	3093.750
103	Spectrogram 1	1	10.115092456	10.116092456	2839.400	6185.900	4218.750	4031.250
104	Spectrogram 1	1	10.116092456	10.117092456	2839.400	6185.900	4218.750	4031.250
105	Spectrogram 1	1	10.117092456	10.118092456	2839.400	6185.900	4218.750	4031.250
106	Spectrogram 1	1	10.118092456	10.119092456	2839.400	6185.900	4218.750	4031.250
107	Spectrogram 1	1	10.119092456	10.120092456	2839.400	6185.900	4218.750	4031.250
108	Spectrogram 1	1	10.120092456	10.121092456	2839.400	6185.900	4875.000	4875.000
109	Spectrogram 1	1	10.121092456	10.122092456	2839.400	6185.900	4875.000	4875.000
110	Spectrogram 1	1	10.122092456	10.123092456	2839.400	6185.900	4875.000	4875.000
111	Spectrogram 1	1	10.123092456	10.124092456	2839.400	6185.900	4875.000	4875.000
112	Spectrogram 1	1	10.124092456	10.125092456	2839.400	6185.900	4875.000	4875.000
113	Spectrogram 1	1	10.125092456	10.126092456	2839.400	6185.900	4875.000	4875.000
114	Spectrogram 1	1	10.126092456	10.127092456	2839.400	6185.900	4875.000	4875.000
115	Spectrogram 1	1	10.127092456	10.128092456	2839.400	6185.900	4875.000	4875.000
116	Spectrogram 1	1	10.128092456	10.129092456	2839.400	6185.900	4875.000	4875.000
117	Spectrogram 1	1	10.129092456	10.130092456	2839.400	6185.900	4875.000	4875.000
118	Spectrogram 1	1	10.130092456	10.131092456	2839.400	6185.900	4875.000	4875.000
119	Spectrogram 1	1	10.131092456	10.132092456	2839.400	6185.900	4781.250	4781.250
120	Spectrogram 1	1	10.132092456	10.133092456	2839.400	6185.900	4781.250	4781.250
121	Spectrogram 1	1	10.133092456	10.134092456	2839.400	6185.900	4781.250	4781.250
122	Spectrogram 1	1	10.134092456	10.135092456	2839.400	6185.900	4781.250	4781.250
123	Spectrogram 1	1	10.135092456	10.136092456	2839.400	6185.900	4781.250	4781.250
124	Spectrogram 1	1	10.136092456	10.137092456	2839.400	6185.900	4593.750	4593.750
125	Spectrogram 1	1	10.137092456	10.138092456	2839.400	6185.900	4593.750	4593.750
126	Spectrogram 1	1	10.138092456	10.139092456	2839.400	6185.900	4593.750	4593.750
127	Spectrogram 1	1	10.139092456	10.140092456	2839.400	6185.900	4593.750	4593.750
128	Spectrogram 1	1	10.140092456	10.141092456	2839.400	6185.900	4593.750	4593.750
129	Spectrogram 1	1	10.141092456	10.142092456	2839.400	6185.900	4500.000	4406.250
130	Spectrogram 1	1	10.142092456	10.143092456	2839.400	6185.900	4500.000	4406.250
131	Spectrogram 1	1	10.143092456	10.144092456	2839.400	6185.900	4500.000	4406.250
132	Spectrogram 1	1	10.144092456	10.145092456	2839.400	6185.900	4500.000	4406.250
133	Spectrogram 1	1	10.145092456	10.146092456	2839.400	6185.900	4500.000	4406.250
134	Spectrogram 1	1	10.146092456	10.147092456	2839.400	6185.900	4500.000	4406.250
135	Spectrogram 1	1	10.147092456	10.148092456	2839.400	6185.900	4593.750	4593.750
136	Spectrogram 1	1	10.148092456	10.149092456	2839.400	6185.900	4593.750	4593.750
137	Spectrogram 1	1	10.149092456	10.150092456	2839.400	6185.900	4593.750	4593.750
138	Spectrogram 1	1	10.150092456	10.151092456	2839.400	6185.900	4593.750	4593.750
139	Spectrogram 1	1	10.151092456	10.152092456	2839.400	6185.900	4593.750	4593.750
140	Spectrogram 1	1	10.152092456	10.153092456	2839.400	6185.900	4687.500	4687.500
141	Spectrogram 1	1	10.153092456	10.154092456	2839.400	6185.900	4687.500	4687.500
142	Spectrogram 1	1	10.154092456	10.155092456	2839.400	6185.900	4687.500	4687.500
143	Spectrogram 1	1	10.155092456	10.156092456	2839.400	6185.900	4687.500	4687.500
144	Spectrogram 1	1	10.156092456	10.157092456	2839.400	6185.900	4687.500	4687.500
145	Spectrogram 1	1	10.157092456	10.158092456	2839.400	6185.900	4687.500	4687.500
146	Spectrogram 1	1	10.158092456	10.159092456	2839.400	6185.900	4687.500	4687.500
147	Spectrogram 1	1	10.159092456	10.160092456	2839.400	6185.900	4687.500	4687.500
148	Spectrogram 1	1	10.160092456	10.161092456	2839.400	6185.900	4687.500	4687.500
149	Spectrogram 1	1	10.161092456	10.162092456	2839.400	6185.900	4687.500	4687.500
150	Spectrogram 1	1	10.162092456	10.163092456	2839.400	6185.900	4687.500	4687.500
151	Spectrogram 1	1	10.163092456	10.164092456	2839.400	6185.900	4593.750	4687.500
152	Spectrogram 1	1	10.164092456	10.165092456	2839.400	6185.900	4593.750	4687.500
153	Spectrogram 1	1	10.165092456	10.166092456	2839.400	6185.900	4593.750	4687.500
154	Spectrogram 1	1	10.166092456	10.167092456	2839.400	6185.900	4593.750	4687.500
155	Spectrogram 1	1	10.167092456	10.168092456	2839.400	6185.900	4593.750	4687.500
156	Spectrogram 1	1	10.168092456	10.169092456	2839.400	6185.900	4781.250	4781.250
157	Spectrogram 1	1	10.169092456	10.170092456	2839.400	6185.900	4781.250	4781.250
158	Spectrogram 1	1	10.170092456	10.171092456	2839.400	6185.900	4781.250	4781.250
159	Spectrogram 1	1	10.171092456	10.172092456	2839.400	6185.900	4781.250	4781.250
160	Spectrogram 1	1	10.172092456	10.173092456	2839.400	6185.900	4781.250	4781.250
161	Spectrogram 1	1	10.173092456	10.174092456	2839.400	6185.900	4968.750	4968.750
162	Spectrogram 1	1	10.174092456	10.175092456	2839.400	6185.900	4968.750	4968.750
163	Spectrogram 1	1	10.175092456	10.176092456	2839.400	6185.900	4968.750	4968.750
164	Spectrogram 1	1	10.176092456	10.177092456	2839.400	6185.900	4968.750	4968.750
165	Spectrogram 1	1	10.177092456	10.178092456	2839.400	6185.900	4968.750	4968.750
166	Spectrogram 1	1	10.178092456	10.179092456	2839.400	6185.900	4968.750	4968.750
167	Spectrogram 1	1	10.179092456	10.180092456	2839.400	6185.900	5343.750	5343.750
168	Spectrogram 1	1	10.180092456	10.181092456	2839.400	6185.900	5343.750	5343.750
169	Spectrogram 1	1	10.181092456	10.182092456	2839.400	6185.900	5343.750	5343.750
170	Spectrogram 1	1	10.182092456	10.183092456	2839.400	6185.900	5343.750	5343.750
171	Spectrogram 1	1	10.183092456	10.184092456	2839.400	6185.900	5343.750	5343.750
172	Spectrogram 1	1	10.184092456	10.185092456	2839.400	6185.900	5625.000	5625.000
173	Spectrogram 1	1	10.185092456	10.186092456	2839.400	6185.900	5625.000	5625.000
174	Spectrogram 1	1	10.186092456	10.187092456	2839.400	6185.900	5625.000	5625.000
175	Spectrogram 1	1	10.187092456	10.188092456	2839.400	6185.900	5625.000	5625.000
176	Spectrogram 1	1	10.188092456	10.189092456	2839.400	6185.900	5625.000	5625.000
177	Spectrogram 1	1	10.189092456	10.190092456	2839.400	6185.900	5718.750	5718.750
178	Spectrogram 1	1	10.190092456	10.191092456	2839.400	6185.900	5718.750	5718.750
179	Spectrogram 1	1	10.191092456	10.192092456	2839.400	6185.900	5718.750	5718.750
180	Spectrogram 1	1	10.192092456	10.193092456	2839.400	6185.900	5718.750	5718.750
181	Spectrogram 1	1	10.193092456	10.194092456	2839.400	6185.900	5718.750	5718.750
182	Spectrogram 1	1	10.194092456	10.195092456	2839.400	6185.900	5718.750	5718.750
183	Spectrogram 1	1	10.195092456	10.196092456	2839.400	6185.900	5343.750	5343.750
184	Spectrogram 1	1	10.196092456	10.197092456	2839.400	6185.900	5343.750	5343.750
185	Spectrogram 1	1	10.197092456	10.198092456	2839.400	6185.900	5343.750	5343.750
186	Spectrogram 1	1	10.198092456	10.199092456	2839.400	6185.900	5343.750	5343.750
187	Spectrogram 1	1	10.199092456	10.200092456	2839.400	6185.900	5343.750	5343.750
188	Spectrogram 1	1	10.200092456	10.201092456	2839.400	6185.900	4875.000	4968.750
189	Spectrogram 1	1	10.201092456	10.202092456	2839.400	6185.900	4875.000	4968.750
190	Spectrogram 1	1	10.202092456	10.203092456	2839.400	6185.900	4875.000	4968.750
191	Spectrogram 1	1	10.203092456	10.204092456	2839.400	6185.900	4875.000	4968.750
192	Spectrogram 1	1	10.204092456	10.205092456	2839.400	6185.900	4875.000	4968.750
193	Spectrogram 1	1	10.205092456	10.206092456	2839.400	6185.900	4312.500	4218.750
194	Spectrogram 1	1	10.206092456	10.207092456	2839.400	6185.900	4312.500	4218.750
195	Spectrogram 1	1	10.207092456	10.208092456	2839.400	6185.900	4312.500	4218.750
196	Spectrogram 1	1	10.208092456	10.209092456	2839.400	6185.900	4312.500	4218.750
197	Spectrogram 1	1	10.209092456	10.210092456	2839.400	6185.900	4312.500	4218.750
198	Spectrogram 1	1	10.210092456	10.211092456	2839.400	6185.900	4312.500	4218.750
199	Spectrogram 1	1	10.211092456	10.212092456	2839.400	6185.900	4125.000	4031.250
200	Spectrogram 1	1	10.212092456	10.213092456	2839.400	6185.900	4125.000	4031.250
201	Spectrogram 1	1	10.213092456	10.214092456	2839.400	6185.900	4125.000	4031.250
202	Spectrogram 1	1	10.214092456	10.215092456	2839.400	6185.900	4125.000	4031.250
203	Spectrogram 1	1	10.215092456	10.216092456	2839.400	6185.900	4125.000	4031.250
204	Spectrogram 1	1	10.216092456	10.216120362	2839.400	6185.900	5062.500	5625.000
