Selection	View	Channel	Begin Time (s)	End Time (s)	Low Freq (Hz)	High Freq (Hz)	Center Freq (Hz)	Peak Freq (Hz)
1	Spectrogram 1	1	4.575826761	4.576826761	3160.300	6343.500	5812.500	5812.500
2	Spectrogram 1	1	4.576826761	4.577826761	3160.300	6343.500	5812.500	5812.500
3	Spectrogram 1	1	4.577826761	4.578826761	3160.300	6343.500	5812.500	5812.500
4	Spectrogram 1	1	4.578826761	4.579826761	3160.300	6343.500	6093.750	6093.750
5	Spectrogram 1	1	4.579826761	4.580826761	3160.300	6343.500	6093.750	6093.750
6	Spectrogram 1	1	4.580826761	4.581826761	3160.300	6343.500	6093.750	6093.750
7	Spectrogram 1	1	4.581826761	4.582826761	3160.300	6343.500	6093.750	6093.750
8	Spectrogram 1	1	4.582826761	4.583826761	3160.300	6343.500	6093.750	6093.750
9	Spectrogram 1	1	4.583826761	4.584826761	3160.300	6343.500	5250.000	5250.000
10	Spectrogram 1	1	4.584826761	4.585826761	3160.300	6343.500	5250.000	5250.000
11	Spectrogram 1	1	4.585826761	4.586826761	3160.300	6343.500	5250.000	5250.000
12	Spectrogram 1	1	4.586826761	4.587826761	3160.300	6343.500	5250.000	5250.000
13	Spectrogram 1	1	4.587826761	4.588826761	3160.300	6343.500	5250.000	5250.000
14	Spectrogram 1	1	4.588826761	4.589826761	3160.300	6343.500	4875.000	4875.000
15	Spectrogram 1	1	4.589826761	4.590826761	3160.300	6343.500	4875.000	4875.000
16	Spectrogram 1	1	4.590826761	4.591826761	3160.300	6343.500	4875.000	4875.000
17	Spectrogram 1	1	4.591826761	4.592826761	3160.300	6343.500	4875.000	4875.000
18	Spectrogram 1	1	4.592826761	4.593826761	3160.300	6343.500	4875.000	4875.000
19	Spectrogram 1	1	4.593826761	4.594826761	3160.300	6343.500	4875.000	4875.000
20	Spectrogram 1	1	4.594826761	4.595826761	3160.300	6343.500	4781.250	4781.250
21	Spectrogram 1	1	4.595826761	4.596826761	3160.300	6343.500	4781.250	4781.250
22	Spectrogram 1	1	4.596826761	4.597826761	3160.300	6343.500	4781.250	4781.250
23	Spectrogram 1	1	4.597826761	4.598826761	3160.300	6343.500	4781.250	4781.250
24	Spectrogram 1	1	4.598826761	4.599826761	3160.300	6343.500	4781.250	4781.250
25	Spectrogram 1	1	4.599826761	4.600826761	3160.300	6343.500	5062.500	5156.250
26	Spectrogram 1	1	4.600826761	4.601826761	3160.300	6343.500	5062.500	5156.250
27	Spectrogram 1	1	4.601826761	4.602826761	3160.300	6343.500	5062.500	5156.250
28	Spectrogram 1	1	4.602826761	4.603826761	3160.300	6343.500	5062.500	5156.250
29	Spectrogram 1	1	4.603826761	4.604826761	3160.300	6343.500	5062.500	5156.250
30	Spectrogram 1	1	4.604826761	4.605826761	3160.300	6343.500	5250.000	5343.750
31	Spectrogram 1	1	4.605826761	4.606826761	3160.300	6343.500	5250.000	5343.750
32	Spectrogram 1	1	4.606826761	4.607826761	3160.300	6343.500	5250.000	5343.750
33	Spectrogram 1	1	4.607826761	4.608826761	3160.300	6343.500	5250.000	5343.750
34	Spectrogram 1	1	4.608826761	4.609826761	3160.300	6343.500	5250.000	5343.750
35	Spectrogram 1	1	4.609826761	4.610826761	3160.300	6343.500	5250.000	5343.750
36	Spectrogram 1	1	4.610826761	4.611826761	3160.300	6343.500	4968.750	4875.000
37	Spectrogram 1	1	4.611826761	4.612826761	3160.300	6343.500	4968.750	4875.000
38	Spectrogram 1	1	4.612826761	4.613826761	3160.300	6343.500	4968.750	4875.000
39	Spectrogram 1	1	4.613826761	4.614826761	3160.300	6343.500	4968.750	4875.000
40	Spectrogram 1	1	4.614826761	4.615826761	3160.300	6343.500	4968.750	4875.000
41	Spectrogram 1	1	4.615826761	4.616826761	3160.300	6343.500	4593.750	4593.750
42	Spectrogram 1	1	4.616826761	4.617826761	3160.300	6343.500	4593.750	4593.750
43	Spectrogram 1	1	4.617826761	4.618826761	3160.300	6343.500	4593.750	4593.750
44	Spectrogram 1	1	4.618826761	4.619826761	3160.300	6343.500	4593.750	4593.750
45	Spectrogram 1	1	4.619826761	4.620826761	3160.300	6343.500	4593.750	4593.750
46	Spectrogram 1	1	4.620826761	4.621826761	3160.300	6343.500	4218.750	4218.750
47	Spectrogram 1	1	4.621826761	4.622826761	3160.300	6343.500	4218.750	4218.750
48	Spectrogram 1	1	4.622826761	4.623826761	3160.300	6343.500	4218.750	4218.750
49	Spectrogram 1	1	4.623826761	4.624826761	3160.300	6343.500	4218.750	4218.750
50	Spectrogram 1	1	4.624826761	4.625826761	3160.300	6343.500	4218.750	4218.750
51	Spectrogram 1	1	4.625826761	4.626826761	3160.300	6343.500	4218.750	4218.750
52	Spectrogram 1	1	4.626826761	4.627826761	3160.300	6343.500	4031.250	4031.250
53	Spectrogram 1	1	4.627826761	4.628826761	3160.300	6343.500	4031.250	4031.250
54	Spectrogram 1	1	4.628826761	4.629826761	3160.300	6343.500	4031.250	4031.250
55	Spectrogram 1	1	4.629826761	4.630826761	3160.300	6343.500	4031.250	4031.250
56	Spectrogram 1	1	4.630826761	4.631826761	3160.300	6343.500	4031.250	4031.250
57	Spectrogram 1	1	4.631826761	4.632826761	3160.300	6343.500	3843.750	3843.750
58	Spectrogram 1	1	4.632826761	4.633826761	3160.300	6343.500	3843.750	3843.750
59	Spectrogram 1	1	4.633826761	4.634826761	3160.300	6343.500	3843.750	3843.750
60	Spectrogram 1	1	4.634826761	4.635826761	3160.300	6343.500	3843.750	3843.750
61	Spectrogram 1	1	4.635826761	4.636826761	3160.300	6343.500	3843.750	3843.750
62	Spectrogram 1	1	4.636826761	4.637826761	3160.300	6343.500	3750.000	3750.000
63	Spectrogram 1	1	4.637826761	4.638826761	3160.300	6343.500	3750.000	3750.000
64	Spectrogram 1	1	4.638826761	4.639826761	3160.300	6343.500	3750.000	3750.000
65	Spectrogram 1	1	4.639826761	4.640826761	3160.300	6343.500	3750.000	3750.000
66	Spectrogram 1	1	4.640826761	4.641826761	3160.300	6343.500	3750.000	3750.000
67	Spectrogram 1	1	4.641826761	4.642826761	3160.300	6343.500	3750.000	3750.000
68	Spectrogram 1	1	4.642826761	4.643826761	3160.300	6343.500	3656.250	3656.250
69	Spectrogram 1	1	4.643826761	4.644826761	3160.300	6343.500	3656.250	3656.250
70	Spectrogram 1	1	4.644826761	4.645826761	3160.300	6343.500	3656.250	3656.250
71	Spectrogram 1	1	4.645826761	4.646826761	3160.300	6343.500	3656.250	3656.250
72	Spectrogram 1	1	4.646826761	4.647826761	3160.300	6343.500	3656.250	3656.250
73	Spectrogram 1	1	4.647826761	4.648826761	3160.300	6343.500	4500.000	3468.750
74	Spectrogram 1	1	4.648826761	4.649826761	3160.300	6343.500	4500.000	3468.750
75	Spectrogram 1	1	4.649826761	4.650826761	3160.300	6343.500	4500.000	3468.750
76	Spectrogram 1	1	4.650826761	4.651826761	3160.300	6343.500	4500.000	3468.750
77	Spectrogram 1	1	4.651826761	4.652826761	3160.300	6343.500	4500.000	3468.750
78	Spectrogram 1	1	4.652826761	4.653826761	3160.300	6343.500	3656.250	3562.500
79	Spectrogram 1	1	4.653826761	4.654826761	3160.300	6343.500	3656.250	3562.500
80	Spectrogram 1	1	4.654826761	4.655826761	3160.300	6343.500	3656.250	3562.500
81	Spectrogram 1	1	4.655826761	4.656826761	3160.300	6343.500	3656.250	3562.500
82	Spectrogram 1	1	4.656826761	4.657826761	3160.300	6343.500	3656.250	3562.500
83	Spectrogram 1	1	4.657826761	4.658826761	3160.300	6343.500	3656.250	3562.500
84	Spectrogram 1	1	4.658826761	4.659826761	3160.300	6343.500	3656.250	3656.250
85	Spectrogram 1	1	4.659826761	4.660826761	3160.300	6343.500	3656.250	3656.250
86	Spectrogram 1	1	4.660826761	4.661826761	3160.300	6343.500	3656.250	3656.250
87	Spectrogram 1	1	4.661826761	4.662826761	3160.300	6343.500	3656.250	3656.250
88	Spectrogram 1	1	4.662826761	4.663826761	3160.300	6343.500	3656.250	3656.250
89	Spectrogram 1	1	4.663826761	4.664826761	3160.300	6343.500	3750.000	3750.000
90	Spectrogram 1	1	4.664826761	4.665826761	3160.300	6343.500	3750.000	3750.000
91	Spectrogram 1	1	4.665826761	4.666826761	3160.300	6343.500	3750.000	3750.000
92	Spectrogram 1	1	4.666826761	4.667826761	3160.300	6343.500	3750.000	3750.000
93	Spectrogram 1	1	4.667826761	4.668826761	3160.300	6343.500	3750.000	3750.000
94	Spectrogram 1	1	4.668826761	4.669826761	3160.300	6343.500	3750.000	3750.000
95	Spectrogram 1	1	4.669826761	4.670826761	3160.300	6343.500	3750.000	3750.000
96	Spectrogram 1	1	4.670826761	4.671826761	3160.300	6343.500	3750.000	3750.000
97	Spectrogram 1	1	4.671826761	4.672826761	3160.300	6343.500	3750.000	3750.000
98	Spectrogram 1	1	4.672826761	4.673826761	3160.300	6343.500	3750.000	3750.000
99	Spectrogram 1	1	4.673826761	4.674826761	3160.300	6343.500	3750.000	3750.000
100	Spectrogram 1	1	4.674826761	4.675826761	3160.300	6343.500	3656.250	3562.500
101	Spectrogram 1	1	4.675826761	4.676826761	3160.300	6343.500	3656.250	3562.500
102	Spectrogram 1	1	4.676826761	4.677826761	3160.300	6343.500	3656.250	3562.500
103	Spectrogram 1	1	4.677826761	4.678826761	3160.300	6343.500	3656.250	3562.500
104	Spectrogram 1	1	4.678826761	4.679826761	3160.300	6343.500	3656.250	3562.500
105	Spectrogram 1	1	4.679826761	4.680826761	3160.300	6343.500	3468.750	3468.750
106	Spectrogram 1	1	4.680826761	4.681826761	3160.300	6343.500	3468.750	3468.750
107	Spectrogram 1	1	4.681826761	4.682826761	3160.300	6343.500	3468.750	3468.750
108	Spectrogram 1	1	4.682826761	4.683826761	3160.300	6343.500	3468.750	3468.750
109	Spectrogram 1	1	4.683826761	4.684826761	3160.300	6343.500	3468.750	3468.750
110	Spectrogram 1	1	4.684826761	4.685826761	3160.300	6343.500	3375.000	3281.250
111	Spectrogram 1	1	4.685826761	4.686826761	3160.300	6343.500	3375.000	3281.250
112	Spectrogram 1	1	4.686826761	4.687826761	3160.300	6343.500	3375.000	3281.250
113	Spectrogram 1	1	4.687826761	4.688826761	3160.300	6343.500	3375.000	3281.250
114	Spectrogram 1	1	4.688826761	4.689826761	3160.300	6343.500	3375.000	3281.250
115	Spectrogram 1	1	4.689826761	4.690826761	3160.300	6343.500	3375.000	3281.250
116	Spectrogram 1	1	4.690826761	4.691826761	3160.300	6343.500	3281.250	3281.250
117	Spectrogram 1	1	4.691826761	4.692826761	3160.300	6343.500	3281.250	3281.250
118	Spectrogram 1	1	4.692826761	4.693826761	3160.300	6343.500	3281.250	3281.250
119	Spectrogram 1	1	4.693826761	4.694826761	3160.300	6343.500	3281.250	3281.250
120	Spectrogram 1	1	4.694826761	4.695826761	3160.300	6343.500	3281.250	3281.250
121	Spectrogram 1	1	4.695826761	4.696826761	3160.300	6343.500	3656.250	3281.250
122	Spectrogram 1	1	4.696826761	4.697826761	3160.300	6343.500	3656.250	3281.250
123	Spectrogram 1	1	4.697826761	4.698826761	3160.300	6343.500	3656.250	3281.250
124	Spectrogram 1	1	4.698826761	4.699826761	3160.300	6343.500	3656.250	3281.250
125	Spectrogram 1	1	4.699826761	4.700826761	3160.300	6343.500	3656.250	3281.250
126	Spectrogram 1	1	4.700826761	4.701826761	3160.300	6343.500	3843.750	4312.500
127	Spectrogram 1	1	4.701826761	4.702826761	3160.300	6343.500	3843.750	4312.500
128	Spectrogram 1	1	4.702826761	4.703826761	3160.300	6343.500	3843.750	4312.500
129	Spectrogram 1	1	4.703826761	4.704826761	3160.300	6343.500	3843.750	4312.500
130	Spectrogram 1	1	4.704826761	4.705826761	3160.300	6343.500	3843.750	4312.500
131	Spectrogram 1	1	4.705826761	4.706826761	3160.300	6343.500	3843.750	4312.500
132	Spectrogram 1	1	4.706826761	4.707826761	3160.300	6343.500	4875.000	4875.000
133	Spectrogram 1	1	4.707826761	4.708826761	3160.300	6343.500	4875.000	4875.000
134	Spectrogram 1	1	4.708826761	4.709826761	3160.300	6343.500	4875.000	4875.000
135	Spectrogram 1	1	4.709826761	4.710826761	3160.300	6343.500	4875.000	4875.000
136	Spectrogram 1	1	4.710826761	4.711826761	3160.300	6343.500	4875.000	4875.000
137	Spectrogram 1	1	4.711826761	4.712826761	3160.300	6343.500	4968.750	4968.750
138	Spectrogram 1	1	4.712826761	4.713826761	3160.300	6343.500	4968.750	4968.750
139	Spectrogram 1	1	4.713826761	4.714826761	3160.300	6343.500	4968.750	4968.750
140	Spectrogram 1	1	4.714826761	4.715826761	3160.300	6343.500	4968.750	4968.750
141	Spectrogram 1	1	4.715826761	4.716826761	3160.300	6343.500	4968.750	4968.750
142	Spectrogram 1	1	4.716826761	4.717826761	3160.300	6343.500	4781.250	4781.250
143	Spectrogram 1	1	4.717826761	4.718826761	3160.300	6343.500	4781.250	4781.250
144	Spectrogram 1	1	4.718826761	4.719826761	3160.300	6343.500	4781.250	4781.250
145	Spectrogram 1	1	4.719826761	4.720826761	3160.300	6343.500	4781.250	4781.250
146	Spectrogram 1	1	4.720826761	4.721826761	3160.300	6343.500	4781.250	4781.250
147	Spectrogram 1	1	4.721826761	4.722826761	3160.300	6343.500	4781.250	4781.250
148	Spectrogram 1	1	4.722826761	4.723826761	3160.300	6343.500	4593.750	4593.750
149	Spectrogram 1	1	4.723826761	4.724826761	3160.300	6343.500	4593.750	4593.750
150	Spectrogram 1	1	4.724826761	4.725826761	3160.300	6343.500	4593.750	4593.750
151	Spectrogram 1	1	4.725826761	4.726826761	3160.300	6343.500	4593.750	4593.750
152	Spectrogram 1	1	4.726826761	4.727826761	3160.300	6343.500	4593.750	4593.750
153	Spectrogram 1	1	4.727826761	4.728826761	3160.300	6343.500	4500.000	4500.000
154	Spectrogram 1	1	4.728826761	4.729826761	3160.300	6343.500	4500.000	4500.000
155	Spectrogram 1	1	4.729826761	4.730826761	3160.300	6343.500	4500.000	4500.000
156	Spectrogram 1	1	4.730826761	4.731826761	3160.300	6343.500	4500.000	4500.000
157	Spectrogram 1	1	4.731826761	4.732826761	3160.300	6343.500	4500.000	4500.000
158	Spectrogram 1	1	4.732826761	4.733826761	3160.300	6343.500	4593.750	4593.750
159	Spectrogram 1	1	4.733826761	4.734826761	3160.300	6343.500	4593.750	4593.750
160	Spectrogram 1	1	4.734826761	4.735826761	3160.300	6343.500	4593.750	4593.750
161	Spectrogram 1	1	4.735826761	4.736826761	3160.300	6343.500	4593.750	4593.750
162	Spectrogram 1	1	4.736826761	4.737826761	3160.300	6343.500	4593.750	4593.750
163	Spectrogram 1	1	4.737826761	4.738826761	3160.300	6343.500	4593.750	4593.750
164	Spectrogram 1	1	4.738826761	4.739826761	3160.300	6343.500	4781.250	4781.250
165	Spectrogram 1	1	4.739826761	4.740826761	3160.300	6343.500	4781.250	4781.250
166	Spectrogram 1	1	4.740826761	4.741826761	3160.300	6343.500	4781.250	4781.250
167	Spectrogram 1	1	4.741826761	4.742826761	3160.300	6343.500	4781.250	4781.250
168	Spectrogram 1	1	4.742826761	4.743826761	3160.300	6343.500	4781.250	4781.250
169	Spectrogram 1	1	4.743826761	4.744826761	3160.300	6343.500	4875.000	4875.000
170	Spectrogram 1	1	4.744826761	4.745826761	3160.300	6343.500	4875.000	4875.000
171	Spectrogram 1	1	4.745826761	4.746826761	3160.300	6343.500	4875.000	4875.000
172	Spectrogram 1	1	4.746826761	4.747826761	3160.300	6343.500	4875.000	4875.000
173	Spectrogram 1	1	4.747826761	4.748826761	3160.300	6343.500	4875.000	4875.000
174	Spectrogram 1	1	4.748826761	4.749826761	3160.300	6343.500	4968.750	4968.750
175	Spectrogram 1	1	4.749826761	4.750826761	3160.300	6343.500	4968.750	4968.750
176	Spectrogram 1	1	4.750826761	4.751826761	3160.300	6343.500	4968.750	4968.750
177	Spectrogram 1	1	4.751826761	4.752826761	3160.300	6343.500	4968.750	4968.750
178	Spectrogram 1	1	4.752826761	4.753826761	3160.300	6343.500	4968.750	4968.750
179	Spectrogram 1	1	4.753826761	4.754826761	3160.300	6343.500	4968.750	4968.750
180	Spectrogram 1	1	4.754826761	4.755826761	3160.300	6343.500	5250.000	5156.250
181	Spectrogram 1	1	4.755826761	4.756826761	3160.300	6343.500	5250.000	5156.250
182	Spectrogram 1	1	4.756826761	4.757826761	3160.300	6343.500	5250.000	5156.250
183	Spectrogram 1	1	4.757826761	4.758826761	3160.300	6343.500	5250.000	5156.250
184	Spectrogram 1	1	4.758826761	4.759826761	3160.300	6343.500	5250.000	5156.250
185	Spectrogram 1	1	4.759826761	4.760826761	3160.300	6343.500	5343.750	5343.750
186	Spectrogram 1	1	4.760826761	4.761826761	3160.300	6343.500	5343.750	5343.750
187	Spectrogram 1	1	4.761826761	4.762826761	3160.300	6343.500	5343.750	5343.750
188	Spectrogram 1	1	4.762826761	4.763826761	3160.300	6343.500	5343.750	5343.750
189	Spectrogram 1	1	4.763826761	4.764826761	3160.300	6343.500	5343.750	5343.750
190	Spectrogram 1	1	4.764826761	4.765826761	3160.300	6343.500	5718.750	5718.750
191	Spectrogram 1	1	4.765826761	4.766826761	3160.300	6343.500	5718.750	5718.750
192	Spectrogram 1	1	4.766826761	4.767826761	3160.300	6343.500	5718.750	5718.750
193	Spectrogram 1	1	4.767826761	4.768826761	3160.300	6343.500	5718.750	5718.750
194	Spectrogram 1	1	4.768826761	4.769826761	3160.300	6343.500	5718.750	5718.750
195	Spectrogram 1	1	4.769826761	4.770826761	3160.300	6343.500	5718.750	5718.750
196	Spectrogram 1	1	4.770826761	4.771826761	3160.300	6343.500	6093.750	6093.750
197	Spectrogram 1	1	4.771826761	4.772826761	3160.300	6343.500	6093.750	6093.750
198	Spectrogram 1	1	4.772826761	4.773826761	3160.300	6343.500	6093.750	6093.750
199	Spectrogram 1	1	4.773826761	4.774826761	3160.300	6343.500	6093.750	6093.750
200	Spectrogram 1	1	4.774826761	4.775826761	3160.300	6343.500	6093.750	6093.750
201	Spectrogram 1	1	4.775826761	4.776826761	3160.300	6343.500	5343.750	5343.750
202	Spectrogram 1	1	4.776826761	4.777826761	3160.300	6343.500	5343.750	5343.750
203	Spectrogram 1	1	4.777826761	4.778826761	3160.300	6343.500	5343.750	5343.750
204	Spectrogram 1	1	4.778826761	4.779826761	3160.300	6343.500	5343.750	5343.750
205	Spectrogram 1	1	4.779826761	4.780826761	3160.300	6343.500	5343.750	5343.750
206	Spectrogram 1	1	4.780826761	4.781826761	3160.300	6343.500	4687.500	4593.750
207	Spectrogram 1	1	4.781826761	4.782826761	3160.300	6343.500	4687.500	4593.750
208	Spectrogram 1	1	4.782826761	4.783826761	3160.300	6343.500	4687.500	4593.750
209	Spectrogram 1	1	4.783826761	4.784826761	3160.300	6343.500	4687.500	4593.750
210	Spectrogram 1	1	4.784826761	4.785826761	3160.300	6343.500	4687.500	4593.750
211	Spectrogram 1	1	4.785826761	4.786826761	3160.300	6343.500	4687.500	4593.750
212	Spectrogram 1	1	4.786826761	4.787826761	3160.300	6343.500	4406.250	4406.250
213	Spectrogram 1	1	4.787826761	4.788826761	3160.300	6343.500	4406.250	4406.250
214	Spectrogram 1	1	4.788826761	4.789826761	3160.300	6343.500	4406.250	4406.250
215	Spectrogram 1	1	4.789826761	4.790826761	3160.300	6343.500	4406.250	4406.250
216	Spectrogram 1	1	4.790826761	4.791826761	3160.300	6343.500	4406.250	4406.250
217	Spectrogram 1	1	4.791826761	4.792826761	3160.300	6343.500	4312.500	4312.500
218	Spectrogram 1	1	4.792826761	4.793826761	3160.300	6343.500	4312.500	4312.500
219	Spectrogram 1	1	4.793826761	4.794826761	3160.300	6343.500	4312.500	4312.500
220	Spectrogram 1	1	4.794826761	4.795826761	3160.300	6343.500	4312.500	4312.500
221	Spectrogram 1	1	4.795826761	4.796826761	3160.300	6343.500	4312.500	4312.500
222	Spectrogram 1	1	4.796826761	4.797826761	3160.300	6343.500	4312.500	4312.500
223	Spectrogram 1	1	4.797826761	4.798826761	3160.300	6343.500	4312.500	4312.500
224	Spectrogram 1	1	4.798826761	4.799826761	3160.300	6343.500	4312.500	4312.500
225	Spectrogram 1	1	4.799826761	4.800826761	3160.300	6343.500	4312.500	4312.500
226	Spectrogram 1	1	4.800826761	4.801826761	3160.300	6343.500	4312.500	4312.500
227	Spectrogram 1	1	4.801826761	4.801849853	3160.300	6343.500	4312.500	4312.500
