Selection	View	Channel	Begin Time (s)	End Time (s)	Low Freq (Hz)	High Freq (Hz)	Center Freq (Hz)	Peak Freq (Hz)
1	Spectrogram 1	1	2.375937143	2.376934875	2898.900	6140.200	5167.969	5167.969
2	Spectrogram 1	1	2.376934875	2.377932608	2898.900	6140.200	5684.766	5684.766
3	Spectrogram 1	1	2.377932608	2.378930340	2898.900	6140.200	5684.766	5684.766
4	Spectrogram 1	1	2.378930340	2.379928073	2898.900	6140.200	5684.766	5684.766
5	Spectrogram 1	1	2.379928073	2.380925805	2898.900	6140.200	5684.766	5684.766
6	Spectrogram 1	1	2.380925805	2.381923538	2898.900	6140.200	5684.766	5684.766
7	Spectrogram 1	1	2.381923538	2.382921270	2898.900	6140.200	5684.766	5684.766
8	Spectrogram 1	1	2.382921270	2.383919002	2898.900	6140.200	5598.633	5684.766
9	Spectrogram 1	1	2.383919002	2.384916735	2898.900	6140.200	5598.633	5684.766
10	Spectrogram 1	1	2.384916735	2.385914467	2898.900	6140.200	5598.633	5684.766
11	Spectrogram 1	1	2.385914467	2.386912200	2898.900	6140.200	5598.633	5684.766
12	Spectrogram 1	1	2.386912200	2.387909932	2898.900	6140.200	5598.633	5684.766
13	Spectrogram 1	1	2.387909932	2.388907665	2898.900	6140.200	5598.633	5684.766
14	Spectrogram 1	1	2.388907665	2.389905397	2898.900	6140.200	5081.836	5081.836
15	Spectrogram 1	1	2.389905397	2.390903129	2898.900	6140.200	5081.836	5081.836
16	Spectrogram 1	1	2.390903129	2.391900862	2898.900	6140.200	5081.836	5081.836
17	Spectrogram 1	1	2.391900862	2.392898594	2898.900	6140.200	5081.836	5081.836
18	Spectrogram 1	1	2.392898594	2.393896327	2898.900	6140.200	5081.836	5081.836
19	Spectrogram 1	1	2.393896327	2.394894059	2898.900	6140.200	5081.836	5081.836
20	Spectrogram 1	1	2.394894059	2.395891792	2898.900	6140.200	4737.305	4737.305
21	Spectrogram 1	1	2.395891792	2.396889524	2898.900	6140.200	4737.305	4737.305
22	Spectrogram 1	1	2.396889524	2.397887256	2898.900	6140.200	4737.305	4737.305
23	Spectrogram 1	1	2.397887256	2.398884989	2898.900	6140.200	4737.305	4737.305
24	Spectrogram 1	1	2.398884989	2.399882721	2898.900	6140.200	4737.305	4737.305
25	Spectrogram 1	1	2.399882721	2.400880454	2898.900	6140.200	5167.969	5167.969
26	Spectrogram 1	1	2.400880454	2.401878186	2898.900	6140.200	5167.969	5167.969
27	Spectrogram 1	1	2.401878186	2.402875919	2898.900	6140.200	5167.969	5167.969
28	Spectrogram 1	1	2.402875919	2.403873651	2898.900	6140.200	5167.969	5167.969
29	Spectrogram 1	1	2.403873651	2.404871383	2898.900	6140.200	5167.969	5167.969
30	Spectrogram 1	1	2.404871383	2.405869116	2898.900	6140.200	5167.969	5167.969
31	Spectrogram 1	1	2.405869116	2.406866848	2898.900	6140.200	5254.102	5254.102
32	Spectrogram 1	1	2.406866848	2.407864581	2898.900	6140.200	5254.102	5254.102
33	Spectrogram 1	1	2.407864581	2.408862313	2898.900	6140.200	5254.102	5254.102
34	Spectrogram 1	1	2.408862313	2.409860045	2898.900	6140.200	5254.102	5254.102
35	Spectrogram 1	1	2.409860045	2.410857778	2898.900	6140.200	5254.102	5254.102
36	Spectrogram 1	1	2.410857778	2.411855510	2898.900	6140.200	5254.102	5254.102
37	Spectrogram 1	1	2.411855510	2.412853243	2898.900	6140.200	4995.703	4995.703
38	Spectrogram 1	1	2.412853243	2.413850975	2898.900	6140.200	4995.703	4995.703
39	Spectrogram 1	1	2.413850975	2.414848708	2898.900	6140.200	4995.703	4995.703
40	Spectrogram 1	1	2.414848708	2.415846440	2898.900	6140.200	4995.703	4995.703
41	Spectrogram 1	1	2.415846440	2.416844172	2898.900	6140.200	4995.703	4995.703
42	Spectrogram 1	1	2.416844172	2.417841905	2898.900	6140.200	4995.703	4995.703
43	Spectrogram 1	1	2.417841905	2.418839637	2898.900	6140.200	4478.906	4392.773
44	Spectrogram 1	1	2.418839637	2.419837370	2898.900	6140.200	4478.906	4392.773
45	Spectrogram 1	1	2.419837370	2.420835102	2898.900	6140.200	4478.906	4392.773
46	Spectrogram 1	1	2.420835102	2.421832835	2898.900	6140.200	4478.906	4392.773
47	Spectrogram 1	1	2.421832835	2.422830567	2898.900	6140.200	4478.906	4392.773
48	Spectrogram 1	1	2.422830567	2.423828299	2898.900	6140.200	4478.906	4392.773
49	Spectrogram 1	1	2.423828299	2.424826032	2898.900	6140.200	4134.375	4134.375
50	Spectrogram 1	1	2.424826032	2.425823764	2898.900	6140.200	4134.375	4134.375
51	Spectrogram 1	1	2.425823764	2.426821497	2898.900	6140.200	4134.375	4134.375
52	Spectrogram 1	1	2.426821497	2.427819229	2898.900	6140.200	4134.375	4134.375
53	Spectrogram 1	1	2.427819229	2.428816962	2898.900	6140.200	4134.375	4134.375
54	Spectrogram 1	1	2.428816962	2.429814694	2898.900	6140.200	4134.375	4134.375
55	Spectrogram 1	1	2.429814694	2.430812426	2898.900	6140.200	3875.977	3875.977
56	Spectrogram 1	1	2.430812426	2.431810159	2898.900	6140.200	3875.977	3875.977
57	Spectrogram 1	1	2.431810159	2.432807891	2898.900	6140.200	3875.977	3875.977
58	Spectrogram 1	1	2.432807891	2.433805624	2898.900	6140.200	3875.977	3875.977
59	Spectrogram 1	1	2.433805624	2.434803356	2898.900	6140.200	3875.977	3875.977
60	Spectrogram 1	1	2.434803356	2.435801089	2898.900	6140.200	3617.578	3617.578
61	Spectrogram 1	1	2.435801089	2.436798821	2898.900	6140.200	3617.578	3617.578
62	Spectrogram 1	1	2.436798821	2.437796553	2898.900	6140.200	3617.578	3617.578
63	Spectrogram 1	1	2.437796553	2.438794286	2898.900	6140.200	3617.578	3617.578
64	Spectrogram 1	1	2.438794286	2.439792018	2898.900	6140.200	3617.578	3617.578
65	Spectrogram 1	1	2.439792018	2.440789751	2898.900	6140.200	3617.578	3617.578
66	Spectrogram 1	1	2.440789751	2.441787483	2898.900	6140.200	3531.445	3531.445
67	Spectrogram 1	1	2.441787483	2.442785216	2898.900	6140.200	3531.445	3531.445
68	Spectrogram 1	1	2.442785216	2.443782948	2898.900	6140.200	3531.445	3531.445
69	Spectrogram 1	1	2.443782948	2.444780680	2898.900	6140.200	3531.445	3531.445
70	Spectrogram 1	1	2.444780680	2.445778413	2898.900	6140.200	3531.445	3531.445
71	Spectrogram 1	1	2.445778413	2.446776145	2898.900	6140.200	3531.445	3531.445
72	Spectrogram 1	1	2.446776145	2.447773878	2898.900	6140.200	3445.312	3445.312
73	Spectrogram 1	1	2.447773878	2.448771610	2898.900	6140.200	3445.312	3445.312
74	Spectrogram 1	1	2.448771610	2.449769343	2898.900	6140.200	3445.312	3445.312
75	Spectrogram 1	1	2.449769343	2.450767075	2898.900	6140.200	3445.312	3445.312
76	Spectrogram 1	1	2.450767075	2.451764807	2898.900	6140.200	3445.312	3445.312
77	Spectrogram 1	1	2.451764807	2.452762540	2898.900	6140.200	3445.312	3445.312
78	Spectrogram 1	1	2.452762540	2.453760272	2898.900	6140.200	3445.312	3359.180
79	Spectrogram 1	1	2.453760272	2.454758005	2898.900	6140.200	3445.312	3359.180
80	Spectrogram 1	1	2.454758005	2.455755737	2898.900	6140.200	3445.312	3359.180
81	Spectrogram 1	1	2.455755737	2.456753470	2898.900	6140.200	3445.312	3359.180
82	Spectrogram 1	1	2.456753470	2.457751202	2898.900	6140.200	3445.312	3359.180
83	Spectrogram 1	1	2.457751202	2.458748934	2898.900	6140.200	3445.312	3359.180
84	Spectrogram 1	1	2.458748934	2.459746667	2898.900	6140.200	3445.312	3445.312
85	Spectrogram 1	1	2.459746667	2.460744399	2898.900	6140.200	3445.312	3445.312
86	Spectrogram 1	1	2.460744399	2.461742132	2898.900	6140.200	3445.312	3445.312
87	Spectrogram 1	1	2.461742132	2.462739864	2898.900	6140.200	3445.312	3445.312
88	Spectrogram 1	1	2.462739864	2.463737597	2898.900	6140.200	3445.312	3445.312
89	Spectrogram 1	1	2.463737597	2.464735329	2898.900	6140.200	3531.445	3531.445
90	Spectrogram 1	1	2.464735329	2.465733061	2898.900	6140.200	3531.445	3531.445
91	Spectrogram 1	1	2.465733061	2.466730794	2898.900	6140.200	3531.445	3531.445
92	Spectrogram 1	1	2.466730794	2.467728526	2898.900	6140.200	3531.445	3531.445
93	Spectrogram 1	1	2.467728526	2.468726259	2898.900	6140.200	3531.445	3531.445
94	Spectrogram 1	1	2.468726259	2.469723991	2898.900	6140.200	3531.445	3531.445
95	Spectrogram 1	1	2.469723991	2.470721723	2898.900	6140.200	3531.445	3445.312
96	Spectrogram 1	1	2.470721723	2.471719456	2898.900	6140.200	3531.445	3445.312
97	Spectrogram 1	1	2.471719456	2.472717188	2898.900	6140.200	3531.445	3445.312
98	Spectrogram 1	1	2.472717188	2.473714921	2898.900	6140.200	3531.445	3445.312
99	Spectrogram 1	1	2.473714921	2.474712653	2898.900	6140.200	3531.445	3445.312
100	Spectrogram 1	1	2.474712653	2.475710386	2898.900	6140.200	3531.445	3445.312
101	Spectrogram 1	1	2.475710386	2.476708118	2898.900	6140.200	3359.180	3359.180
102	Spectrogram 1	1	2.476708118	2.477705850	2898.900	6140.200	3359.180	3359.180
103	Spectrogram 1	1	2.477705850	2.478703583	2898.900	6140.200	3359.180	3359.180
104	Spectrogram 1	1	2.478703583	2.479701315	2898.900	6140.200	3359.180	3359.180
105	Spectrogram 1	1	2.479701315	2.480699048	2898.900	6140.200	3359.180	3359.180
106	Spectrogram 1	1	2.480699048	2.481696780	2898.900	6140.200	3359.180	3359.180
107	Spectrogram 1	1	2.481696780	2.482694513	2898.900	6140.200	3273.047	3273.047
108	Spectrogram 1	1	2.482694513	2.483692245	2898.900	6140.200	3273.047	3273.047
109	Spectrogram 1	1	2.483692245	2.484689977	2898.900	6140.200	3273.047	3273.047
110	Spectrogram 1	1	2.484689977	2.485687710	2898.900	6140.200	3273.047	3273.047
111	Spectrogram 1	1	2.485687710	2.486685442	2898.900	6140.200	3273.047	3273.047
112	Spectrogram 1	1	2.486685442	2.487683175	2898.900	6140.200	3273.047	3273.047
113	Spectrogram 1	1	2.487683175	2.488680907	2898.900	6140.200	3100.781	3100.781
114	Spectrogram 1	1	2.488680907	2.489678640	2898.900	6140.200	3100.781	3100.781
115	Spectrogram 1	1	2.489678640	2.490676372	2898.900	6140.200	3100.781	3100.781
116	Spectrogram 1	1	2.490676372	2.491674104	2898.900	6140.200	3100.781	3100.781
117	Spectrogram 1	1	2.491674104	2.492671837	2898.900	6140.200	3100.781	3100.781
118	Spectrogram 1	1	2.492671837	2.493669569	2898.900	6140.200	3100.781	3100.781
119	Spectrogram 1	1	2.493669569	2.494667302	2898.900	6140.200	3445.312	3531.445
120	Spectrogram 1	1	2.494667302	2.495665034	2898.900	6140.200	3445.312	3531.445
121	Spectrogram 1	1	2.495665034	2.496662767	2898.900	6140.200	3445.312	3531.445
122	Spectrogram 1	1	2.496662767	2.497660499	2898.900	6140.200	3445.312	3531.445
123	Spectrogram 1	1	2.497660499	2.498658231	2898.900	6140.200	3445.312	3531.445
124	Spectrogram 1	1	2.498658231	2.499655964	2898.900	6140.200	3789.844	3359.180
125	Spectrogram 1	1	2.499655964	2.500653696	2898.900	6140.200	3789.844	3359.180
126	Spectrogram 1	1	2.500653696	2.501651429	2898.900	6140.200	3789.844	3359.180
127	Spectrogram 1	1	2.501651429	2.502649161	2898.900	6140.200	3789.844	3359.180
128	Spectrogram 1	1	2.502649161	2.503646894	2898.900	6140.200	3789.844	3359.180
129	Spectrogram 1	1	2.503646894	2.504644626	2898.900	6140.200	3789.844	3359.180
130	Spectrogram 1	1	2.504644626	2.505642358	2898.900	6140.200	4737.305	4823.438
131	Spectrogram 1	1	2.505642358	2.506640091	2898.900	6140.200	4737.305	4823.438
132	Spectrogram 1	1	2.506640091	2.507637823	2898.900	6140.200	4737.305	4823.438
133	Spectrogram 1	1	2.507637823	2.508635556	2898.900	6140.200	4737.305	4823.438
134	Spectrogram 1	1	2.508635556	2.509633288	2898.900	6140.200	4737.305	4823.438
135	Spectrogram 1	1	2.509633288	2.510631021	2898.900	6140.200	4737.305	4823.438
136	Spectrogram 1	1	2.510631021	2.511628753	2898.900	6140.200	5081.836	5081.836
137	Spectrogram 1	1	2.511628753	2.512626485	2898.900	6140.200	5081.836	5081.836
138	Spectrogram 1	1	2.512626485	2.513624218	2898.900	6140.200	5081.836	5081.836
139	Spectrogram 1	1	2.513624218	2.514621950	2898.900	6140.200	5081.836	5081.836
140	Spectrogram 1	1	2.514621950	2.515619683	2898.900	6140.200	5081.836	5081.836
141	Spectrogram 1	1	2.515619683	2.516617415	2898.900	6140.200	5081.836	5081.836
142	Spectrogram 1	1	2.516617415	2.517615148	2898.900	6140.200	4909.570	4909.570
143	Spectrogram 1	1	2.517615148	2.518612880	2898.900	6140.200	4909.570	4909.570
144	Spectrogram 1	1	2.518612880	2.519610612	2898.900	6140.200	4909.570	4909.570
145	Spectrogram 1	1	2.519610612	2.520608345	2898.900	6140.200	4909.570	4909.570
146	Spectrogram 1	1	2.520608345	2.521606077	2898.900	6140.200	4909.570	4909.570
147	Spectrogram 1	1	2.521606077	2.522603810	2898.900	6140.200	4909.570	4909.570
148	Spectrogram 1	1	2.522603810	2.523601542	2898.900	6140.200	4737.305	4737.305
149	Spectrogram 1	1	2.523601542	2.524599275	2898.900	6140.200	4737.305	4737.305
150	Spectrogram 1	1	2.524599275	2.525597007	2898.900	6140.200	4737.305	4737.305
151	Spectrogram 1	1	2.525597007	2.526594739	2898.900	6140.200	4737.305	4737.305
152	Spectrogram 1	1	2.526594739	2.527592472	2898.900	6140.200	4737.305	4737.305
153	Spectrogram 1	1	2.527592472	2.528590204	2898.900	6140.200	4737.305	4737.305
154	Spectrogram 1	1	2.528590204	2.529587937	2898.900	6140.200	4737.305	4737.305
155	Spectrogram 1	1	2.529587937	2.530585669	2898.900	6140.200	4737.305	4737.305
156	Spectrogram 1	1	2.530585669	2.531583402	2898.900	6140.200	4737.305	4737.305
157	Spectrogram 1	1	2.531583402	2.532581134	2898.900	6140.200	4737.305	4737.305
158	Spectrogram 1	1	2.532581134	2.533578866	2898.900	6140.200	4737.305	4737.305
159	Spectrogram 1	1	2.533578866	2.534576599	2898.900	6140.200	4823.438	4823.438
160	Spectrogram 1	1	2.534576599	2.535574331	2898.900	6140.200	4823.438	4823.438
161	Spectrogram 1	1	2.535574331	2.536572064	2898.900	6140.200	4823.438	4823.438
162	Spectrogram 1	1	2.536572064	2.537569796	2898.900	6140.200	4823.438	4823.438
163	Spectrogram 1	1	2.537569796	2.538567528	2898.900	6140.200	4823.438	4823.438
164	Spectrogram 1	1	2.538567528	2.539565261	2898.900	6140.200	4823.438	4823.438
165	Spectrogram 1	1	2.539565261	2.540562993	2898.900	6140.200	4909.570	4909.570
166	Spectrogram 1	1	2.540562993	2.541560726	2898.900	6140.200	4909.570	4909.570
167	Spectrogram 1	1	2.541560726	2.542558458	2898.900	6140.200	4909.570	4909.570
168	Spectrogram 1	1	2.542558458	2.543556191	2898.900	6140.200	4909.570	4909.570
169	Spectrogram 1	1	2.543556191	2.544553923	2898.900	6140.200	4909.570	4909.570
170	Spectrogram 1	1	2.544553923	2.545551655	2898.900	6140.200	4909.570	4909.570
171	Spectrogram 1	1	2.545551655	2.546549388	2898.900	6140.200	5167.969	5167.969
172	Spectrogram 1	1	2.546549388	2.547547120	2898.900	6140.200	5167.969	5167.969
173	Spectrogram 1	1	2.547547120	2.548544853	2898.900	6140.200	5167.969	5167.969
174	Spectrogram 1	1	2.548544853	2.549542585	2898.900	6140.200	5167.969	5167.969
175	Spectrogram 1	1	2.549542585	2.550540318	2898.900	6140.200	5167.969	5167.969
176	Spectrogram 1	1	2.550540318	2.551538050	2898.900	6140.200	5167.969	5167.969
177	Spectrogram 1	1	2.551538050	2.552535782	2898.900	6140.200	5598.633	5598.633
178	Spectrogram 1	1	2.552535782	2.553533515	2898.900	6140.200	5598.633	5598.633
179	Spectrogram 1	1	2.553533515	2.554531247	2898.900	6140.200	5598.633	5598.633
180	Spectrogram 1	1	2.554531247	2.555528980	2898.900	6140.200	5598.633	5598.633
181	Spectrogram 1	1	2.555528980	2.556526712	2898.900	6140.200	5598.633	5598.633
182	Spectrogram 1	1	2.556526712	2.557524445	2898.900	6140.200	5598.633	5598.633
183	Spectrogram 1	1	2.557524445	2.558522177	2898.900	6140.200	5684.766	5684.766
184	Spectrogram 1	1	2.558522177	2.559519909	2898.900	6140.200	5684.766	5684.766
185	Spectrogram 1	1	2.559519909	2.560517642	2898.900	6140.200	5684.766	5684.766
186	Spectrogram 1	1	2.560517642	2.561515374	2898.900	6140.200	5684.766	5684.766
187	Spectrogram 1	1	2.561515374	2.562513107	2898.900	6140.200	5684.766	5684.766
188	Spectrogram 1	1	2.562513107	2.563510839	2898.900	6140.200	5512.500	5598.633
189	Spectrogram 1	1	2.563510839	2.564508572	2898.900	6140.200	5512.500	5598.633
190	Spectrogram 1	1	2.564508572	2.565506304	2898.900	6140.200	5512.500	5598.633
191	Spectrogram 1	1	2.565506304	2.566504036	2898.900	6140.200	5512.500	5598.633
192	Spectrogram 1	1	2.566504036	2.567501769	2898.900	6140.200	5512.500	5598.633
193	Spectrogram 1	1	2.567501769	2.568499501	2898.900	6140.200	5512.500	5598.633
194	Spectrogram 1	1	2.568499501	2.569497234	2898.900	6140.200	4737.305	4651.172
195	Spectrogram 1	1	2.569497234	2.570494966	2898.900	6140.200	4737.305	4651.172
196	Spectrogram 1	1	2.570494966	2.571492699	2898.900	6140.200	4737.305	4651.172
197	Spectrogram 1	1	2.571492699	2.572490431	2898.900	6140.200	4737.305	4651.172
198	Spectrogram 1	1	2.572490431	2.573488163	2898.900	6140.200	4737.305	4651.172
199	Spectrogram 1	1	2.573488163	2.574485896	2898.900	6140.200	4737.305	4651.172
200	Spectrogram 1	1	2.574485896	2.575483628	2898.900	6140.200	4220.508	4220.508
201	Spectrogram 1	1	2.575483628	2.576481361	2898.900	6140.200	4220.508	4220.508
202	Spectrogram 1	1	2.576481361	2.577479093	2898.900	6140.200	4220.508	4220.508
203	Spectrogram 1	1	2.577479093	2.578476826	2898.900	6140.200	4220.508	4220.508
204	Spectrogram 1	1	2.578476826	2.579474558	2898.900	6140.200	4220.508	4220.508
205	Spectrogram 1	1	2.579474558	2.580472290	2898.900	6140.200	4220.508	4220.508
206	Spectrogram 1	1	2.580472290	2.581470023	2898.900	6140.200	4048.242	3962.109
207	Spectrogram 1	1	2.581470023	2.582467755	2898.900	6140.200	4048.242	3962.109
208	Spectrogram 1	1	2.582467755	2.583465488	2898.900	6140.200	4048.242	3962.109
209	Spectrogram 1	1	2.583465488	2.584463220	2898.900	6140.200	4048.242	3962.109
210	Spectrogram 1	1	2.584463220	2.585460953	2898.900	6140.200	4048.242	3962.109
211	Spectrogram 1	1	2.585460953	2.586458685	2898.900	6140.200	4048.242	3962.109
212	Spectrogram 1	1	2.586458685	2.587456417	2898.900	6140.200	3703.711	3703.711
213	Spectrogram 1	1	2.587456417	2.588454150	2898.900	6140.200	3703.711	3703.711
214	Spectrogram 1	1	2.588454150	2.589451882	2898.900	6140.200	3703.711	3703.711
215	Spectrogram 1	1	2.589451882	2.590449615	2898.900	6140.200	3703.711	3703.711
216	Spectrogram 1	1	2.590449615	2.591447347	2898.900	6140.200	3703.711	3703.711
217	Spectrogram 1	1	2.591447347	2.592445080	2898.900	6140.200	4478.906	4392.773
218	Spectrogram 1	1	2.592445080	2.593442812	2898.900	6140.200	4478.906	4392.773
219	Spectrogram 1	1	2.593442812	2.593841269	2898.900	6140.200	4478.906	4392.773
