Selection	View	Channel	Begin Time (s)	End Time (s)	Low Freq (Hz)	High Freq (Hz)	Center Freq (Hz)	Peak Freq (Hz)
1	Spectrogram 1	1	12.388189855	12.389187587	1403.200	5853.300	4306.641	4392.773
2	Spectrogram 1	1	12.389187587	12.390185320	1403.200	5853.300	4306.641	4392.773
3	Spectrogram 1	1	12.390185320	12.391183052	1403.200	5853.300	4306.641	4392.773
4	Spectrogram 1	1	12.391183052	12.392180785	1403.200	5853.300	4306.641	4909.570
5	Spectrogram 1	1	12.392180785	12.393178517	1403.200	5853.300	4306.641	4909.570
6	Spectrogram 1	1	12.393178517	12.394176250	1403.200	5853.300	4306.641	4909.570
7	Spectrogram 1	1	12.394176250	12.395173982	1403.200	5853.300	4306.641	4909.570
8	Spectrogram 1	1	12.395173982	12.396171714	1403.200	5853.300	4306.641	4909.570
9	Spectrogram 1	1	12.396171714	12.397169447	1403.200	5853.300	4134.375	4306.641
10	Spectrogram 1	1	12.397169447	12.398167179	1403.200	5853.300	4134.375	4306.641
11	Spectrogram 1	1	12.398167179	12.399164912	1403.200	5853.300	4134.375	4306.641
12	Spectrogram 1	1	12.399164912	12.400162644	1403.200	5853.300	4134.375	4306.641
13	Spectrogram 1	1	12.400162644	12.401160377	1403.200	5853.300	4134.375	4306.641
14	Spectrogram 1	1	12.401160377	12.402158109	1403.200	5853.300	4134.375	4306.641
15	Spectrogram 1	1	12.402158109	12.403155841	1403.200	5853.300	4478.906	4478.906
16	Spectrogram 1	1	12.403155841	12.404153574	1403.200	5853.300	4478.906	4478.906
17	Spectrogram 1	1	12.404153574	12.405151306	1403.200	5853.300	4478.906	4478.906
18	Spectrogram 1	1	12.405151306	12.406149039	1403.200	5853.300	4478.906	4478.906
19	Spectrogram 1	1	12.406149039	12.407146771	1403.200	5853.300	4478.906	4478.906
20	Spectrogram 1	1	12.407146771	12.408144504	1403.200	5853.300	4478.906	4478.906
21	Spectrogram 1	1	12.408144504	12.409142236	1403.200	5853.300	3703.711	3875.977
22	Spectrogram 1	1	12.409142236	12.410139968	1403.200	5853.300	3703.711	3875.977
23	Spectrogram 1	1	12.410139968	12.411137701	1403.200	5853.300	3703.711	3875.977
24	Spectrogram 1	1	12.411137701	12.412135433	1403.200	5853.300	3703.711	3875.977
25	Spectrogram 1	1	12.412135433	12.413133166	1403.200	5853.300	3703.711	3875.977
26	Spectrogram 1	1	12.413133166	12.414130898	1403.200	5853.300	3703.711	3875.977
27	Spectrogram 1	1	12.414130898	12.415128631	1403.200	5853.300	3531.445	2670.117
28	Spectrogram 1	1	12.415128631	12.416126363	1403.200	5853.300	3531.445	2670.117
29	Spectrogram 1	1	12.416126363	12.417124095	1403.200	5853.300	3531.445	2670.117
30	Spectrogram 1	1	12.417124095	12.418121828	1403.200	5853.300	3531.445	2670.117
31	Spectrogram 1	1	12.418121828	12.419119560	1403.200	5853.300	3531.445	2670.117
32	Spectrogram 1	1	12.419119560	12.420117293	1403.200	5853.300	3531.445	2670.117
33	Spectrogram 1	1	12.420117293	12.421115025	1403.200	5853.300	2670.117	2583.984
34	Spectrogram 1	1	12.421115025	12.422112757	1403.200	5853.300	2670.117	2583.984
35	Spectrogram 1	1	12.422112757	12.423110490	1403.200	5853.300	2670.117	2583.984
36	Spectrogram 1	1	12.423110490	12.424108222	1403.200	5853.300	2670.117	2583.984
37	Spectrogram 1	1	12.424108222	12.425105955	1403.200	5853.300	2670.117	2583.984
38	Spectrogram 1	1	12.425105955	12.426103687	1403.200	5853.300	2670.117	2670.117
39	Spectrogram 1	1	12.426103687	12.427101420	1403.200	5853.300	2670.117	2670.117
40	Spectrogram 1	1	12.427101420	12.428099152	1403.200	5853.300	2670.117	2670.117
41	Spectrogram 1	1	12.428099152	12.429096884	1403.200	5853.300	2670.117	2670.117
42	Spectrogram 1	1	12.429096884	12.430094617	1403.200	5853.300	2670.117	2670.117
43	Spectrogram 1	1	12.430094617	12.431092349	1403.200	5853.300	2670.117	2670.117
44	Spectrogram 1	1	12.431092349	12.432090082	1403.200	5853.300	2670.117	2670.117
45	Spectrogram 1	1	12.432090082	12.433087814	1403.200	5853.300	2670.117	2670.117
46	Spectrogram 1	1	12.433087814	12.434085547	1403.200	5853.300	2670.117	2670.117
47	Spectrogram 1	1	12.434085547	12.435083279	1403.200	5853.300	2670.117	2670.117
48	Spectrogram 1	1	12.435083279	12.436081011	1403.200	5853.300	2670.117	2670.117
49	Spectrogram 1	1	12.436081011	12.437078744	1403.200	5853.300	2670.117	2670.117
50	Spectrogram 1	1	12.437078744	12.438076476	1403.200	5853.300	2670.117	2583.984
51	Spectrogram 1	1	12.438076476	12.439074209	1403.200	5853.300	2670.117	2583.984
52	Spectrogram 1	1	12.439074209	12.440071941	1403.200	5853.300	2670.117	2583.984
53	Spectrogram 1	1	12.440071941	12.441069674	1403.200	5853.300	2670.117	2583.984
54	Spectrogram 1	1	12.441069674	12.442067406	1403.200	5853.300	2670.117	2583.984
55	Spectrogram 1	1	12.442067406	12.443065138	1403.200	5853.300	2670.117	2583.984
56	Spectrogram 1	1	12.443065138	12.444062871	1403.200	5853.300	2583.984	2583.984
57	Spectrogram 1	1	12.444062871	12.445060603	1403.200	5853.300	2583.984	2583.984
58	Spectrogram 1	1	12.445060603	12.446058336	1403.200	5853.300	2583.984	2583.984
59	Spectrogram 1	1	12.446058336	12.447056068	1403.200	5853.300	2583.984	2583.984
60	Spectrogram 1	1	12.447056068	12.448053801	1403.200	5853.300	2583.984	2583.984
61	Spectrogram 1	1	12.448053801	12.449051533	1403.200	5853.300	2583.984	2583.984
62	Spectrogram 1	1	12.449051533	12.450049265	1403.200	5853.300	2583.984	2497.852
63	Spectrogram 1	1	12.450049265	12.451046998	1403.200	5853.300	2583.984	2497.852
64	Spectrogram 1	1	12.451046998	12.452044730	1403.200	5853.300	2583.984	2497.852
65	Spectrogram 1	1	12.452044730	12.453042463	1403.200	5853.300	2583.984	2497.852
66	Spectrogram 1	1	12.453042463	12.454040195	1403.200	5853.300	2583.984	2497.852
67	Spectrogram 1	1	12.454040195	12.455037928	1403.200	5853.300	2583.984	2497.852
68	Spectrogram 1	1	12.455037928	12.456035660	1403.200	5853.300	2670.117	2583.984
69	Spectrogram 1	1	12.456035660	12.457033392	1403.200	5853.300	2670.117	2583.984
70	Spectrogram 1	1	12.457033392	12.458031125	1403.200	5853.300	2670.117	2583.984
71	Spectrogram 1	1	12.458031125	12.459028857	1403.200	5853.300	2670.117	2583.984
72	Spectrogram 1	1	12.459028857	12.460026590	1403.200	5853.300	2670.117	2583.984
73	Spectrogram 1	1	12.460026590	12.461024322	1403.200	5853.300	2583.984	2583.984
74	Spectrogram 1	1	12.461024322	12.462022055	1403.200	5853.300	2583.984	2583.984
75	Spectrogram 1	1	12.462022055	12.463019787	1403.200	5853.300	2583.984	2583.984
76	Spectrogram 1	1	12.463019787	12.464017519	1403.200	5853.300	2583.984	2583.984
77	Spectrogram 1	1	12.464017519	12.465015252	1403.200	5853.300	2583.984	2583.984
78	Spectrogram 1	1	12.465015252	12.466012984	1403.200	5853.300	2583.984	2583.984
79	Spectrogram 1	1	12.466012984	12.467010717	1403.200	5853.300	2670.117	2670.117
80	Spectrogram 1	1	12.467010717	12.468008449	1403.200	5853.300	2670.117	2670.117
81	Spectrogram 1	1	12.468008449	12.469006182	1403.200	5853.300	2670.117	2670.117
82	Spectrogram 1	1	12.469006182	12.470003914	1403.200	5853.300	2670.117	2670.117
83	Spectrogram 1	1	12.470003914	12.471001646	1403.200	5853.300	2670.117	2670.117
84	Spectrogram 1	1	12.471001646	12.471999379	1403.200	5853.300	2670.117	2670.117
85	Spectrogram 1	1	12.471999379	12.472997111	1403.200	5853.300	2842.383	2842.383
86	Spectrogram 1	1	12.472997111	12.473994844	1403.200	5853.300	2842.383	2842.383
87	Spectrogram 1	1	12.473994844	12.474992576	1403.200	5853.300	2842.383	2842.383
88	Spectrogram 1	1	12.474992576	12.475990309	1403.200	5853.300	2842.383	2842.383
89	Spectrogram 1	1	12.475990309	12.476988041	1403.200	5853.300	2842.383	2842.383
90	Spectrogram 1	1	12.476988041	12.477985773	1403.200	5853.300	2842.383	2842.383
91	Spectrogram 1	1	12.477985773	12.478983506	1403.200	5853.300	3014.648	3014.648
92	Spectrogram 1	1	12.478983506	12.479981238	1403.200	5853.300	3014.648	3014.648
93	Spectrogram 1	1	12.479981238	12.480978971	1403.200	5853.300	3014.648	3014.648
94	Spectrogram 1	1	12.480978971	12.481976703	1403.200	5853.300	3014.648	3014.648
95	Spectrogram 1	1	12.481976703	12.482974435	1403.200	5853.300	3014.648	3014.648
96	Spectrogram 1	1	12.482974435	12.483972168	1403.200	5853.300	3014.648	3014.648
97	Spectrogram 1	1	12.483972168	12.484969900	1403.200	5853.300	3186.914	3186.914
98	Spectrogram 1	1	12.484969900	12.485967633	1403.200	5853.300	3186.914	3186.914
99	Spectrogram 1	1	12.485967633	12.486965365	1403.200	5853.300	3186.914	3186.914
100	Spectrogram 1	1	12.486965365	12.487963098	1403.200	5853.300	3186.914	3186.914
101	Spectrogram 1	1	12.487963098	12.488960830	1403.200	5853.300	3186.914	3186.914
102	Spectrogram 1	1	12.488960830	12.489958562	1403.200	5853.300	3445.312	3445.312
103	Spectrogram 1	1	12.489958562	12.490956295	1403.200	5853.300	3445.312	3445.312
104	Spectrogram 1	1	12.490956295	12.491954027	1403.200	5853.300	3445.312	3445.312
105	Spectrogram 1	1	12.491954027	12.492951760	1403.200	5853.300	3445.312	3445.312
106	Spectrogram 1	1	12.492951760	12.493949492	1403.200	5853.300	3445.312	3445.312
107	Spectrogram 1	1	12.493949492	12.494947225	1403.200	5853.300	3445.312	3445.312
108	Spectrogram 1	1	12.494947225	12.495944957	1403.200	5853.300	3617.578	3617.578
109	Spectrogram 1	1	12.495944957	12.496942689	1403.200	5853.300	3617.578	3617.578
110	Spectrogram 1	1	12.496942689	12.497940422	1403.200	5853.300	3617.578	3617.578
111	Spectrogram 1	1	12.497940422	12.498938154	1403.200	5853.300	3617.578	3617.578
112	Spectrogram 1	1	12.498938154	12.499935887	1403.200	5853.300	3617.578	3617.578
113	Spectrogram 1	1	12.499935887	12.500933619	1403.200	5853.300	3617.578	3617.578
114	Spectrogram 1	1	12.500933619	12.501931352	1403.200	5853.300	3703.711	3703.711
115	Spectrogram 1	1	12.501931352	12.502929084	1403.200	5853.300	3703.711	3703.711
116	Spectrogram 1	1	12.502929084	12.503926816	1403.200	5853.300	3703.711	3703.711
117	Spectrogram 1	1	12.503926816	12.504924549	1403.200	5853.300	3703.711	3703.711
118	Spectrogram 1	1	12.504924549	12.505922281	1403.200	5853.300	3703.711	3703.711
119	Spectrogram 1	1	12.505922281	12.506920014	1403.200	5853.300	3703.711	3703.711
120	Spectrogram 1	1	12.506920014	12.507917746	1403.200	5853.300	3789.844	3789.844
121	Spectrogram 1	1	12.507917746	12.508915479	1403.200	5853.300	3789.844	3789.844
122	Spectrogram 1	1	12.508915479	12.509913211	1403.200	5853.300	3789.844	3789.844
123	Spectrogram 1	1	12.509913211	12.510910943	1403.200	5853.300	3789.844	3789.844
124	Spectrogram 1	1	12.510910943	12.511908676	1403.200	5853.300	3789.844	3789.844
125	Spectrogram 1	1	12.511908676	12.512906408	1403.200	5853.300	3789.844	3789.844
126	Spectrogram 1	1	12.512906408	12.513904141	1403.200	5853.300	3875.977	3875.977
127	Spectrogram 1	1	12.513904141	12.514901873	1403.200	5853.300	3875.977	3875.977
128	Spectrogram 1	1	12.514901873	12.515899606	1403.200	5853.300	3875.977	3875.977
129	Spectrogram 1	1	12.515899606	12.516897338	1403.200	5853.300	3875.977	3875.977
130	Spectrogram 1	1	12.516897338	12.517895070	1403.200	5853.300	3875.977	3875.977
131	Spectrogram 1	1	12.517895070	12.518892803	1403.200	5853.300	3875.977	3875.977
132	Spectrogram 1	1	12.518892803	12.519890535	1403.200	5853.300	3875.977	3875.977
133	Spectrogram 1	1	12.519890535	12.520888268	1403.200	5853.300	3875.977	3875.977
134	Spectrogram 1	1	12.520888268	12.521886000	1403.200	5853.300	3875.977	3875.977
135	Spectrogram 1	1	12.521886000	12.522883733	1403.200	5853.300	3875.977	3875.977
136	Spectrogram 1	1	12.522883733	12.523881465	1403.200	5853.300	3875.977	3875.977
137	Spectrogram 1	1	12.523881465	12.524879197	1403.200	5853.300	3962.109	3962.109
138	Spectrogram 1	1	12.524879197	12.525876930	1403.200	5853.300	3962.109	3962.109
139	Spectrogram 1	1	12.525876930	12.526874662	1403.200	5853.300	3962.109	3962.109
140	Spectrogram 1	1	12.526874662	12.527872395	1403.200	5853.300	3962.109	3962.109
141	Spectrogram 1	1	12.527872395	12.528870127	1403.200	5853.300	3962.109	3962.109
142	Spectrogram 1	1	12.528870127	12.529867860	1403.200	5853.300	3962.109	3962.109
143	Spectrogram 1	1	12.529867860	12.530865592	1403.200	5853.300	4048.242	4048.242
144	Spectrogram 1	1	12.530865592	12.531863324	1403.200	5853.300	4048.242	4048.242
145	Spectrogram 1	1	12.531863324	12.532861057	1403.200	5853.300	4048.242	4048.242
146	Spectrogram 1	1	12.532861057	12.533858789	1403.200	5853.300	4048.242	4048.242
147	Spectrogram 1	1	12.533858789	12.534856522	1403.200	5853.300	4048.242	4048.242
148	Spectrogram 1	1	12.534856522	12.535854254	1403.200	5853.300	4048.242	4048.242
149	Spectrogram 1	1	12.535854254	12.536851987	1403.200	5853.300	3962.109	3962.109
150	Spectrogram 1	1	12.536851987	12.537849719	1403.200	5853.300	3962.109	3962.109
151	Spectrogram 1	1	12.537849719	12.538847451	1403.200	5853.300	3962.109	3962.109
152	Spectrogram 1	1	12.538847451	12.539845184	1403.200	5853.300	3962.109	3962.109
153	Spectrogram 1	1	12.539845184	12.540842916	1403.200	5853.300	3962.109	3962.109
154	Spectrogram 1	1	12.540842916	12.541840649	1403.200	5853.300	3962.109	3962.109
155	Spectrogram 1	1	12.541840649	12.542838381	1403.200	5853.300	3789.844	3789.844
156	Spectrogram 1	1	12.542838381	12.543836114	1403.200	5853.300	3789.844	3789.844
157	Spectrogram 1	1	12.543836114	12.544833846	1403.200	5853.300	3789.844	3789.844
158	Spectrogram 1	1	12.544833846	12.545831578	1403.200	5853.300	3789.844	3789.844
159	Spectrogram 1	1	12.545831578	12.546829311	1403.200	5853.300	3789.844	3789.844
160	Spectrogram 1	1	12.546829311	12.547827043	1403.200	5853.300	3789.844	3789.844
161	Spectrogram 1	1	12.547827043	12.548824776	1403.200	5853.300	3617.578	3617.578
162	Spectrogram 1	1	12.548824776	12.549822508	1403.200	5853.300	3617.578	3617.578
163	Spectrogram 1	1	12.549822508	12.550820240	1403.200	5853.300	3617.578	3617.578
164	Spectrogram 1	1	12.550820240	12.551817973	1403.200	5853.300	3617.578	3617.578
165	Spectrogram 1	1	12.551817973	12.552815705	1403.200	5853.300	3617.578	3617.578
166	Spectrogram 1	1	12.552815705	12.553813438	1403.200	5853.300	3445.312	3445.312
167	Spectrogram 1	1	12.553813438	12.554811170	1403.200	5853.300	3445.312	3445.312
168	Spectrogram 1	1	12.554811170	12.555808903	1403.200	5853.300	3445.312	3445.312
169	Spectrogram 1	1	12.555808903	12.556806635	1403.200	5853.300	3445.312	3445.312
170	Spectrogram 1	1	12.556806635	12.557804367	1403.200	5853.300	3445.312	3445.312
171	Spectrogram 1	1	12.557804367	12.558802100	1403.200	5853.300	3445.312	3445.312
172	Spectrogram 1	1	12.558802100	12.559799832	1403.200	5853.300	3962.109	3962.109
173	Spectrogram 1	1	12.559799832	12.560797565	1403.200	5853.300	3962.109	3962.109
174	Spectrogram 1	1	12.560797565	12.561795297	1403.200	5853.300	3962.109	3962.109
175	Spectrogram 1	1	12.561795297	12.562793030	1403.200	5853.300	3962.109	3962.109
176	Spectrogram 1	1	12.562793030	12.563790762	1403.200	5853.300	3962.109	3962.109
177	Spectrogram 1	1	12.563790762	12.564788494	1403.200	5853.300	3962.109	3962.109
178	Spectrogram 1	1	12.564788494	12.565786227	1403.200	5853.300	5512.500	5512.500
179	Spectrogram 1	1	12.565786227	12.566783959	1403.200	5853.300	5512.500	5512.500
180	Spectrogram 1	1	12.566783959	12.567781692	1403.200	5853.300	5512.500	5512.500
181	Spectrogram 1	1	12.567781692	12.568779424	1403.200	5853.300	5512.500	5512.500
182	Spectrogram 1	1	12.568779424	12.569777157	1403.200	5853.300	5512.500	5512.500
183	Spectrogram 1	1	12.569777157	12.570774889	1403.200	5853.300	5512.500	5512.500
184	Spectrogram 1	1	12.570774889	12.571772621	1403.200	5853.300	4995.703	4995.703
185	Spectrogram 1	1	12.571772621	12.572770354	1403.200	5853.300	4995.703	4995.703
186	Spectrogram 1	1	12.572770354	12.573768086	1403.200	5853.300	4995.703	4995.703
187	Spectrogram 1	1	12.573768086	12.574765819	1403.200	5853.300	4995.703	4995.703
188	Spectrogram 1	1	12.574765819	12.575763551	1403.200	5853.300	4995.703	4995.703
189	Spectrogram 1	1	12.575763551	12.576761284	1403.200	5853.300	4995.703	4995.703
190	Spectrogram 1	1	12.576761284	12.577759016	1403.200	5853.300	4651.172	4651.172
191	Spectrogram 1	1	12.577759016	12.578756748	1403.200	5853.300	4651.172	4651.172
192	Spectrogram 1	1	12.578756748	12.579754481	1403.200	5853.300	4651.172	4651.172
193	Spectrogram 1	1	12.579754481	12.580752213	1403.200	5853.300	4651.172	4651.172
194	Spectrogram 1	1	12.580752213	12.581749946	1403.200	5853.300	4651.172	4651.172
195	Spectrogram 1	1	12.581749946	12.582747678	1403.200	5853.300	4651.172	4651.172
196	Spectrogram 1	1	12.582747678	12.583745411	1403.200	5853.300	4392.773	4392.773
197	Spectrogram 1	1	12.583745411	12.584743143	1403.200	5853.300	4392.773	4392.773
198	Spectrogram 1	1	12.584743143	12.585740875	1403.200	5853.300	4392.773	4392.773
199	Spectrogram 1	1	12.585740875	12.586738608	1403.200	5853.300	4392.773	4392.773
200	Spectrogram 1	1	12.586738608	12.587736340	1403.200	5853.300	4392.773	4392.773
201	Spectrogram 1	1	12.587736340	12.588734073	1403.200	5853.300	4134.375	4134.375
202	Spectrogram 1	1	12.588734073	12.589731805	1403.200	5853.300	4134.375	4134.375
203	Spectrogram 1	1	12.589731805	12.590729538	1403.200	5853.300	4134.375	4134.375
204	Spectrogram 1	1	12.590729538	12.591727270	1403.200	5853.300	4134.375	4134.375
205	Spectrogram 1	1	12.591727270	12.592725002	1403.200	5853.300	4134.375	4134.375
206	Spectrogram 1	1	12.592725002	12.593722735	1403.200	5853.300	4134.375	4134.375
207	Spectrogram 1	1	12.593722735	12.594720467	1403.200	5853.300	3789.844	3789.844
208	Spectrogram 1	1	12.594720467	12.595718200	1403.200	5853.300	3789.844	3789.844
209	Spectrogram 1	1	12.595718200	12.596715932	1403.200	5853.300	3789.844	3789.844
210	Spectrogram 1	1	12.596715932	12.597713665	1403.200	5853.300	3789.844	3789.844
211	Spectrogram 1	1	12.597713665	12.598711397	1403.200	5853.300	3789.844	3789.844
212	Spectrogram 1	1	12.598711397	12.599709129	1403.200	5853.300	3789.844	3789.844
213	Spectrogram 1	1	12.599709129	12.600706862	1403.200	5853.300	3531.445	3531.445
214	Spectrogram 1	1	12.600706862	12.601704594	1403.200	5853.300	3531.445	3531.445
215	Spectrogram 1	1	12.601704594	12.602702327	1403.200	5853.300	3531.445	3531.445
216	Spectrogram 1	1	12.602702327	12.603700059	1403.200	5853.300	3531.445	3531.445
217	Spectrogram 1	1	12.603700059	12.604697792	1403.200	5853.300	3531.445	3531.445
218	Spectrogram 1	1	12.604697792	12.605695524	1403.200	5853.300	3531.445	3531.445
219	Spectrogram 1	1	12.605695524	12.606693256	1403.200	5853.300	3531.445	3531.445
220	Spectrogram 1	1	12.606693256	12.607690989	1403.200	5853.300	3531.445	3531.445
221	Spectrogram 1	1	12.607690989	12.608688721	1403.200	5853.300	3531.445	3531.445
222	Spectrogram 1	1	12.608688721	12.609686454	1403.200	5853.300	3531.445	3531.445
223	Spectrogram 1	1	12.609686454	12.610684186	1403.200	5853.300	3531.445	3531.445
224	Spectrogram 1	1	12.610684186	12.611600000	1403.200	5853.300	3531.445	3531.445
